-0.8090169943749473;0.5877852522924732
-0.8148390274060362;0.5796548295513068
-0.8205489244952648;0.5714445882451883
-0.8261458451642197;0.563155693610164
-0.8316289971507266;0.5547892506307814
-0.8369975819575732;0.5463463787599148
-0.8422508012782095;0.537828202762317
-0.8473878588027243;0.5292358507878017
-0.8524079602091663;0.5205704540899091
-0.8573103129556064;0.5118331476549876
-0.8620941258179976;0.5030250706538464
-0.8667586097640313;0.49414736638548334
-0.8713029762068414;0.48520118254682504
-0.87572643825328;0.4761876710693717
-0.8800282099681038;0.46710798937626985
-0.8842075065407583;0.4579632998499312
-0.8882635441169981;0.4487547703062667
-0.8921955394873425;0.4394835747751402
-0.8960027103779329;0.4301508928559019
-0.8996842747658452;0.4207579118044173
-0.9032394515829779;0.41130582423228607
-0.9066674603533847;0.40179582920859774
-0.9099675210289332;0.3922291327214152
-0.9131388538529585;0.38260694871982287
-0.9161806792206147;0.37293050047161064
-0.9190922175708531;0.36320101889840756
-0.9218726892484435;0.3534197437737328
-0.9245213143738158;0.3435879241736605
-0.9270373137344959;0.3337068177206812
-0.9294199091067777;0.32377769047910143
-0.9316683213831294;0.31380181935964546
-0.9337817713224268;0.30378049152478426
-0.9357594794940199;0.2937150047181359
-0.937600666814255;0.2836066679394109
-0.939304554338968;0.27345680169783354
-0.9408703626943261;0.2632667380606688
-0.9422973123379734;0.25303782117215573
-0.9435846235420653;0.24277140762374524
-0.9447315171235803;0.23246886764413047
-0.9457372139236824;0.22213158491693752
-0.9466009345051533;0.21176095663764827
-0.9473218993914242;0.20135839416467696
-0.9478993291213739;0.1909253234679147
-0.948332445185389;0.180463186537537
-0.9486204691739077;0.1699734408450513
-0.9487626227369959;0.1594575596880811
-0.9487581278156436;0.14891703283123212
-0.9486062068154885;0.138353367073558
-0.9483060837560271;0.12776808780493168
-0.9478569830453102;0.11716273815524202
-0.9472581297275136;0.1065388796367238
-0.9465087497162702;0.0958980927718528
-0.9456080701642633;0.08524197783704748
-0.9445553207739034;0.07457215648894869
-0.9433497321899941;0.06389027065409747
-0.9419905365710725;0.05319798346184185
-0.9404769678294546;0.04249697986654496
-0.9388082623155569;0.03178896763656676
-0.936983660152174;0.021075678894646167
-0.9350024033095338;0.010358868893269028
-0.9328637365173641;-0.0003596828031382903
-0.9305669075199327;-0.011078171693416062
-0.9281111682596825;-0.0217947670234827
-0.9254957759731192;-0.032507610536083004
-0.9227199911209292;-0.04321481759935677
-0.9197830786177733;-0.05391447585596797
-0.9166843081216451;-0.06460464457889316
-0.9134229556607223;-0.07528335315128021
-0.9099983043342833;-0.08594860015421672
-0.9064096429780726;-0.09659835379091365
-0.9026562673385443;-0.10723055066440648
-0.8987374812004177;-0.1178430947396634
-0.8946525967085586;-0.1284338566620766
-0.8904009342768165;-0.13900067325863827
-0.8859818233711996;-0.14954134665097019
-0.8813946046681052;-0.1600536426856458
-0.8766386298395451;-0.17053529052071356
-0.8717132613860776;-0.18098398218897604
-0.8666178737978836;-0.19139737152434896
-0.8613518561231266;-0.20177307263263386
-0.8559146113532023;-0.2121086595258073
-0.8503055567179814;-0.22240166542368175
-0.8445241250204488;-0.23264958168970168
-0.838569767807785;-0.24284985626563166
-0.8324419542009165;-0.25299989336555523
-0.8261401716769681;-0.2630970526034128
-0.8196639277079545;-0.2731386479048476
-0.8130127535676414;-0.28312194602030316
-0.8061862025300979;-0.29304416615935025
-0.7991838512424703;-0.30290247899041456
-0.7920053016611595;-0.312694005571136
-0.7846501850938121;-0.3224158160637618
-0.7771181609169372;-0.33206492906638496
-0.7694089185064675;-0.3416383105922114
-0.7615221801415796;-0.3511328731689344
-0.7534577016768581;-0.36054547479954685
-0.7452152740615549;-0.36987291798900357
-0.7367947272893263;-0.3791119488839191
-0.7281959313766826;-0.38825925627947916
-0.7194187973483399;-0.39731147062692757
-0.7104632813122028;-0.4062651633923128
-0.701329386813961;-0.4151168461881709
-0.6920171653000331;-0.4238629695884404
-0.6825267202135593;-0.4324999226612681
-0.6728582109343235;-0.4410240325202063
-0.6630118525865694;-0.4494315628368261
-0.6529879202355109;-0.45771871354954075
-0.6427867542091411;-0.465881621067437
-0.6324087597451596;-0.47391635644927904
-0.6218544110741823;-0.48181892522677516
-0.6111242578414232;-0.4895852684159498
-0.6002189252242159;-0.49721126055541337
-0.5891391176174195;-0.504692709459327
-0.5778856254020817;-0.5120253578340218
-0.5664593272118708;-0.5192048822203932
-0.5548611935082928;-0.5262268928517628
-0.5430922921000128;-0.5330869350076746
-0.5311537909382594;-0.5397804879670087
-0.5190469641438256;-0.5463029669096318
-0.5067731968381383;-0.5526497237370734
-0.4943339883576716;-0.5588160465003902
-0.4817309594961256;-0.5647971630551266
-0.46896585601013485;-0.5705882404282543
-0.45604055407127514;-0.5761843867076089
-0.4429570672362093;-0.5815806550466335
-0.4297175498154479;-0.5867720425211869
-0.41632430406179693;-0.5917534951220973
-0.4027797860801323;-0.5965199105651102
-0.3890866102623106;-0.6010661385181856
-0.37524755724536907;-0.6053869884783245
-0.36126557885362304;-0.609477230389219
-0.34714380440322684;-0.6133315990595465
-0.33288554699920436;-0.6169448006620223
-0.3184943104169188;-0.6203115169748621
-0.30397379535736474;-0.6234264111266046
-0.289327903900077;-0.6262841322780931
-0.27456074792561375;-0.6288793236411991
-0.2596766548140727;-0.631206629251444
-0.2446801723506438;-0.6332607015826466
-0.22957607625683926;-0.635036209411711
-0.21436937545721524;-0.6365278467946232
-0.19906531668183652;-0.6377303431789955
-0.18366939144663463;-0.6386384722928093
-0.16818734030195004;-0.6392470632384443
-0.15262515651895076;-0.6395510122428008
-0.13698909238699736;-0.6395452937236342
-0.12128566179144049;-0.6392249732759558
-0.10552164261957334;-0.638585221147877
-0.08970408181845366;-0.6376213255585396
-0.07384029564249904;-0.6363287074001877
-0.057937870434924536;-0.6347029353900668
-0.04200466567302554;-0.6327397417164387
-0.026048811268906607;-0.6304350380259401
-0.01007870627552498;-0.6277849322104612
0.005896980927814849;-0.6247857461494839
0.021869318835718306;-0.6214340323660198
0.03782911674267181;-0.617726592316341
0.05376692824717348;-0.6136604957183014
0.06967306086860722;-0.6092330974476584
0.08553758441052847;-0.6044420562467543
0.10135033958081534;-0.5992853539559878
0.11710094916684159;-0.5937613134563942
0.13277883053800654;-0.587868617902273
0.14837321122975805;-0.5816063268355569
0.16387314367947717;-0.5749738952977941
0.17926752260910334;-0.5679711896056355
0.19454510392035004;-0.5605985034610946
0.2096945248591561;-0.5528565740788924
0.2247043260066595;-0.5447465943771947
0.23956297445687386;-0.5362702283166678
0.25425888804517754;-0.5274296199498102
0.26878046164746966;-0.5182274052927914
0.2831160937564691;-0.5086667199048189
0.2972542144542469;-0.4987512050077652
0.3111833150398687;-0.4884850137562065
0.3248919761599638;-0.4778728115338656
0.3383689000709622;-0.4669197789322042
0.35160293916163277;-0.4556316081097796
0.36458312833156675;-0.4440144998817523
0.3772987153281834;-0.4320751573355645
0.3897391903427616;-0.41982077647007665
0.40189431858199715;-0.40725903627254484
0.4137541663524363;-0.3943980843960488
0.42530913329918085;-0.38124652208235943
0.43654997702973886;-0.36781338627787885
0.44746784090040775;-0.35410812936839436
0.4580542790435446;-0.34014059734569146
0.46830127736824734;-0.3259210062903489
0.4782012780629409;-0.31145991563702746
0.48774719523646964;-0.2967682028452997
0.4969324350554733;-0.2818570327596944
0.5057509087163757;-0.2667378297292021
0.5141970454438999;-0.25142224614599085
0.5222658033840287;-0.23592213044047225
0.5299526756791347;-0.22024949754019146
0.5372536974538131;-0.20441649327236994
0.5441654472932363;-0.18843536601542746
0.5506850482424497;-0.17231843142168965
0.5568101658022417;-0.1560780427632004
0.5625390034480018;-0.13972655969864478
0.5678702962217336;-0.12327631636982433
0.5728033027541428;-0.10673959519166445
0.5773377937009998;-0.09012859496948594
0.5814740410046716;-0.07345540720871996
0.5852128025754458;-0.05673198831864874
0.5885553077534207;-0.039970136336406975
0.5915032407944569;-0.02318146887586979
0.5940587216315849;-0.0063774007515852195
0.5962242894581989;0.01043087337443377
0.5980028801874345;0.027232398242191487
0.5993978087361551;0.044016472663955336
0.6004127464746658;0.060772664067146674
0.601051700513338;0.07749082091786508
0.6013189932788692;0.0941610831445271
0.6012192390201481;0.1107738913911791
0.6007573251038096;0.12731999460533872
0.5999383882377517;0.14379045559168485
0.598767795483721;0.16017665607025722
0.5972511228085964;0.1764702993631141
0.5953941348780768;0.192663412274204
0.5932027666081421;0.20874834620895294
0.5906831026695842;0.2247177756250791
0.5878413608529204;0.24056469781467976
0.5846838732198391;0.25628242903734827
0.58121707003989;0.2718646021266863
0.5774474635465748;0.28730516188850963
0.5733816324053181;0.30259835989568956
0.5690262077711382;0.3177387499743528
0.5643878590466079;0.3327211807069159
0.5594732814288335;0.3475407903685493
0.5542891836185809;0.3621929987500845
0.5488422765564767;0.37667350053615195
0.5431392629487652;0.3909782577248974
0.5371868275146481;0.40510349123574074
0.5309916277610452;0.41904567355090633
0.5245602859169671;0.4328015206672303
0.5178993811601534;0.4463679836496518
0.5110154423874339;0.45974223984601165
0.503914942252512;0.47292168585402933
0.4966042910904787;0.48590392832238954
0.48908983183985527;0.49868677620486784
0.4813778354449131;0.5112682329184197
0.4734744965373111;0.5236464879330597
0.4653859299063091;0.5358199093693922
0.45711816724607535;0.5477870361588426
0.4486771543587934;0.559546570525697
0.4400687487717895;0.571097370799201
0.43129871773842776;0.5824384440867683
0.42237273654880453;0.5935689394654401
0.4132963871862338;0.6044881412125911
0.40407515729441806;0.6151954621583781
0.3947144393666523;0.6256904374995162
0.3852195302825755;0.6359727185296159
0.37559563098090465;0.6460420668060417
0.3658478463405576;0.6558983485311912
0.35598118535229156;0.6655415289676538
0.3460005615057551;0.6749716669932276
0.33591079312086186;0.6841889101967535
0.3257166040016613;0.6931934898977103
0.31542262417825234;0.7019857167274451
0.30503339077571223;0.7105659758880429
0.2945533489934577;0.7189347228080039
0.2839868531245999;0.727092479240915
0.2733381677000913;0.7350398293245488
0.2626114687478142;0.7427774156169952
0.2518108450554003;0.7503059356022075
0.2409402994755679;0.7576261384864236
0.23000375034961065;0.7647388216931341
0.21900503292718979;0.7716448278146829
0.20794790079660994;0.7783450417087974
0.19683602738722794;0.7848403876601863
0.18567300748708465;0.7911318266924402
0.17446235874843494;0.7972203540465695
0.1632075232052842;0.803106996783047
0.15191186884576946;0.8087928114598688
0.1405786911469496;0.8142788819680427
0.12921121459519222;0.8195663174996713
0.11781259424898476;0.8246562505699142
0.10638591727424199;0.8295498351691372
0.09493420444870984;0.8342482450224186
0.0834604116781889;0.8387526719318257
0.07196743151064633;0.843064324203751
0.06045809460501935;0.847184425176946
0.048935171175762106;0.8511142118377781
0.03740137249075068;0.8548549334751399
0.02585935229766201;0.8584078504396123
0.014311708250290888;0.8617742329639896
0.00276098321155608;0.8649553600922492
-0.008790333433290061;0.8679525186612314
-0.020339804261558268;0.870767002256473
-0.031885042551648424;0.8734001103190346
-0.04342371097026684;0.8758531472803194
-0.05495352042736263;0.8781274217606663
-0.06647222879499898;0.8802242458064409
-0.07797763957843772;0.8821449341698523
-0.08946760076237839;0.8838908036459977
-0.10094000362830306;0.885463172449518
-0.11239278173363537;0.8868633596386534
-0.12382390970105168;0.8880926845700724
-0.1352314020814735;0.8891524663938318
-0.14661331230448668;0.8900440235874719
-0.15796773162750968;0.8907686735204172
-0.16929278819605606;0.8913277320203226
-0.18058664595695256;0.8917225130283567
-0.1918475036788457;0.8919543282544882
-0.20307359400320132;0.8920244868576608
-0.21426318251696053;0.8919342951508358
-0.225414566905191;0.8916850563043706
-0.23652607598354247;0.8912780701373031
-0.24759606884498772;0.8907146328887261
-0.2586229340147232;0.8899960370162385
-0.26960508863424315;0.8891235710083201
-0.2805409776881134;0.8880985192020248
-0.29142907316694233;0.8869221616696824
-0.30226787331536076;0.8855957740829415
-0.31305590188304677;0.8841206276030302
-0.3237917074088857;0.8824979887708978
-0.3344738625230589;0.8807291194120659
-0.34510096322282613;0.8788152766000618
-0.3556716282080957;0.8767577125897718
-0.3661844982210918;0.8745576747763313
-0.37663823541667385;0.8722164056491555
-0.3870315227351196;0.86973514277325
-0.39736306327895093;0.8671151187949522
-0.4076315797233525;0.8643575614364646
-0.41783581373550593;0.8614636935069386
-0.42797452542722714;0.8584347328897326
-0.4380464927878324;0.8552718925980114
-0.448050511139952;0.8519763808226136
-0.4579853926193925;0.8485494009692371
-0.4678499656616374;0.8449921517146224
-0.47764307450020976;0.8413058270716306
-0.4873635786901408;0.8374916164374313
-0.4970103527050756;0.8335507045326853
-0.5065822853778352;0.829484271663578
-0.5160782794716712;0.8252934937659969
-0.5254972512489677;0.8209795424815718
-0.5348381300418623;0.816543585256485
-0.5440998578329531;0.811986785447029
-0.5532813888638647;0.8073103023743208
-0.5623816892547081;0.8025152913810664
-0.5713997365718408;0.7976029040885649
-0.5803345194684395;0.7925742884568215
-0.589185037315886;0.7874305889077869
-0.5979502998433387;0.782172946455561
-0.6066293267861526;0.7768024988406519
-0.6152211475712251;0.7713203805770952
-0.6237248009670303;0.7657277231442879
-0.6321393347440312;0.7600256551757305
-0.6404638053685185;0.7542153025698628
-0.6486972776934972;0.7482977886394864
-0.656838824657185;0.742274234265244
-0.6648875269878872;0.7361457580454671
-0.6728424729086653;0.729913476394833
-0.6807027578666403;0.7235785037775242
-0.6884674842578952;0.717141952860669
-0.6961357611592035;0.710604934672721
-0.7037067040674675;0.7039685587744313
-0.7111794346454808;0.6972339334334132
-0.7185530804755161;0.6904021657829467
-0.7258267748202631;0.6834743619690777
-0.7329996563817993;0.6764516273956773
-0.740070869073838;0.6693350668845258
-0.7470395617978508;0.6621257848611884
-0.7539048882247366;0.6548248855457305
-0.7606660065820446;0.6474334731467228
-0.7673220794385218;0.6399526520341452
-0.7738722735042421;0.6323835269463541
-0.7803157594397878;0.6247272032117913
-0.7866517116598903;0.6169847869420056
-0.7928793081460576;0.6091573852398433
-0.7989977302641605;0.6012461064110419
-0.8050061625866886;0.5932520601772282
-0.8109037927171838;0.5851763578689962
-0.8166898111251002;0.5770201126723491
-0.8223634109822858;0.5687844398513446
-0.8279237880037168;0.5604704569705172
-0.8333701402933895;0.5520792841255765
-0.8387016681948244;0.543612044177792
-0.8439175741444982;0.535069862988541
-0.849017062526998;0.5264538696514722
-0.8539993395458239;0.5177651967531606
-0.8588636130891819;0.5090049806168057
-0.8636090926023007;0.5001743615545577
-0.8682349889644917;0.4912744841246359
-0.8727405143706634;0.4823064973927293
-0.8771248822172804;0.47327155518782177
-0.8813873069928267;0.46417081637341684
-0.8855270041727897;0.45500544513446417
-0.8895431901191364;0.4457766112491558
-0.8934350819843628;0.4364854903726247
-0.8972018976201455;0.42713326432560217
-0.9008428554906346;0.41772112138819023
-0.9043571745904438;0.40825025659888603
-0.9077440743691335;0.39872187204559983
-0.9110027746607092;0.3891371771606929
-0.9141324956112117;0.37949738907390534
-0.9171324576185169;0.36980373291541146
-0.9200018812751134;0.3600574421407183
-0.922739987315946;0.35025975886220206
-0.925345996571502;0.3404119341867877
-0.9278191299262429;0.3305152285599237
-0.9301586082890934;0.3205709121147116
-0.9323636525847375;0.31058026502463093
-0.9344334836935828;0.300544577874497
-0.9363673224459881;0.2904651520287319
-0.9381643896129946;0.28034330000871494
-0.9398239059012975;0.27018034587788964
-0.9413450919546827;0.2599776256343928
-0.9427271683620956;0.24973648761141753
-0.9439693556783486;0.23945829288406523
-0.9450708744940004;0.22914441567396726
-0.9460309454050787;0.2187962437886001
-0.946848789062369;0.2084151790514093
-0.9475236262267571;0.1980026377410779
-0.9480546778247018;0.1875600510416472
-0.9484411650121691;0.17708886550173084
-0.9486823092472875;0.16659054350302613
-0.9487773323754133;0.15606656373832228
-0.9487254568064417;0.14551842169826046
-0.948525905536852;0.134947630170064
-0.9481779022508993;0.12435571974564086
-0.9476806714718818;0.11374423933967322
-0.9470334386996545;0.10311475671868567
-0.9462354305597508;0.09246885904104823
-0.9452858749645022;0.08180815340814622
-0.9441840012869223;0.07113426742691398
-0.9429290406586344;0.0604488497620872
-0.9415202261207009;0.04975357073204689
-0.9399567927565025;0.0390501229230876
-0.9382379779862071;0.028340221787053064
-0.9363630218188298;0.01762560626294134
-0.9343311671206408;0.006908039411258327
-0.9321416599004944;-0.003810690938639576
-0.9297937496126696;-0.014528771527936066
-0.9272866895878846;-0.025244363027627684
-0.9246197374283248;-0.03595559936740615
-0.9217921551479779;-0.04666058696733857
-0.9188032096744577;-0.05735740405883669
-0.9156521732649947;-0.06804409995871916
-0.9123383239441514;-0.07871869432852019
-0.9088609459656801;-0.08937917641928475
-0.9052193302993766;-0.10002350430163001
-0.9014127752416036;-0.11064960413036357
-0.8974405871651736;-0.12125536945093685
-0.893302080693976;-0.13183866018493767
-0.8889965794691015;-0.14239730188509025
-0.8845234168101256;-0.1529290849061944
-0.8798819363950418;-0.16343176355385822
-0.8750714929748298;-0.1739030552183607
-0.8700914531239032;-0.1843406394935334
-0.8649411960973381;-0.19474215733423816
-0.8596201150378437;-0.20510521043881705
-0.8541276173151111;-0.2154273599159669
-0.8484631255903679;-0.22570612546401045
-0.8426260788440181;-0.23593898447325531
-0.8366159334009011;-0.24612337107691296
-0.8304321640050563;-0.256256675189379
-0.8240742649457709;-0.266336241532029
-0.8175417512626957;-0.27635936867673155
-0.810834160379148;-0.28632330850969917
-0.803951053046275;-0.2962252648187732
-0.7968920147205616;-0.30606239230293714
-0.7896566571054502;-0.3158317956899097
-0.7822446196821965;-0.3255305287570584
-0.7746555713145775;-0.3351555933515174
-0.766889211877259;-0.34470393842877434
-0.7589452738721244;-0.35417245912414813
-0.7508235244835346;-0.36355799570605757
-0.742523767412738;-0.37285733263798726
-0.7340458448645224;-0.3820671976247051
-0.7253896396318454;-0.39118426066377837
-0.716555077272329;-0.40020513310743877
-0.7075421286549707;-0.4091263672807124
-0.6983508123071142;-0.41794445552466786
-0.6889811966433452;-0.42665582882178904
-0.6794334027365071;-0.4352568563039409
-0.6697076070515662;-0.4437438444932839
-0.6598040442986984;-0.45211303658056323
-0.6497230103933991;-0.46036061181709337
-0.6394648653615251;-0.468482685763557
-0.6290300367617406;-0.47647530887464656
-0.6184190230296629;-0.4843344660907241
-0.6076323969310322;-0.4920560766282426
-0.5966708091925788;-0.4996359936885964
-0.5855349922788503;-0.5070700042517219
-0.574225764158911;-0.5143538293038666
-0.5627440320333253;-0.5214831245787995
-0.5510907971302669;-0.528453479458236
-0.5392671588439567;-0.535260417740034
-0.5272743192271979;-0.5418993981281722
-0.5151135876662517;-0.548365814829187
-0.5027863857210775;-0.5546549983084798
-0.4902942515177253;-0.5607622173047724
-0.47763884492713193;-0.56668267994289
-0.464821953283465;-0.5724115343976812
-0.45184549649243416;-0.5779438711543453
-0.4387115325508271;-0.58327472508209
-0.42542226309136594;-0.5883990774695056
-0.41198003888594176;-0.5933118578637351
-0.39838736617199144;-0.5980079480564321
-0.3846469125450671;-0.6024821848686444
-0.3707615131067184;-0.6067293636089784
-0.35673417663310136;-0.6107442420425606
-0.3425680905453051;-0.6145215461478225
-0.3282666284436391;-0.6180559736247692
-0.3138333564681694;-0.6213421991917865
-0.2992720394913342;-0.6243748806019247
-0.28458664756103524;-0.6271486649398605
-0.26978136132545727;-0.6296581949936128
-0.2548605780080571;-0.6318981164438177
-0.23982891827163944;-0.6338630860601601
-0.2246912316082509;-0.6355477798773598
-0.2094526024118967;-0.6369469022343331
-0.19411835615464457;-0.6380551954912292
-0.17869406379300748;-0.6388674500976225
-0.1631855472713252;-0.6393785155880946
-0.14759888392078852;-0.6395833120441495
-0.1319404089549403;-0.6394768417389398
-0.1162167207473323;-0.639054202588204
-0.10043468343921265;-0.6383106015810892
-0.08460142985274605;-0.6372413680463593
-0.06872436335181029;-0.6358419685121242
-0.05281115885194638;-0.6341080225754414
-0.03686976311082717;-0.6320353184911508
-0.0209083925975364;-0.6296198288938569
-0.0049355335014883255;-0.6268577287455743
0.011040061240676802;-0.6237454128526448
0.027009375819297625;-0.6202795120029788
0.04296313640910428;-0.6164569113963957
0.05889181720273984;-0.6122747703438642
0.07478564791299425;-0.6077305401537314
0.09063462298075486;-0.6028219809207096
0.1064285114879247;-0.5975471823546924
0.12215686905801199;-0.5919045822232012
0.13780905052457873;-0.5858929825333635
0.15337422479543228;-0.5795115676948243
0.1688413917444935;-0.572759923618932
0.1841993997481925;-0.5656380535570649
0.19943696341526673;-0.558146391333961
0.21454268645232638;-0.5502858191811155
0.22950508409914538;-0.5420576812864668
0.24431260459600532;-0.5334637946592138
0.25895365455944114;-0.5245064603778637
0.27341662756822493;-0.5151884745143749
0.28768993092792716;-0.5055131354339955
0.30176201066554514;-0.49548424865581986
0.31562138270435747;-0.48510613124865126
0.32925666286434674;-0.4743836141840273
0.3426565983776189;-0.4633220432742942
0.35581009828321275;-0.451927275646455
0.36870626251665173;-0.44020567479451467
0.38133441319455086;-0.4281641032447789
0.39368412600218217;-0.4158099130834591
0.40574525948026097;-0.4031509360915316
0.41750798456183114;-0.3901954679227016
0.42896281281855125;-0.37695225208048133
0.4401006234685796;-0.36343046176942645
0.45091268956011193;-0.34963967816473274
0.4613907017723745;-0.3355898691901066
0.4715267908640802;-0.3212913645304134
0.48131354832103845;-0.30675482871653725
0.4907440455055794;-0.291991235083653
0.4998118493351258;-0.27701183543796787
0.5085110365911247;-0.2618281304318059
0.516836206060914;-0.2464518395220062
0.5247824868786475;-0.23089486809097715
0.5323455465694622;-0.2151692764664588
0.539521595036526;-0.19928724752646554
0.546307385862869;-0.18326105416282476
0.5527002174875656;-0.16710302799928667
0.5586979289962576;-0.15082552757494586
0.5642988955570288;-0.13444090755957364
0.569502022287225;-0.11796148879822237
0.5743067334269831;-0.10139952953158661
0.5787129626762162;-0.08476719721024434
0.5827211400315311;-0.06807654217796064
0.586332176724947;-0.051339472873859926
0.5895474506361583;-0.03456773132118048
0.5923687882148224;-0.017772872033464074
0.5947984464909392;-0.0009662413742592864
0.5968390944674724;0.01584104183408746
0.5984937925372881;0.03263810200979281
0.5997659723820765;0.04941432316675059
0.6006594159962788;0.06615936211513734
0.6011782343401738;0.08286315966503302
0.6013268459393281;0.09951595201942975
0.6011099555915302;0.11610827826383224
0.6005325329804952;0.13263098757916605
0.5995997913634766;0.14907524539156042
0.5983171672394347;0.16543253640360295
0.5966902994988544;0.1816946680403621
0.5947250096951878;0.19785377171993726
0.592427283038238;0.21390230272916866
0.5898032489960522;0.22983303993188486
0.5868591638964588;0.24563908346699326
0.5836013934661701;0.2613138520003998
0.5800363957958241;0.27685107927082253
0.5761707062872085;0.29224480942705783
0.572010921956832;0.3074893920389879
0.5675636875118669;0.3225794763825413
0.5628356824867901;0.33751000519602203
0.5578336075768302;0.3522762079666282
0.5525641731683195;0.3668735939178019
0.5470340889001731;0.38129794472002193
0.541250052600753;0.39554530651876096
0.535218741025998;0.4096119822092042
0.528946801451967;0.4234945236345048
0.5224408429111199;0.43718972307825105
0.5157074289872278;0.4506946052474329
0.5087530713219882;0.46400641929630754
0.5015842230265272;0.47712263010442635
0.494207273245709;0.49004091032542924
0.4866285423010369;0.5027591325459555
0.47885427694904487;0.5152753608118577
0.470890646480395;0.5275878429449584
0.46274373928708024;0.5396950030098127
0.45441955968464215;0.5515954332578609
0.44592402528796216;0.5632878868959339
0.43726296476751964;0.5747712710179927
0.4284421159374866;0.5860446391495833
0.4194671241811231;0.5971071845481564
0.41034354118483735;0.6079582336743549
0.4010768240434901;0.6185972394021932
0.39167233452478667;0.629023774908807
0.3821353385871314;0.6392375277332986
0.37247100626475277;0.6492382936842418
0.3626844115949989;0.6590259713305471
0.352780532751962;0.6686005566580221
0.34276425252490855;0.6779621376644623
0.3326403587522577;0.6871108894431847
0.3224135449278769;0.6960470694237669
0.31208841114409813;0.7047710125934628
0.3016694648443025;0.7132831272057465
0.2911611217403708;0.7215838906138958
0.28056770699905065;0.7296738451355266
0.2698934566938499;0.7375535939451567
0.25914251860729287;0.7452237977175642
0.2483189536050684;0.7526851710197096
0.23742673723168786;0.7599384788491493
0.22646976099326505;0.7669845334731205
0.21545183363593606;0.7738241914355524
0.20437668268815926;0.7804583506193521
0.19324795621303878;0.7868879473791889
0.18206922400241057;0.7931139540233485
0.1708439791267969;0.7991373762929022
0.1595756396188088;0.804959250980238
0.14826755002593162;0.8105806436769165
0.136922982776646;0.8160026466412453
0.12554513977430937;0.8212263767715772
0.11413715411527525;0.8262529736960693
0.10270209144233775;0.8310835979456965
0.09124295145091013;0.8357194292303818
0.07976266946651867;0.8401616648250544
0.06826411800929783;0.8444115180476356
0.05675010812102644;0.8484702167699095
0.045223390859755366;0.8523390020513715
0.03368665884547145;0.8560191268867091
0.02214254760695925;0.8595118549542149
0.010593636949896934;0.862818459450477
-0.0009575476150545104;0.8659402220319921
-0.012508533434442526;0.8688784318415976
-0.024056899550648127;0.8716343844508502
-0.035600275367543566;0.8742093809710838
-0.047136339399475514;0.8766047271843642
-0.05866281779096067;0.8788217328877941
-0.0701774830245194;0.8808617111819332
-0.08167815306101459;0.8827259775446702
-0.0931626900186663;0.8844158492577411
-0.10462899903107556;0.8859326447768673
-0.11607502690549745;0.8872776833698864
-0.1274987611398914;0.8884522844541766
-0.13889822893241566;0.8894577670024636
-0.1502714960710984;0.8902954491285217
-0.1616166658933173;0.8909666476599102
-0.17293187807263935;0.8914726779559402
-0.18421530782712442;0.8918148533179178
-0.1954651649444684;0.8919944846515374
-0.206679692813166;0.8920128801719323
-0.21785716748391878;0.891871345147462
-0.22899589668959716;0.8915711818015737
-0.24009421907496525;0.8911136888402442
-0.2511505033119327;0.8905001612872904
-0.2621631472614448;0.8897318902852601
-0.27313057712705036;0.8888101629809202
-0.28405124662315223;0.8877362624405168
-0.29492363627244966;0.8865114673343315
-0.3057462526188312;0.8851370518703846
-0.31651762748850254;0.8836142856758616
-0.3272363172475053;0.8819444337967431
-0.33790090210272694;0.8801287565929559
-0.3485099854328024;0.8781685095892001
-0.35906219311045384;0.876064943456596
-0.36955617285017617;0.8738193039673935
-0.37999059355831744;0.8714328320641881
-0.3903641447231971;0.8689067637596222
-0.4006755358121262;0.8662423301091727
-0.41092349567864433;0.8634407572282506
-0.4211067719877295;0.8605032663148434
-0.4312241306571555;0.8574310737696582
-0.44127435530804315;0.8542253910820342
-0.45125624673227016;0.8508874248888812
-0.46116862237267026;0.8474183770204732
-0.47101031581572245;0.8438194445381512
-0.48078017630038494;0.8400918198437378
-0.49047706824833404;0.8362366909621812
-0.5000998707749014;0.8322552412705592
-0.5096474772357417;0.8281486496712807
-0.5191187947798611;0.82391809068684
-0.528512743912172;0.8195647345399002
-0.5378282580809801;0.815089747293572
-0.5470642832914989;0.8104942910571389
-0.5562197776494313;0.805779523884306
-0.5652937109846788;0.8009465999495653
-0.574285064467211;0.7959966696608834
-0.5831928302302696;0.790930879768829
-0.5920160110203917;0.785750373551287
-0.6007536198579658;0.7804562910092867
-0.6094046796437222;0.775049768814922
-0.6179682228362553;0.7695319405158142
-0.6264432911193938;0.7639039366704159
-0.6348289350763582;0.7581668849832731
-0.6431242139042264;0.7523219105011921
-0.6513281951158467;0.746370135776836
-0.6594399541861097;0.7403126809236602
-0.6674585742829937;0.7341506638113753
-0.6753831459805003;0.7278852002198406
-0.6832127669778039;0.7215174039947737
-0.6909465418558691;0.7150483872668365
-0.6985835818050057;0.708479260604036
-0.706123004335766;0.7018111331221007
-0.7135639330411575;0.6950451126863286
-0.7209054973483762;0.6881823060841638
-0.7281468322764273;0.6812238192005031
-0.7352870782403851;0.6741707572484753
-0.7423253807997396;0.667024224923608
-0.7492608904131141;0.6597853265618727
-0.7560927622347974;0.6524551663474687
-0.762820155901101;0.6450348485034981
-0.7694422353227901;0.6375254774865579
-0.7759581685187559;0.6299281582287658
-0.7823671273901194;0.6222439963031121
-0.7886682875193932;0.6144740981166186
-0.7948608279928943;0.6066195711292246
-0.800943931217638;0.5986815240631045
-0.8069167827469188;0.5906610671189184
-0.8127785711644117;0.5825593122475091
-0.818528487847702;0.5743773733032254
-0.8241657268068325;0.5661163662689551
-0.8296894845367604;0.5577774094936448
-0.8350989598606194;0.5493616239199632
-0.840393353776606;0.540870133314703
-0.8455718693083569;0.5323040645018929
-0.8506337113955855;0.5236645476333798
-0.8555780869171957;0.5149527165838483
-0.8604042043025439;0.5061697089576693
-0.8651112734737106;0.49731666640743044
-0.8696985057406604;0.48839473490809693
-0.8741651136803178;0.47940506501612623
-0.8785103110191963;0.470348812132172
-0.882733312519493;0.4612271367673908
-0.8868333339370132;0.45204120486613336
-0.8908095920140152;0.4427921881566658
-0.8946613041501078;0.43348126425510103
-0.8983876884044375;0.42410961702589123
-0.9019879634126677;0.4146784368781146
-0.9054613483021876;0.4051889210619177
-0.9088070626111163;0.3956422739695237
-0.9120243262110583;0.38603970744085364
-0.9151123593615578;0.37638244116526864
-0.9180703826379305;0.3666717029949882
-0.9208976166913937;0.35690872914091976
-0.923593282294285;0.34709476457448696
-0.9261566002915378;0.33723106336489966
-0.928586791556537;0.32731888902207307
-0.9308830769514806;0.3173595148453657
-0.933044677296241;0.30735422428040665
-0.9350708135407536;0.29730431138939084
-0.9369607065836804;0.28721108113407934
-0.9387135771834985;0.2770758497124694
-0.940328646027763;0.2668999449847451
-0.9418051337327549;0.256684706865603
-0.9431422608488319;0.24643148772372492
-0.9443392478715384;0.236141652788507
-0.9453953152824617;0.22581658057508264
-0.9463096838351195;0.21545766342570963
-0.9470815742761638;0.2050663077990892
-0.9477102074217721;0.1946439347263829
-0.9481948042646956;0.184191980286335
-0.948534586035988;0.1737118960650037
-0.9487287742743219;0.1632051496242925
-0.9487765909030071;0.15267322497941824
-0.9486772583943619;0.14211762311071147
-0.9484300001685371;0.1315398625565017
-0.948034040213862;0.12094147976596485
-0.9474886033607158;0.1103240296661906
-0.9467929154502137;0.09968908620298031
-0.9459462034803674;0.0890382428816916
-0.9449476957627487;0.07837311331872508
-0.9437966220898579;0.06769533180383686
-0.9424922141155755;0.057006553911454594
-0.941033705780989;0.04630845712962556
-0.9394203329244644;0.03560274134481843
-0.9376513337766627;0.024891129502483237
-0.9357259492213534;0.014175368233091127
-0.9336434230591949;0.003457228488397898
-0.9314030022863155;-0.007261493809729541
-0.929003937388022;-0.017978977107684785
-0.9264454831106614;-0.028693373525933458
-0.9237268987038111;-0.039402808174727966
-0.9208474477375866;-0.05010537847509143
-0.9178063988078009;-0.06079915342933816
-0.9146030259459111;-0.07148217289100595
-0.9112366090495934;-0.0821524468206385
-0.9077064343344113;-0.09280795452723778
-0.9040117948236527;-0.10344664389688722
-0.9001519914892765;-0.11406643067290495
-0.8961263333515777;-0.12466519760892547
-0.8919341378688036;-0.1352407936349335
-0.887574731763787;-0.14579103305147972
-0.8830474516871681;-0.1563136946885581
-0.8783516449140696;-0.16680652104963084
-0.8734866700565106;-0.177267217520764
-0.8684518978261054;-0.18769345150056954
-0.8632467118607529;-0.19808285139611195
-0.8578705095489795;-0.2084330057733613
-0.8523227029051504;-0.21874146243780979
-0.8466027194835147;-0.2290057275008222
-0.8407100035935405;-0.23922326451298814
-0.8346440178405444;-0.24939149367157984
-0.8284042432675434;-0.2595077905660178
-0.8219901808455188;-0.2695694853146498
-0.8154013527016846;-0.27957386159203446
-0.8086373033733353;-0.28951815563575994
-0.8016976011954982;-0.2993995553173069
-0.7945818401878108;-0.3092151996284737
-0.7872896408841249;-0.31896217707917013
-0.7798206519824524;-0.32863752481819264
-0.7721745520097048;-0.3382382276978448
-0.764351050989879;-0.3477612172701763
-0.7563498922072799;-0.35720337080577463
-0.7481708546376613;-0.3665615109804402
-0.7398137543732389;-0.3758324043377778
-0.7312784465153782;-0.38501276019031155
-0.7225648274411034;-0.39409922985150736
-0.7136728369961813;-0.40308840569206905
-0.7046024607788993;-0.411976820204248
-0.6953537329664244;-0.42076094578482376
-0.6859267388773184;-0.4294371939612052
-0.6763216171530019;-0.438001913872892
-0.666538562768835;-0.4464513919168459
-0.6565778299327433;-0.454781851066984
-0.6464397349229232;-0.46298945030633154
-0.6361246591536585;-0.47107028406637974
-0.6256330526592746;-0.47902038160573474
-0.6149654373428896;-0.48683570657993147
-0.6041224104664122;-0.49451215662590137
-0.5931046484985304;-0.5020455637137359
-0.5819129110347593;-0.5094316943658739
-0.5705480443731916;-0.5166662484352695
-0.5590109857778232;-0.5237448596639346
-0.5473027677362102;-0.5306630958474162
-0.5354245222101719;-0.5374164597148323
-0.523377485042215;-0.5440003899473161
-0.5111630009786935;-0.5504102606427274
-0.4987825283924174;-0.5566413826500544
-0.48623764429994154;-0.562689004583248
-0.47353004926710496;-0.5685483146422937
-0.46066157237450067;-0.5742144428663508
-0.44763417732751704;-0.5796824613506956
-0.4344499678011056;-0.5849473868138565
-0.42111119319541573;-0.5900041828372574
-0.40762025405033625;-0.5948477631260337
-0.39397970721533593;-0.5994729956624079
-0.3801922733684858;-0.6038747037823329
-0.3662608427155874;-0.6080476705893586
-0.35218848131901426;-0.6119866429579747
-0.33797843696146906;-0.6156863363538473
-0.32363414404735463;-0.6191414408992494
-0.30915923179519844;-0.6223466253212269
-0.2945575299928719;-0.6252965433425499
-0.27983307519838346;-0.6279858399959448
-0.26499011675648576;-0.6304091580196755
-0.25003312343856987;-0.6325611458111648
-0.23496678959765802;-0.6344364651715175
-0.21979604084170162;-0.6360297999510305
-0.20452603792494656;-0.6373358659802337
-0.189162184514203;-0.6383494200379599
-0.17371013203009983;-0.6390652705560759
-0.15817578434205137;-0.6394782887149001
-0.14256530059286088;-0.6395834195305172
-0.12688510052653146;-0.6393756947254734
-0.11114186769527921;-0.6388502456364434
-0.09534255269707839;-0.6380023167239929
-0.07949437545873159;-0.6368272799510735
-0.06360482700610814;-0.6353206498408632
-0.04768166960218465;-0.6334780985294798
-0.03173293620798286;-0.6312954715914247
-0.015766930728983865;-0.6287688054450686
0.00020777436306305963;-0.6258943440242173
0.016182341091615652;-0.6226685551744303
0.032147669906683725;-0.6190881499100108
0.04809440497457476;-0.6151501003973495
0.06401294111389769;-0.6108516571506837
0.07989343144772956;-0.6061903686361384
0.09572579670497258;-0.6011641002589886
0.11149973576357976;-0.5957710514417994
0.12720473789218473;-0.5900097742050577
0.14283009671711286;-0.5838791925071071
0.15836492514562917;-0.5773786189715748
0.17379817157220823;-0.5705077707371038
0.1891186392508859;-0.5632667878774688
0.2043150058824288;-0.5556562483920978
0.2193758432314305;-0.5476771810223792
0.23428964172706532;-0.5393310803318181
0.24904483477705397;-0.5306199187537203
0.26362982189474754;-0.5215461559513999
0.27803299659791364;-0.5121127483486477
0.29224277541151017;-0.5023231568011087
0.30624762459801425;-0.49218135160041
0.320036088586467;-0.48169181569735253
0.33359682323703677;-0.4708595460863113
0.3469186254227181;-0.4596900527786075
0.35999046095857096;-0.4481893562650019
0.37280149734956297;-0.436363981338083
0.3853411347681515;-0.4242209497139619
0.39759903703123417;-0.41176776992010067
0.4095651611353742;-0.39901242419959243
0.4212297844258316;-0.3859633545073974
0.43258353368968955;-0.37262944450142754
0.4436174120102388;-0.35902000056900524
0.45432282428061427;-0.3451447317190784
0.4646916004909151;-0.33101372471726687
0.474716017784921;-0.3166374201227262
0.48438882032559594;-0.3020265851610272
0.4937032371081945;-0.2871922853014682
0.5026529980200809;-0.2721458563483377
0.5112323464705396;-0.2568988726728331
0.5194360509775767;-0.24146311678424398
0.5272594138191463;-0.22585054778195038
0.5346982762881347;-0.2100732686440765
0.5417490235431422;-0.1941434948044727
0.5484085848023181;-0.17807352161758977
0.554674432403601;-0.16187569260245888
0.5605445792770868;-0.14556236838456305
0.566017571761187;-0.12914589601793952
0.5710924831196984;-0.11263857921314743
0.5757689032364111;-0.09605264988088018
0.5800469265755042;-0.07940024081214539
0.5839271400113824;-0.06269335906367214
0.5874106067803296;-0.045943862048642495
0.5904988508396224;-0.029163433906259077
0.5931938395302427;-0.012363563953180843
0.5954979644986854;0.004444472471259842
0.5974140229195466;0.02124963320839408
0.5989451970369234;0.03804112481651444
0.6000950335290447;0.0548084174272027
0.6008674226068572;0.0715412583936924
0.6012665766072433;0.08822968247864854
0.6012970085111601;0.10486402246104347
0.6009635106443079;0.12143491677026041
0.6002711334720656;0.13793331568296116
0.5992251642643819;0.15435048713913943
0.597831106875408;0.17067801952408143
0.5960946611940442;0.18690782438151105
0.5940217034052923;0.20303213752056876
0.5916182672517646;0.2190435184905876
0.5888905249238671;0.23493484983714608
0.5858447697606701;0.2506993346181164
0.5824873990647282;0.2663304933413185
0.5788248974044049;0.28182216019866824
0.5748638216847503;0.2971684782499875
0.5706107858388773;0.31236389419271793
0.5660724471087637;0.32740315248514656
0.5612554930119383;0.34228128894823584
0.5561666284823048;0.3569936238695271
0.550812565038648;0.3715357549870535
0.5452000098484411;0.3859035499765846
0.53933565468156;0.4000931384124599
0.5332261677458946;0.41410090426945595
0.5268781849015057;0.42792347780101936
0.5202983011838271;0.441557726879024
0.5134930642171732;0.4550007493549932
0.5064689675576802;0.4682498647795448
0.49923244418804097;0.48130260569259176
0.4917898616117639;0.494156710017633
0.48414751695937247;0.5068101129704167
0.47631163241469543;0.5192609384962985
0.4682883515871913;0.5315074919714164
0.4600837361360868;0.5435482524969335
0.451703762714469;0.5553818648614781
0.4431543205245116;0.5670071325790228
0.43444120916683326;0.5784230107285769
0.42557013685391787;0.5896285984959858
0.41654671892943174;0.6006231327048012
0.4073764767018929;0.6114059812622903
0.3980648366465253;0.6219766364049616
0.3886171297300175;0.6323347087422079
0.3790385910138762;0.6424799213388025
0.3693343596268761;0.6524121036651783
