0.6180339887498945;-1.9021130325903073
0.6370287146398151;-1.8958523790390776
0.6559695979728484;-1.8894314453261118
0.6748550285227346;-1.882850789547478
0.6936834171435365;-1.876110986225993
0.7124531819944979;-1.8692126307041705
0.7311627494719938;-1.8621563388536193
0.7498105543718793;-1.8549427470126856
0.7683950403136588;-1.8475725118101256
0.7869146603259105;-1.8400463098029367
0.8053678772612687;-1.832364837279732
0.8237531639095077;-1.8245288103573323
0.8420690035047728;-1.8165389646945436
0.8603138896615521;-1.808396055187485
0.8784863265669026;-1.8001008557435347
0.896584829974651;-1.791654159301316
0.9146079272620717;-1.783056777563059
0.9325541575317412;-1.7743095405931089
0.9504220717977421;-1.7654132964944722
0.9682102337048453;-1.756368911580763
0.9859172196743805;-1.74717727001526
1.0035416190390054;-1.737839273388954
1.0210820341987452;-1.7283558403240962
1.0385370812654229;-1.7187279066708778
1.055905390215629;-1.7089564251072484
1.07318560500174;-1.6990423647290107
1.0903763836376008;-1.6889867106154315
1.1074763988750866;-1.678790463976831
1.1244843383185161;-1.6684546417484916
1.1413989044211335;-1.6579802761266733
1.1582188144804806;-1.6473684141046236
1.1749428016268024;-1.6366201177715083
1.191569614770638;-1.625736463811712
1.2080980188462471;-1.614718543231421
1.2245267950295113;-1.6035674610690014
1.2408547396165592;-1.592284335202568
1.25708066536424;-1.5808702968170902
1.273203402149429;-1.5693264904123205
1.2892217967417323;-1.5576540732130641
1.305134713019782;-1.5458542148784742
1.320941031846077;-1.5339280970569917
1.3366396499431623;-1.521876912489841
1.3522294821529741;-1.509701865643887
1.3677094610326255;-1.4974041721404265
1.383078536896359;-1.4849850583856743
1.3983356779924847;-1.4724457612622657
1.4134798696323396;-1.4597875275043544
1.4285101143586099;-1.4470116133865174
1.4434254335483796;-1.4341192848458257
1.4582248667971718;-1.4211118169339596
1.4729074720544202;-1.4079904934961907
1.4874723256344178;-1.3947566068322255
1.501918520759325;-1.3814114571419305
1.5162451694280432;-1.3679563524584377
1.5304514024618168;-1.3543926083140634
1.5445363692738494;-1.3407215473657852
1.5584992379643876;-1.3269444990684107
1.572339194710726;-1.3130627993471657
1.5860554435022531;-1.2990777902705664
1.5996472070947598;-1.2849908197242996
1.6131137273122504;-1.2708032410845662
1.6264542646623403;-1.2565164128908526
1.6396680983952805;-1.2421316985209596
1.652754525365825;-1.227650466039329
1.6657128607707044;-1.2130740877711725
1.6785424388095314;-1.1984039398867061
1.691242612165213;-1.1836414021562542
1.703812751964971;-1.1687878576343174
1.7162522477292923;-1.1538446923443482
1.728560507267178;-1.1388132950995944
1.7407369565523128;-1.1236950573474471
1.752781039749704;-1.108491372486026
1.7646922190627283;-1.093203635726148
1.7764699746147272;-1.0778332438024345
1.7881138043201465;-1.0623815946798745
1.7996232239591594;-1.0468500872983892
1.8109977684390328;-1.0312401215202118
1.8222369898335913;-1.0155530975410887
1.833340457638548;-0.999790415676802
1.8443077588518935;-0.9839534761242594
1.855138497851512;-0.9680436786924815
1.86583229627479;-0.9520624225387952
1.8763887934090362;-0.9360111060496124
1.8868076456968856;-0.9198911264834319
1.8970885263847033;-0.903703879657672
1.907231125584751;-0.8874507597535034
1.91723515014108;-0.8711331590715772
1.9271003234902655;-0.8547524677909943
1.9368263856384806;-0.8383100738140425
1.9464130931167831;-0.8218073626028807
1.9558602185392653;-0.80524571675326
1.9651675505853654;-0.7886265158630626
1.974334893851543;-0.7719511363188701
1.9833620686953133;-0.7552209510840908
1.9922489111153465;-0.7384373295071601
2.000995272806792;-0.7216016372057835
2.0096010206986508;-0.7047152357484288
2.0180660368621575;-0.6877794824906007
2.0263902183725673;-0.6707957303979499
2.034573477140516;-0.6537653278627044
2.042615739737398;-0.6366896185237494
2.050516947461151;-0.6195699411424395
2.0582770559357995;-0.6024076293847572
2.065896034932245;-0.5852040116551562
2.0733738682381686;-0.5679604109456944
2.0807105534814507;-0.5506781446802521
2.0879061019505407;-0.5333585245630161
2.0949605385445573;-0.5160028564391719
2.10187390165019;-0.49861244015571166
2.10864624268234;-0.4811885694066804
2.115277626040337;-0.46373253160774347
2.1217681289295127;-0.4462456077672596
2.128117841179719;-0.4287290723617314
2.1343268650629668;-0.41118419321578126
2.140395315110364;-0.39361223138668144
2.146323318086587;-0.376014441026438
2.1521110128162815;-0.3583920692737507
2.157758549763427;-0.3407463561928254
2.1632660909894224;-0.3230785346521021
2.1686338099824796;-0.3053898302297183
2.173861891488265;-0.28768146112355125
2.178950531342417;-0.26995463806579173
2.1838999363051315;-0.25221056424204635
2.188710323642259;-0.23445043509727626
2.193381921034311;-0.21667543829604355
2.1979149666810023;-0.19888675377606124
2.2023097089657866;-0.18108555360247364
2.2065664062863797;-0.1632730019016668
2.210685326887008;-0.14545025479892182
2.2146667486925344;-0.1276184603598954
2.2185109591435443;-0.10977875853557309
2.2222182548131846;-0.09193228104157383
2.2257889413642076;-0.07408015134766502
2.2292233335407925;-0.056223484681206914
2.232521754890095;-0.038363387948362915
2.2356845375968217;-0.02050095969375836
2.2387120223193895;-0.002637290063414729
2.241604558027762;0.015226539229076474
2.2443625018413806;0.03308945493413887
2.246986218757946;0.050950392358442065
2.249476081577731;0.06880829534273393
2.2518324707953132;0.08666211625648626
2.254055774395769;0.10451081604563486
2.256146387697939;0.12235336425152024
2.258104713199394;0.1401887390272141
2.259931160423162;0.15801592715127794
2.261626145764074;0.17583392403940554
2.2631900922654213;0.19364173376652516
2.2646234295358143;0.2114383690615368
2.2659265936188873;0.2292228513085673
2.267100026821922;0.24699421055371376
2.2681441775704196;0.26475148550523653
2.269059500264501;0.2824937235316209
2.269846455137181;0.30021998065756256
2.270505508111663;0.31792932155823683
2.271037130605501;0.33562081955737016
2.271441799453232;0.3532935566112085
2.271719996775003;0.37094662329649997
2.2718722098265403;0.3885791187988526
2.271898930866569;0.4061901508977447
2.2718006570261506;0.42377883594987587
2.2715778901799712;0.44134429887091414
2.2712311368150364;0.45888567311515316
2.270760907846323;0.47640210064715216
2.270167718561493;0.49389273192699223
2.269452088494269;0.5113567258854517
2.268614541289927;0.5287932498966718
2.2676556045858356;0.546201479751083
2.2665758098938875;0.5635805996270871
2.2653756924848514;0.5809298020615427
2.2640557912695574;0.5982482879176423
2.262616648641072;0.6155352663398457
2.261058810421517;0.6327899547374991
2.2593828257439097;0.6500115787480933
2.2575892469356926;0.667199372199506
2.2556786294123565;0.6843525770737078
2.2536515315728716;0.7014704434695819
2.2515085146969382;0.7185522295649093
2.2492501428351925;0.7355972015721619
2.246876982686773;0.7526046336847425
2.24438960354353;0.7695738080620174
2.241788577178291;0.7865040147785022
2.239074477747802;0.8033945517802629
2.2362478816993097;0.8202447248418663
2.233309367678872;0.8370538475227469
2.230259516441389;0.8538212411230378
2.22709891074623;0.8705462346269751
2.2238281352652747;0.8872281646537615
2.2204477765276898;0.903866375433942
2.2169584228203;0.9204602187512781
2.213360664104587;0.9370090538953372
2.2096550919354225;0.9535122476138174
2.2058422993813824;0.9699691740645403
2.201922880946397;0.9863792147668562
2.197897432477097;1.0027417585332683
2.193766551099216;1.0190562014346494
2.18953083515073;1.035321946759355
2.185190884102702;1.0515384049551675
2.180747298488007;1.0677049935789227
2.176200679831503;1.0838211372459698
2.1715516305816607;1.0998862675795025
2.1668007540422343;1.115899823157702
2.1619486542927087;1.1318612494417981
2.156995936140963;1.1477699987503975
2.151943205057971;1.1636255302046854
2.146791067113112;1.1794273096724972
2.1415401289134937;1.1951748097163923
2.1361909975445856;1.210867509541724
2.1307442805121473;1.2265048949447492
2.125200585683144;1.2420864582552031
2.1195605212234994;1.2576116982681858
2.1138246955553655;1.2730801202205193
2.107993717299734;1.2884912357286102
2.1020681952236258;1.3038445627345931
2.09604873818906;1.3191396254540464
2.0899359551031895;1.3343759543238194
2.0837304548695945;1.3495530859500247
2.0774328463381124;1.3646705630461597
2.071043738257173;1.3797279343767594
2.064563739233683;1.3947247547261314
2.0579934576859467;1.4096605848362351
2.0513335018002214;1.424534991354641
2.0445844794883428;1.4393475467828412
2.0377469983463845;1.4540978294247713
2.030821665614313;1.4687854233354174
2.023809088135118;1.4834099182551763
2.0167098723174646;1.4979709095687108
2.0095246240990536;1.5124679982615643
2.0022539489094497;1.5269007908630263
1.9948984516344992;1.5412688993954762
1.9874587365816545;1.5555719413240094
1.9799354074462043;1.5698095395063438
1.9723290672785005;1.5839813221406933
1.964640318453213;1.5980869226918428
1.9568697626363596;1.6121259798764394
1.9490180007552467;1.6260981376088712
1.9410856329692785;1.6400030449466918
1.9330732586412676;1.6538403560421302
1.9249814763095423;1.6676097300939614
1.916810883660826;1.681310831299774
1.9085620775038805;1.6949433288086284
1.900235653743892;1.708506896674142
1.8918322073575877;1.7220012138079952
1.8833523323694374;1.7354259639298835
1.8747966218367205;1.7487808354296424
1.866165667816773;1.7620655214298766
1.85746006134432;1.775279719747332
1.8486803924129727;1.788423132816723
1.839827249954572;1.8014954676453212
1.8309012218191616;1.8144964357679614
1.8219028947555829;1.82742575320246
1.812832854392671;1.8402831404054714
1.8036916852210443;1.853068322228777
1.794479970575462;1.8657810278760374
1.785198292618035;1.8784209908590412
1.7758472323443901;1.8909879488800736
1.7664273695474408;1.9034816438571887
1.756939282791756;1.9159018219164976
1.7473835494098044;1.9282482333140705
1.7377607454879314;1.94052063239402
1.728071445852834;1.9527187775470058
1.7183162240585357;1.9648424311691512
1.7084956523738282;1.9768913596214008
1.6986103017701837;1.9888653331893034
1.6886607419101067;2.0007641260432503
1.6786475411359332;2.01258751619915
1.6685712664815755;2.0243352854276258
1.6584324836511222;2.0360072192410335
1.6482317569849667;2.0476031069105876
1.637969649467101;2.0591227413899755
1.627646722716441;2.0705659192770924
1.6172635369785542;2.081932440776171
1.6068206511177585;2.0932221096603176
1.5963186226095993;2.104434733234459
1.5857580075336712;2.1155701222986996
1.5751393605667927;2.126628091112097
1.5644632349765029;2.1376084573568597
1.553730182634922;2.1485110420750204
1.5429407540156916;2.1593356696295585
1.5320954981475763;2.1700821677268167
1.5211949626320582;2.180750367350488
1.5102396936392328;2.1913401027266906
1.4992302359037346;2.2018512112897963
1.4881671327209647;2.21228353364864
1.4770509259435955;2.2226369135531066
1.465882155978346;2.232911197861113
1.4546613617830197;2.2431062365059726
1.4433890808637884;2.2532218824641554
1.4320658492876872;2.2632579917087186
1.4206922016958097;2.2732144231626736
1.4092686712511162;2.2830910387172247
1.3977957896603932;2.2928877031777297
1.3862740871744548;2.3026042842316365
1.3747040925874043;2.312240652417925
1.3630863332361276;2.3217966810969015
1.3514213349999902;2.3312722464203506
1.3397096223007494;2.340667227302041
1.3279517181026501;2.3499815053885924
1.3161481439127174;2.359214965030697
1.3042994197907127;2.3683674932474337
1.2924060643722797;2.3774389796809894
1.280468594820305;2.3864293166067623
1.2684875268455111;2.3953383988909835
1.2564633747105454;2.404166123961431
1.244396651231833;2.41291239178031
1.232287867781588;2.4215771048174717
1.220137534289991;2.4301601680239435
1.207946159247506;2.438661488805799
1.1957142497073525;2.4470809769983406
1.1834423112880992;2.4554185448406134
1.171130848182118;2.4636741069472583
1.158780363184537;2.4718475802700763
1.1463913576503433;2.479938884097381
1.1339643315117294;2.487947940022362
1.1214997832857694;2.4958746719168534
1.108998210078254;2.503719005907464
1.0964601075876401;2.5114808703520164
1.0838859701091215;2.5191601958162697
1.071276290538801;2.5267569150509517
1.0586315603779721;2.5342709629690723
1.0459522697374872;2.5417022766235404
1.0332389073467496;2.5490507951834496
1.020491960595453;2.5563164598990102
1.0077119154779424;2.563499214101518
0.9948992566110392;2.5705990031774393
0.9820544672477287;2.577615774544281
0.9691780292823042;2.5845494776298135
0.9562704232555893;2.5914000638515637
0.9433321283602135;2.59816748659659
0.9303636224459538;2.6048517012015253
0.9173653820251174;2.6114526649328993
0.9043378822779773;2.617970336967725
0.8912815970582377;2.6244046783743604
0.8781969988985409;2.630755652093635
0.865084559015991;2.6370232229202437
0.8519447473177044;2.6432073574844104
0.8387780324721222;2.6493080242140605
0.8255848819150903;2.6553251933168602
0.812365761718195;2.661258836803871
0.7991211366741747;2.6671089284482816
0.7858514703044037;2.6728754437677935
0.7725572248654563;2.678558360007535
0.7592388613557158;2.6841576561232094
0.7458968395220038;2.689673312764486
0.7325316178662431;2.6951053122586157
0.7191436536521335;2.7004536385942886
0.705733402911852;2.7057182774057162
0.6923013204527549;2.710899215956945
0.6788478598640963;2.715996443126394
0.6653734735237393;2.7210099493916204
0.651878612612959;2.725939726813843
0.6383637272067195;2.730785769018352
0.6248292661523425;2.7355480711872877
0.6112756770980867;2.740226630044025
0.5977034065220446;2.7448214438377594
0.584112899739523;2.7493325123295382
0.5705046009104463;2.7537598367784986
0.5568789530467574;2.7581034199283163
0.5432363980198334;2.7623632659938586
0.5295773765678938;2.7665393806480387
0.5159023283034128;2.7706317710088753
0.5022116917205243;2.774640445626748
0.48850590420241313;2.7785654144718555
0.4747854020287012;2.78240668892186
0.4610506203828076;2.786164281749739
0.4473019934001301;2.7898382071113574
0.43353995418602187;2.7934284805335796
0.41976493472128346;2.7969351189038187
0.40597736592523537;2.8003581404580147
0.39217767766480105;2.8036975647693954
0.37836629876239336;2.8069534127374363
0.3645436570038085;2.8101257065769962
0.35071017914610364;2.8132144698076353
0.3368662909254777;2.8162197272431047
0.3230124170651307;2.819141504981012
0.3091489812831201;2.8219798303926575
0.2952764063001918;2.824734732113045
0.28139511384760185;2.8274062400310522
0.2675055246749081;2.829994385279774
0.25360805856168067;2.832499200228132
0.23970313437712243;2.834920718486121
0.22579117001268412;2.837258974874531
0.21187258239847434;2.8395140054183843
0.19794778752624242;2.841685847342386
0.18401720045745223;2.8437745390623492
0.1700812353313494;2.8457801201767814
0.1561403053730132;2.84770263145863
0.14219482290138513;2.849542114847178
0.12824519933728795;2.8512986134401053
0.11429184521141339;2.85297217148569
0.10033517017229734;2.854562834375169
0.08637558299425975;2.8560706486352454
0.0724134915853279;2.8574956619207423
0.05844930299512076;2.8588379230074024
0.044483423443786224;2.860097481792661
0.03051625834134042;2.86127438929301
0.0165482122334335;2.8623686976141816
0.002579688841265193;2.8633804599564594
-0.011388908929242297;2.864309730608723
-0.025357178979374423;2.865156564942228
-0.03932472000956462;2.865921019404535
-0.05329113151136591;2.866603151513574
-0.06725601375943988;2.867203019851848
-0.08121896780356698;2.867720684060773
-0.09517959546069463;2.8681562048351568
-0.10913749930700015;2.868509643917804
-0.12309228266998973;2.8687810640942595
-0.1370435496206202;2.8689705291876813
-0.15099090496374767;2.86907810405487
-0.16493395420081916;2.869103854599107
-0.17887230356236036;2.8690478477412333
-0.19280555999819343;2.8689101514162565
-0.2067333311600309;2.8686908345746733
-0.22065522539355711;2.86838996717825
-0.23457085173052233;2.8680076201959293
-0.24847981988087026;2.8675438655998655
-0.26238174022488525;2.8669987763615845
-0.27627622380538014;2.866372426448268
-0.29016288231990084;2.865664890819162
-0.3040413281129685;2.864876245422107
-0.31791117416834536;2.864006567190185
-0.33177203410134526;2.8630559340384916
-0.3456235221511652;2.8620244248610205
-0.3594652531769599;2.860912119515778
-0.3732968425817589;2.859719098918386
-0.3871179064392252;2.85844544486117
-0.40092806139350556;2.8570912401377133
-0.4147269246728808;2.855656568508182
-0.42851411408206436;2.8541415146971327
-0.44228924799454955;2.8525461643914287
-0.4560519453449815;2.850870604238261
-0.46980182562157335;2.8491149218432765
-0.48353850885855154;2.8472792057688125
-0.4972616156286507;2.845363545532237
-0.5109707670356325;2.843368031604394
-0.5246655847068492;2.8412927554081597
-0.5383456907858364;2.8391378093170974
-0.5520107079243437;2.8369032866549624
-0.5656602592608153;2.8345892817116574
-0.5792939684310638;2.832195889720574
-0.592911459561698;2.829723206856857
-0.606512357257766;2.8271713302427752
-0.6200962865954738;2.82454035794715
-0.633662873114927;2.8218303889848864
-0.6472117428129108;2.8190415233166224
-0.6607425221356966;2.816173861848485
-0.674254837971894;2.8132275064319585
-0.687748317645323;2.81020255986386
-0.7012225889079268;2.807099125886432
-0.714677279932711;2.803917309187543
-0.728112019304173;2.8006572154050264
-0.741526436004143;2.7973189511384122
-0.7549201594207371;2.7939026239243487
-0.7682928193353811;2.7904083422467907
-0.7816440459148946;2.7868362155393815
-0.7949734697045551;2.7831863541864323
-0.8082807216212007;2.7794588695240163
-0.8215654329463549;2.7756538738411787
-0.8348272353193953;2.771771480381257
-0.8480657607307394;2.767811803343322
-0.8612806415150692;2.763774957883729
-0.8744715103445783;2.7596610601177876
-0.8876380002222615;2.7554702271215423
-0.9007797444741559;2.751202576938146
-0.9138963767431021;2.7468582285781142
-0.9269875309836298;2.7424373020151473
-0.9400528414543649;2.737939918192517
-0.9530919427114596;2.733366199025473
-0.9661044696020421;2.728716267403768
-0.9790900572577025;2.72399024719429
-0.9920483410880021;2.7191882632438196
-1.0049789567740246;2.7143104413818966
-1.0178815402619459;2.7093569084238074
-1.0307557277566397;2.7043277921736895
-1.0436011557153082;2.699223221427749
-1.0564174608422792;2.6940433259768506
-1.0692042800980173;2.6887882365998057
-1.081961250671039;2.6834580850814107
-1.0946880099739071;2.678053004214645
-1.1073841956415258;2.6725731278014817
-1.120049445525066;2.6670185906567334
-1.1326833976859305;2.6613895286120073
-1.1452856903897461;2.6556860785197767
-1.1578559621004016;2.649908378257564
-1.1703938514741088;2.6440565667322393
-1.182898997353504;2.6381307838844337
-1.1953710387617769;2.6321311706930643
-1.207809614896845;2.626057869179972
-1.220214365131713;2.6199110224126536
-1.2325849290195539;2.6136907745055646
-1.2449209462587902;2.6073972706346904
-1.2572220566999384;2.6010306570385207
-1.2694879003412824;2.59459108102282
-1.281718117323378;2.588078690965906
-1.2939123479236037;2.581493636324041
-1.3060702325507423;2.5748360676369324
-1.3181914117396158;2.5681061365333475
-1.3302755261457442;2.561303995736839
-1.3423222165400521;2.5544297990715847
-1.3543311238036078;2.547483701468341
-1.3663018889224365;2.5404658589705007
-1.378234153000324;2.5333764287404414
-1.3901275572407317;2.526215569065688
-1.401981742926082;2.518983439365174
-1.4137963514251943;2.511680200195863
-1.425571024188422;2.5043060132593795
-1.4373054027428371;2.496861041408743
-1.4489991286874557;2.489345448655225
-1.4606518436885172;2.4817594001753056
-1.4722631894747986;2.474103062317752
-1.4838328078329799;2.466376602610803
-1.4953603406030478;2.4585801897694757
-1.5068454296737541;2.4507139937029687
-1.5182877169810853;2.442778185522932
-1.5296868445295408;2.434772937557495
-1.5410424543469337;2.426698423348882
-1.5523541884882932;2.4185548176633334
-1.5636216890377448;2.410342296500611
-1.5748445981044261;2.4020610371021403
-1.5860225578184568;2.393711217959255
-1.5971552103269577;2.3852930188215633
-1.6082421977901291;2.3768066207054215
-1.619283162377373;2.368252205902527
-1.6302777462634706;2.3596299579886204
-1.6412255916248077;2.350940061832311
-1.6521263406356617;2.342182703604
-1.662979635478533;2.3333580707900476
-1.6737851183542392;2.3244663522069313
-1.6845424314282726;2.3155077379922493
-1.6952512168512412;2.3064824196228466
-1.7059111167569208;2.297390589924873
-1.7165217732590985;2.288232443083492
-1.7270828284484723;2.279008174652709
-1.7375939243896175;2.269717981565309
-1.7480547031180076;2.2603620621429217
-1.7584648066370991;2.2509406161061953
-1.7688238769154725;2.2414538445850978
-1.7791315558840421;2.23190195012932
-1.7893874854337097;2.2222851367189693
-1.7995913074503982;2.2126036097904196
-1.8097426637763228;2.2028575762325104
-1.8198411961889465;2.193047244389976
-1.8298865464187009;2.1831728240825865
-1.839878356146858;2.173234526616393
-1.8498162670034783;2.163232564795084
-1.8596999205654285;2.1531671529314735
-1.8695289583544754;2.1430385068591025
-1.8793030218354447;2.1328468439439634
-1.8890217524144577;2.1225923830963525
-1.8986847914372318;2.1122753447828377
-1.9082917801874628;2.101895951038349
-1.9178423598851226;2.0914544254783336
-1.9273361717716404;2.080950993344863
-1.936772856958139;2.0703858814605005
-1.9461520564978614;2.0597593182696152
-1.955473411379592;2.0490715338490206
-1.9647365625269109;2.038322759920964
-1.973941150797515;2.027513229866248
-1.983086816982627;2.01664317873747
-1.9921732018064717;2.005712843272387
-2.001199945925837;1.9947224619074073
-2.010166689929709;1.9836722747912068
-2.019073074338997;1.972562523798464
-2.027918739606331;1.9613934525437313
-2.036703326159047;1.950165306410055
-2.0454264744116433;1.9388783325673367
-2.054087824651611;1.927532779947801
-2.062687017102232;1.9161288992816354
-2.0712236919248457;1.9046669431121879
-2.07969748921968;1.8931471658107686
-2.0881080490267943;1.8815698235915952
-2.0964550113271447;1.8699351745268655
-2.104738016043763;1.8582434785619792
-2.112956703043055;1.8464949975308929
-2.121110712136222;1.8346899951716198
-2.1291996830808086;1.8228287371418614
-2.137223255582371;1.8109114910347894
-2.1451810692962727;1.7989385263949635
-2.153072763829608;1.7869101147343964
-2.1608979787432605;1.7748265295487538
-2.1686563535647463;1.762688046336557
-2.1763475279374784;1.7504949426549734
-2.1839711414056904;1.7382474980782794
-2.1915268334418685;1.7259459942212818
-2.1990142434949025;1.7135907147683975
-2.206433010993845;1.7011819454909651
-2.213782775351857;1.6887199742647225
-2.2210631759703467;1.6762050910874322
-2.2282738522432917;1.6636375880966803
-2.2354144435617624;1.65101775958783
-2.24248458931864;1.6383459020321394
-2.249483928913527;1.6256223140950479
-2.2564121017578738;1.6128472966546146
-2.2632687472802977;1.6000211528201351
-2.270053504932113;1.5871441879509172
-2.276766014193072;1.574216709675229
-2.28340591457732;1.5612390279094066
-2.2899728456424864;1.548211454858588
-2.296466446997601;1.5351343050264894
-2.3028863583008485;1.5220078952911211
-2.3092322192710473;1.5088325448951434
-2.3155036696948974;1.495608575464584
-2.321700349434308;1.4823363110287349
-2.327821898433947;1.4690160780402204
-2.3338679567290384;1.4556482053952156
-2.3398381644533885;1.4422330244538393
-2.3457321618476596;1.4287708690607073
-2.35154958926788;1.415262075565653
-2.357290087194211;1.401706982844607
-2.3629532962399544;1.3881059323206493
-2.3685388571608166;1.3744592679852259
-2.3740464108644246;1.360767336419537
-2.379475598420102;1.3470304868160818
-2.3848260610701892;1.33324907099714
-2.390097440262271;1.3194234433812178
-2.3952893776287487;1.3055539610834537
-2.400401514999598;1.2916409839329737
-2.405433494420858;1.2776848744766263
-2.4103849581661385;1.2636859980012194
-2.415255548748412;1.2496447225559129
-2.4200449089320917;1.2355614189747735
-2.4247526817453955;1.221436460899472
-2.4293785104930055;1.2072702248021518
-2.433922038769018;1.1930630900084442
-2.438382910470193;1.1788154387206486
-2.4427607698095013;1.164527656041059
-2.44705526132998;1.1502001299954576
-2.451266029918886;1.1358332515567613
-2.4553927208221613;1.1214274146688308
-2.459434979659215;1.1069830162704286
-2.463392452488243;1.0925004562918543
-2.4672647858607113;1.0779801376578444
-2.4710516266647353;1.0634224664063279
-2.474752622227725;1.0488278516656333
-2.478367420337492;1.0341967056766608
-2.48189566925966;1.0195294438174127
-2.4853370177554384;1.0048264846276724
-2.4886911150997677;0.9900882498338106
-2.4919576110998363;0.9753151643737449
-2.495136156113974;0.9605076564220325
-2.4982264010709296;0.9456661574151112
-2.5012279974895266;0.9307911020766657
-2.504140597498713;0.9158829284431489
-2.506963853857998;0.9009420778894349
-2.5096974199782838;0.8859689951546118
-2.5123409499430993;0.8709641283679205
-2.5148940985362143;0.8559279290698236
-2.51735652139281;0.8408608521303723
-2.51972787484817;0.8257633559206771
-2.522007815960789;0.8106359023391954
-2.5241960025831203;0.7954789567987076
-2.5262920933860538;0.7802929882524344
-2.5282957478838664;0.7650784692202495
-2.5302066264596323;0.7498358758150061
-2.5320243903911104;0.7345656877689543
-2.533748701877106;0.7192683884602722
-2.5353792240643123;0.7039444649396931
-2.5369156210746433;0.6885944079572399
-2.5383575580330486;0.6732187119890471
-2.53970470109583;0.657817875264294
-2.5409567174794514;0.6423923997922294
-2.542113275489858;0.6269427913893004
-2.5431740445522983;0.6114695597063647
-2.5441386953018474;0.5959732181865025
-2.5450068996782282;0.5804542840185511
-2.545778330723813;0.5649132784341327
-2.546452662727802;0.5493507266055752
-2.5470295712664;0.5337671576646623
-2.5475087332367012;0.5181631047293518
-2.5478898268911583;0.5025391049305288
-2.5481725318726434;0.4868956994388041
-2.5483565292501065;0.4712334334913302
-2.5484415015548296;0.4555528564186631
-2.5484271328172947;0.4398545216716456
-2.5483131086046593;0.42413898684832546
-2.548099116058852;0.40840681372088494
-2.547784843935291;0.3926585682626078
-2.547369982642231;0.37689482067485836
-2.5468542242807453;0.36111614541408815
-2.5462372630846866;0.34532312097704243
-2.5455187938914214;0.3295163306836082
-2.5446985148297925;0.3136963613606526
-2.543776125245086;0.2978638046343385
-2.5427513263986086;0.28201925650099974
-2.541623821511871;0.26616331735300613
-2.540393315811574;0.250296592004494
-2.5390595165754033;0.23441968971697985
-2.5376221331786204;0.21853322422483357
-2.5360808771414693;0.20263781376064077
-2.5344354621773784;0.18673408108043063
-2.5326856042419723;0.1708226534887864
-2.530831021582886;0.1549041628638162
-2.5288714347903847;0.1389792456820123
-2.526806566848787;0.12304854304297769
-2.5246361431886957;0.10711270069402648
-2.5223598917400283;0.09117236905466636
-2.519977543014409;0.0752282031511952
-2.517488830206723;0.05928086249347157
-2.514893489129003;0.04333101148111229
-2.512191258318895;0.027379319263344387
-2.5093818791020785;0.011426459745984455
-2.506465095651251;-0.004526888388355979
-2.503440655045957;-0.02048004166034769
-2.5003083073332784;-0.03643231177428717
-2.4970678055893676;-0.05238300559872852
-2.4937189059818397;-0.06833142514737571
-2.490261367824068;-0.08427686755130159
-2.4866949535841036;-0.10021862498514703
-2.4830194290392575;-0.11615598473859823
-2.4792345633188946;-0.13208822917534596
-2.4753401289603456;-0.14801463570460813
-2.4713359019755976;-0.16393447676285494
-2.467221661918796;-0.17984701979578807
-2.4629971919545715;-0.1957515272405454
-2.4586622789271764;-0.2116472565081539
-2.4542167134304456;-0.22753345996621377
-2.4496602898832966;-0.24340938493416914
-2.4449928067294677;-0.2592742740007433
-2.440214066364496;-0.2751273646279886
-2.435323875192707;-0.2909678890925822
-2.4303220437479585;-0.30679507459151556
-2.425208386770287;-0.32260814323090653
-2.41998272328346;-0.3384063120152387
-2.4146448766734165;-0.3541887928370508
-2.4091946747676087;-0.3699547924670583
-2.403631949915226;-0.3857035125447309
-2.397956539068327;-0.40143414956929657
-2.3921682839005802;-0.4171458951011312
-2.386267030874539;-0.4328379356642288
-2.3802526312818757;-0.44850945248943686
-2.3741249413572723;-0.46415962167407154
-2.367883822364698;-0.4797876141790226
-2.3615291406846133;-0.4953925958264561
-2.355060767902091;-0.5109737272981406
-2.3484785808958706;-0.5265301641343705
-2.3417824619283296;-0.542061056733507
-2.3349722987363846;-0.5575655503521221
-2.3280479846473248;-0.573042785260771
-2.321009418698648;-0.5884918969201886
-2.3138565056469913;-0.6039120154363327
-2.306589156101826;-0.6193022658153228
-2.2992072866238944;-0.6346617679855155
-2.291710819822472;-0.6499896368065777
-2.284099684453583;-0.6652849820793971
-2.2763738155191766;-0.6805469085568261
-2.2685331543672627;-0.6957745159552502
-2.260577648793;-0.7109668989670026
-2.252507253138075;-0.7261231473606571
-2.2443219283810723;-0.741242346406531
-2.236021642263598;-0.7563235761704069
-2.227606369388533;-0.7713659117463827
-2.219076091323754;-0.7863684233439884
-2.210430796708778;-0.8013301763119934
-2.2016704813623607;-0.8162502311633103
-2.1927951483910397;-0.8311276436010158
-2.183804808298634;-0.8459614645454643
-2.1746994790966903;-0.860750740162514
-2.165479186409862;-0.8754945119210573
-2.1561439634774957;-0.8901918171425645
-2.146693851404231;-0.904841688389113
-2.137128899273446;-0.9194431534997878
-2.1274491642274413;-0.9339952357885268
-2.1176547115820585;-0.9484969540861373
-2.1077456149421856;-0.962947322783711
-2.0977219563181477;-0.9773453518774591
-2.0875838262429816;-0.9916900470149527
-2.07733132389059;-1.005980409542788
-2.066964557194461;-1.0202154365564613
-2.0564836427776605;-1.034394121421311
-2.0458887061944733;-1.0485154535251233
-2.0351798822144698;-1.062578417929253
-2.024357314820605;-1.076581995731678
-2.013421157329495;-1.0905251641310292
-2.0023715725124367;-1.1044068964923834
-1.991208732717176;-1.1182261624148073
-1.9799328199904154;-1.131981927800666
-1.9685440262010745;-1.1456731549266774
-1.9570425531642912;-1.1592988025167292
-1.9454286125772189;-1.172857826106919
-1.9337024260132496;-1.1863491783236784
-1.9218642255960314;-1.1997718081197792
-1.9099142538556888;-1.21312466127041
-1.8978527638419698;-1.22640668047719
-1.8856800192471095;-1.239616805460151
-1.87339629452921;-1.2527539730518238
-1.8610018750361275;-1.2658171172934523
-1.8484970571298731;-1.2788051695333171
-1.8358821483115149;-1.2917170585271915
-1.823157467240907;-1.3045517106509597
-1.8103233434562156;-1.3173080504285017
-1.7973801182055924;-1.3299849999041125
-1.7843281443432635;-1.342581478991822
-1.7711677863957265;-1.3550964056502288
-1.7578994206782308;-1.3675286960076167
-1.7445234354112018;-1.3798772644897839
-1.7310402308365906;-1.3921410239505971
-1.7174502193326902;-1.4043188858053925
-1.703753825353421;-1.4164097601838057
-1.6899514856726345;-1.428412556056266
-1.6760436496013074;-1.4403261813657857
-1.6620307790126938;-1.4521495431807463
-1.6479133484535118;-1.4638815478421967
-1.6336918452548144;-1.4755211011138956
-1.6193667696425524;-1.4870671083350935
-1.6049386348478256;-1.4985184745760556
-1.5904079670751448;-1.5098741048762219
-1.575775305238749;-1.521132904615748
-1.5610412018084978;-1.5322937792638487
-1.5462062226413402;-1.5433556347018031
-1.531270947041536;-1.5543173774195187
-1.5162359678569883;-1.5651779146942937
-1.501101891574663;-1.5759361547726594
-1.4858693384150983;-1.586591007055303
-1.470538942415419;-1.5971413822862424
-1.4551113510357265;-1.60758619279819
-1.43958722569324;-1.6179243526573301
-1.4239672420049598;-1.6281547778436147
-1.40825208967725;-1.6382763864734415
-1.3924424725826177;-1.648288099004415
-1.3765391088349597;-1.6581888384432588
-1.3605427308632685;-1.6679775305568718
-1.3444540854838039;-1.6776531040865392
-1.3282739337632796;-1.6872144909647462
-1.312003050729015;-1.6966606265347723
-1.2956422262746121;-1.705990449776489
-1.2791922648723768;-1.7152029035322551
-1.2626539855962466;-1.7242969347367596
-1.2460282221705512;-1.733271494650083
-1.229315823016532;-1.7421255390939057
-1.2125176512966171;-1.7508580286908644
-1.1956345849300498;-1.7594679291011983
-1.1786675159927997;-1.7679542111267783
-1.1616173514363628;-1.776315851110679
-1.144485013192337;-1.7845518312044553
-1.1272714379904722;-1.7926611395756358
-1.1099775773740126;-1.800642770662529
-1.0926043977120088;-1.808495725432001
-1.0751528802086006;-1.816219011640228
-1.0576240209092864;-1.8238116440964127
-1.0400188304105384;-1.8312726447949144
-1.0223383335569025;-1.838601043045975
-1.004583570350043;-1.8457958761663313
-0.9867555955179271;-1.852856189560043
-0.9688554784718504;-1.8597810369814503
-0.950884303278055;-1.8665694808091817
-0.932843168625504;-1.8732205923227605
-0.9147331877898115;-1.8797334519818127
-0.8965554885489482;-1.8861071496744024
-0.8783112124845569;-1.8923407845078277
-0.8600015157229196;-1.898433465689957
-0.8416275688432778;-1.9043843127885103
-0.8231905566409804;-1.9101924558864047
-0.8046916780527322;-1.9158570358647762
-0.7861321460772087;-1.9213772046880029
-0.767513187691032;-1.9267521256907327
-0.748836043760131;-1.9319809738669087
-0.730101968640153;-1.9370629357973037
-0.7113122299315278;-1.9419972097680627
-0.6924681090927057;-1.946783006915255
-0.6735709009655627;-1.9514195510858763
-0.6546219136428039;-1.9559060791122351
-0.635622468337182;-1.960241841095999
-0.6165738992453711;-1.9644261006934038
-0.5974775534065181;-1.9684581354016242
-0.5783347905093357;-1.9723372367556666
-0.5591469822934911;-1.9760627097388435
-0.5399155129900256;-1.9796338742487127
-0.5206417790643608;-1.9830500652028904
-0.5013271889451406;-1.986310632628647
-0.4819731628399516;-1.9894149419350762
-0.4625811325451583;-1.9923623741853562
-0.4431525412498704;-1.9951523263691058
-0.42368884333399304;-1.9977842116748397
-0.4041915040044375;-2.0002574591087394
-0.38466199907623083;-2.0025715137455644
-0.3651018150170625;-2.0047258381083544
-0.34551244857114805;-2.0067199118097947
-0.32589540652125065;-2.0085532317973596
-0.3062522054452823;-2.010225312600486
-0.2865843714667142;-2.0117356865765794
-0.26689343999881854;-2.0130839041558404
-0.24718095548392177;-2.014269533916184
-0.22744847113342737;-2.0152921617086315
-0.207697548641405;-2.016151392552773
-0.18792975790693195;-2.016846850484559
-0.16814667674896572;-2.017378178579315
-0.14834989061365636;-2.017745039161502
-0.12854099227547847;-2.017947114011889
-0.1087215815322049;-2.0179841045721387
-0.08889326489366992;-2.0178557321468147
-0.06905765549331858;-2.017561737221549
-0.04921637268801762;-2.017101879954831
-0.02937104146591321;-2.0164759413823186
-0.009523292281769055;-2.0156837229492592
0.0103252392777686;-2.0147250466712388
0.0301729128347068;-2.013599755290878
0.050018083566021346;-2.0123077124304944
0.06985910255580513;-2.0108488027407185
0.08969431702830363;-2.0092229318195995
0.10952207013748416;-2.0074300253164545
0.12934070227965533;-2.0054700307712
0.14914855118547346;-2.003342917235258
0.1689439522073559;-2.0010486752307792
0.18872523869093405;-1.9985873168470993
0.20849074235153317;-1.9959588758317486
0.2282387936556577;-1.9931634076760285
0.24796772220437846;-1.990200989691834
0.2676758563284686;-1.9870717202515649
0.2873615239751467;-1.9837757193711805
0.30702305368993466;-1.9803131293822391
0.32665877456388126;-1.9766841145087397
0.3462670166226166;-1.9728888608963822
0.3658461112192747;-1.9689275766351721
0.38539439143126386;-1.9648004917753754
0.4049101924609365;-1.960507858336813
0.4243918518007384;-1.9560499501605
0.44383770881260864;-1.9514270623816388
0.4632461064811322;-1.9466395122649216
0.4826153913673238;-1.9416876388955349
0.5019439139069679;-1.9365718030784493
0.5212300287915912;-1.9312923872807455
0.5404720953507454;-1.9258497955656895
0.5596684778751735;-1.9202444535833436
0.5788175458818108;-1.9144768086166357
0.5979176747366202;-1.908547329237226
0.6169672459445169;-1.9024565053112212
0.6359646475229417;-1.8962048479084368
0.6549082743843495;-1.889792889195273
0.6737965287195719;-1.883221182319827
0.6926278200307852;-1.8764903011846417
0.7114005651747194;-1.8696008402144935
0.7301131896859303;-1.8625534144972937
0.7487641277159945;-1.8553486595048547
0.7673518223749567;-1.8479872309254
0.7858747260860525;-1.8404698044920045
0.8043313009393257;-1.8327970758026828
0.8227200187238364;-1.824969760258895
0.841039361200245;-1.8169885929001213
0.8592878210007402;-1.808854327981343
0.8774639016742727;-1.800567738880015
0.8955661180101896;-1.7921296178840578
0.9135929963612737;-1.7835407759712902
0.9315430749640667;-1.774802042581148
0.9494149038664391;-1.7659142655372388
0.9672070453583066;-1.7568783107565473
0.9849180746639115;-1.74769506184349
1.0025465799963011;-1.738365419934427
1.0200911628434681;-1.7288903034391736
1.037550438250617;-1.7192706477752768
1.0549230350936465;-1.709507405098534
1.072207595929414;-1.6996015443233106
1.0894027775414437;-1.6895540506402758
1.1065072514148409;-1.6793659250743032
1.1235197038025655;-1.6690381843218467
1.1404388359642283;-1.6585718604561335
1.1572633643997878;-1.6479680006259882
1.1739920210655466;-1.637227666763071
1.1906235532385583;-1.6263519356885126
1.2071567240559555;-1.6153418984168229
1.2235903127904693;-1.6041986597564104
1.2399231149352772;-1.592923338121068
1.2561539423913106;-1.5815170652091322
1.2722816236485173;-1.5699809856773919
1.2883050039411676;-1.55831625684514
1.3042229451418035;-1.5465240488470753
1.3200343262247536;-1.5346055437571855
1.3357380434060138;-1.522561935272234
1.3513330102220613;-1.510394428487836
1.3668181576630134;-1.4981042395618822
1.382192434299028;-1.4856925953739752
1.3974548063802525;-1.4731607332470977
1.4126042577962141;-1.4605099011151177
1.4276397903778242;-1.4477413565117332
1.4425604239570762;-1.4348563663473082
1.4573651964282306;-1.42185620665404
1.4720531638269208;-1.4087421622441563
1.4866234004020982;-1.3955155263654806
1.5010749986724563;-1.3821776004580855
1.5154070694453112;-1.368729694285257
1.529618741924355;-1.3551731248703964
1.5437091637357214;-1.3415092163557631
1.5576775009577992;-1.3277392997235684
1.5715229381483475;-1.3138647124587162
1.5852446783643586;-1.2998867982102644
1.5988419431932364;-1.2858069065949402
1.6123139728090772;-1.2716263932488627
1.6256600258815719;-1.2573466187981532
1.6388793796002743;-1.2429689487734548
1.651971329665054;-1.2284947533187098
1.6649351902652052;-1.2139254068670684
1.677770294051431;-1.199262287816854
1.690475992163064;-1.1845067783866465
1.7030516542792093;-1.1696602645595597
1.7154966683622397;-1.1547241351639368
1.7278104406927441;-1.1396997818119758
1.7399923958178158;-1.1245885986097655
1.7520419764874569;-1.1093919818536653
1.7639586435843164;-1.0941113297278797
1.7757418761684385;-1.0787480422075018
1.7873911714700503;-1.0633035208867918
