1.338261212717717;-1.486289650954788
1.3530673210647322;-1.4728444082965768
1.3677590499735393;-1.459274642165505
1.382335155427374;-1.4455815173457227
1.3967944193486652;-1.4317662050538238
1.4111356388015917;-1.4178298925548567
1.4253576267252606;-1.4037737825177876
1.439459212056658;-1.3895990928925024
1.4534392400464267;-1.3753070565761971
1.4672965726463727;-1.3608989208444062
1.4810300888085977;-1.3463759470025884
1.4946386846280881;-1.331739410428373
1.5081212736896785;-1.316990600103774
1.52147678688564;-1.3021308183628975
1.534704172499344;-1.2871613806072484
1.547802397121634;-1.2720836149196104
1.5607704455937486;-1.2568988617964922
1.5736073209370676;-1.2416084737399202
1.586312044391658;-1.2262138148862118
1.5988836561432163;-1.2107162608705377
1.6113212153095182;-1.1951171984378544
1.623623799891914;-1.179418025002616
1.635790506756626;-1.1636201482231292
1.6478204523034612;-1.1477249859191165
1.659712772442788;-1.1317339656439143
1.6714666225302335;-1.115648524264849
1.6830811772682754;-1.0994701075315545
1.694555631384343;-1.0832001699356173
1.705889199570166;-1.0668401742930596
1.7170811162898412;-1.0503915913218973
1.728130635586883;-1.033855899220148
1.739037032108764;-1.017234583536896
1.7497996008553816;-1.000529136736198
1.7604176572902328;-0.9837410578482926
1.7708905374216761;-0.96687185211639
1.7812175962934997;-0.9499230303634364
1.7913982093994922;-0.9328961088736161
1.8014317732889764;-0.9157926091314306
1.8113177051192968;-0.8986140573754033
1.8210554427351753;-0.881361984244532
1.8306444443733516;-0.864037924422613
1.8400841872712805;-0.8466434162763423
1.8493741699885509;-0.8291800015145009
1.8585139118052878;-0.8116492248305398
1.8675029526101818;-0.7940526335479469
1.876340852936655;-0.7763917772664536
1.8850271929129523;-0.7586682076454442
1.8935615722893797;-0.740883478051291
1.9019436119524127;-0.7230391430168549
1.9101729531391434;-0.7051367579914991
1.9182492574304724;-0.6871778789927253
1.9261722066231621;-0.6691640622918839
1.9339415011733658;-0.6510968645004311
1.9415568618767176;-0.6329778417486794
1.9490180297741122;-0.61480854936205
1.9563247657889045;-0.5965905416126345
1.9634768506808387;-0.5783253713819473
1.9704740843556208;-0.5600145901099252
1.977316285489816;-0.5416597476038485
1.9840032922700066;-0.5232623913522649
1.9905349625356488;-0.5048240661038141
1.9969111732946232;-0.4863463137247235
2.003131820644981;-0.4678306728779231
2.0091968186735154;-0.44927867934740645
2.0151060999562596;-0.4306918653492203
2.020859615993148;-0.4120717588828287
2.026457336633741;-0.39341988371872577
2.031899249913113;-0.37473775912567053
2.0371853618770044;-0.3560268996034802
2.0423156964132563;-0.33728881476196787
2.047290295075377;-0.31852500922911375
2.0521092168289066;-0.2997369820158998
2.0567725378555473;-0.2809262264524235
2.06128035132749;-0.26209422997214027
2.065632767170345;-0.24324247389620895
2.0698299120274157;-0.22437243316978703
2.073871930390614;-0.20548557580091587
2.0777589825699345;-0.18658336312004803
2.081491244839882;-0.1676672494811745
2.0850689094157366;-0.14873868201087065
2.0884921842323334;-0.12979910041232026
2.0917612927267797;-0.11084993677328298
2.09487647414663;-0.09189261529838269
2.0978379829528455;-0.0729285521841436
2.100646088371218;-0.053959155475904394
2.103301074369781;-0.03498582486423915
2.1058032394369426;-0.016009951516349506
2.1081528963562226;0.002967082087482112
2.110350372122159;0.021943902286409217
2.1123960078330333;0.04091914437002912
2.1142901581138367;0.05989145278809303
2.1160331910466414;0.07885948126340625
2.1176254879482888;0.0978218929264793
2.1190674431417302;0.11677736044564582
2.120359463768481;0.13572456615351228
2.121501969792081;0.15466220217520965
2.122495393445911;0.17358897053119807
2.1233401790829047;0.19250358324957087
2.124036782977336;0.211404762471439
2.124585673096094;0.230291240550035
2.1249873288659797;0.2491617601440535
2.12524224118329;0.2680150743578611
2.1253509119593788;0.28684994677762177
2.1253138538893586;0.3056651515501991
2.1251315902718875;0.3244594734680638
2.124804654784493;0.3432317080397863
2.1243335912578445;0.36198066155539077
2.1237189535735057;0.38070515119332393
2.1229613054948646;0.39940400509754354
2.1220612201845435;0.4180760623320554
2.121019280113385;0.43672017297769383
2.119836076845006;0.4553351981773286
2.118512210819356;0.4739200101758323
2.1170482911372974;0.49247349235555493
2.1154449353464035;0.5109945392673513
2.113702769361546;0.5294820567461923
2.1118224272623585;0.5479349619392542
2.109804550884077;0.5663521831907283
2.107649789729928;0.5847326601355609
2.1053588007768163;0.6030753437164245
2.102932248284022;0.6213791961970134
2.100370803605449;0.6396431911719652
2.097675145005611;0.6578663135734819
2.0948459571980083;0.6760475596782322
2.0918839312458353;0.6941859371066569
2.088789764679264;0.7122804648165707
2.085564161129713;0.7303301730998368
2.082207830148099;0.7483341035739028
2.0787214870262334;0.7662913091705259
2.0751058526214834;0.7842008541217658
2.0713616531837267;0.8020618139431968
2.067489619956227;0.819873275388322
2.0634904891321244;0.8376343364406803
2.059365001848368;0.8553441063073736
2.0551139038992874;0.8730017053777879
2.050737945569067;0.8906062651931634
2.0462378814669893;0.9081569284138149
2.0416144703655337;0.9256528487840759
2.036868475039475;0.943093191095234
2.0320006619805944;0.9604771311594726
2.0270118013375567;0.9778038557588359
2.02190266681918;0.9950725625963013
2.0166740354888297;1.012282460256495
2.0113266876135327;1.0294327681592477
2.005861406515707;1.0465227165114508
2.0002789784275405;1.063551546257283
1.994580192345888;1.0805185090263505
1.9887658398192476;1.097422867063036
1.982836714873946;1.1142638931878739
1.9767936138946007;1.1310408707457036
1.970637335464814;1.1477530935421214
1.9643686802342402;1.1643998657845083
1.9579884507881902;1.1809805020218507
1.9514974515197916;1.1974943270834293
1.9448964885019484;1.213940676015538
1.9381863693092234;1.2303188940000707
1.931367902953676;1.2466283363084039
1.924441899769738;1.2628683682369877
1.917409171281886;1.279038365035684
1.9102705300896223;1.29513771184015
1.9030267897548798;1.3111658036034808
1.8956787646918616;1.3271220450271854
1.888227270055363;1.3430058504891944
1.8806731215838952;1.358816643942971
1.873017135555175;1.3745538588815545
1.865260128680548;1.3902169382633807
1.8574029179932237;1.4058053344326
1.8494463207501564;1.4213185090457563
1.8413911543361603;1.4367559329980968
1.833238236170262;1.4521170863495725
1.8249883836102245;1.4674014582471644
1.8166424138266979;1.4826085468195216
1.8082011437612981;1.4977378591403647
1.799665390033606;1.5127889111468606
1.7910359688501243;1.5277612275577572
1.7823136959218606;1.5426543417969594
1.7734993863839208;1.5574677959170302
1.7645938547171047;1.5722011405226728
1.755597914665585;1.5868539346856865
1.746512379146924;1.601425745846056
1.7373380602071944;1.6159161497755872
1.7280757689395758;1.6303247304860395
1.7187263154134143;1.6446510801498173
1.7092905086063965;1.6588947990226481
1.6997691563385318;1.6730554953664265
1.6901630652079258;1.68713278537227
1.6804730405184534;1.7011262930663653
1.6706998862157327;1.7150356502276762
1.6608444048462865;1.7288604963439
1.650907397490168;1.7426004785178446
1.64088966370442;1.7562552513903573
1.6307920014682233;1.769824477063717
1.6206152071296285;1.7833078250253662
1.6103600753537441;1.7967049720716495
1.600027399065904;1.8100156022076637
1.5896179694077148;1.823239406589614
1.5791325756926082;1.8363760834602683
1.5685720053571413;1.849425338063724
1.55793704391637;1.862386882570399
1.5472284749206189;1.8752604360024618
1.5364470799136258;1.8880457241597308
1.52559363839162;1.9007424795435968
1.5146689277599097;1.9133504412589477
1.503673723300077;1.9258693549714612
1.4926087981326126;1.9382989728309832
1.4814749231805682;1.9506390533941267
1.4702728671352467;1.9628893615521517
1.4590033964230875;1.9750496684593808
1.447667275173721;1.9871197514621732
1.4362652651893524;1.9990993940224333
1.4247981259155964;2.0109883856300677
1.4132666144120611;2.022786521764006
1.4016714853251921;2.034493603812095
1.3900134908619344;2.046109439000415
1.3782933807643771;2.0576338403247623
1.366511902285425;2.0690666264827056
1.354669800165451;2.0804076218062613
1.3427678166116357;2.0916566561849623
1.3308066912773406;2.102813564994991
1.3187871612381765;2.1138781890543044
1.306709960974263;2.1248503745467335
1.2945758223517048;2.1357299729567716
1.2823854746049062;2.1465168410051176
1.2701396443197426;2.1572108405848356
1.2578390554176049;2.167811838697992
1.2454844291447635;2.1783197073790705
1.2330764840549848;2.188734323642193
1.220615935993703;2.199055569426581
1.2081034980873027;2.2092833315292433
1.195539880731216;2.2194175015442252
1.1829257915787348;2.229457975802487
1.1702619355305328;2.239404655312405
1.157549014725931;2.2492574456988224
1.144787728544875;2.2590162571230095
1.1319787735838007;2.268681004255816
1.1191228436501859;2.278251606216005
1.1062206297580806;2.287727986508519
1.0932728201216209;2.297110072968517
1.0802801001491242;2.306397797706058
1.0672431524377275;2.3155910970514655
1.0541626567685647;2.32468991150136
1.041039290102449;2.3336941856653777
1.0278737265760522;2.3426038682135806
1.0146666375005202;2.3514189118210513
1.0014186914039085;2.3601392730358666
0.988130553975789;2.3687649123229897
0.974802888062252;2.377295794019761
0.9614363536799868;2.385731886258787
0.9480316080158804;2.3940731609180506
0.9345893054270222;2.4023195935716646
0.9211100974411118;2.410471163441249
0.9075946327572333;2.418527853347956
0.8940435572469988;2.426489649665133
0.8804575139560215;2.4343565422716362
0.8668371431063742;2.4421285245050326
0.8531830821500652;2.4498055930566482
0.8394959657256604;2.4573877479799155
0.8257764256380077;2.4648749926729083
0.8120250908865688;2.4722673338054637
0.7982425876696584;2.479564781275188
0.784429539388967;2.4867673481640464
0.7705865666543704;2.493875050695536
0.7567142872889892;2.5008879081924444
0.7428133163345022;2.5078059430351995
0.7288842660566804;2.514629180620803
0.7149277459511474;2.521357649322349
0.7009443627910421;2.527991380410853
0.6869347206127491;2.534530408034683
0.6728994206779904;2.5409747692214317
0.6588390615115566;2.5473245038111
0.6447542389089467;2.5535796544176113
0.6306455459442136;2.559740266390851
0.6165135729779845;2.5658063877792285
0.6023589076656587;2.571778069292767
0.5881821349657542;2.5776553642667093
0.5739838371484068;2.5834383286256477
0.5597645938039897;2.5891270208481734
0.5455249818815346;2.594721501914662
0.5312655757017488;2.6002218352705126
0.5169869469055094;2.6056280868277537
0.5026896644967888;2.610940324911894
0.4883742948531086;2.6161586202283478
0.47404140173571796;2.621283045829562
0.45969154629988995;2.6263136770826074
0.44532528710531993;2.631250591637239
0.43094318012660715;2.636093869394417
0.4165457787638259;2.64084359247529
0.4021336338531544;2.645499845190635
0.38770729369723356;2.650062714003399
0.3732673040961858;2.6545322874914645
0.35881420829252;2.65890865634308
0.34434854701317064;2.6631919133164286
0.3298708584827236;2.6673821532104145
0.31538167843517045;2.6714794728364506
0.3008815401257319;2.6754839709906535
0.2863709743427213;2.6793957484264563
0.27185050941945976;2.6832149078276286
0.25732067124621444;2.6869415537816983
0.2427819832821704;2.6905757927537817
0.2282349665790408;2.694117733058034
0.21368013982062856;2.6975674848256967
0.19911801927428277;2.7009251599945454
0.1845491188269473;2.7041908722785517
0.16997395000080895;2.7073647371427896
0.1553930219660202;2.710446871779419
0.14080684155343026;2.7134373950840316
0.1262159132673385;2.7163364276323616
0.11162073929824212;2.7191440916573515
0.09702181953559248;2.721860511026576
0.08241965158053235;2.7244858112200125
0.06781473076506762;2.7270201193077677
0.05320755019414895;2.7294635639267373
0.03859860070674796;2.731816275262573
0.023988370904571107;2.7340783850278307
0.009377347169741548;2.736250026441131
-0.005233986321988585;2.738331334206914
-0.01984514758804684;2.7403224444955194
-0.03445565682585447;2.742223494923581
-0.049065036399672156;2.7440346245347365
-0.06367281082746214;2.745755973780649
-0.07827850676779287;2.747387684502331
-0.09288165300197945;2.7489298999121417
-0.10748178038168879;2.750382764578726
-0.12207842187975629;2.7517464244043546
-0.13667111256336048;2.7530210266085007
-0.15125938957170532;2.7542067197113638
-0.16584279210286915;2.7553036535169806
-0.1804208614006934;2.756311979096614
-0.19499314074173663;2.757231848772425
-0.2095591754222778;2.758063416101413
-0.22411851274539496;2.758806835859624
-0.23867070200810342;2.7594622640266344
-0.2532152944885789;2.760029857770284
-0.26775184343344965;2.7605097754316765
-0.28227990404518355;2.7609021765104287
-0.29679903346955766;2.7612072216501757
-0.3113087907151275;2.761425072633021
-0.3258087366403652;2.7615558923656
-0.3402984340835632;2.7615998448471375
-0.3547774477680217;2.7615570951664874
-0.3692453442880468;2.7614278094890845
-0.38370169209600463;2.761212155044007
-0.39814606148942977;2.760910300111268
-0.412578024598213;2.7605224140093383
-0.426997155371851;2.7600486670828928
-0.4414030295667815;2.759489230690774
-0.4557952247337881;2.758844277194177
-0.4701733202054974;2.758113979945047
-0.48453689708395226;2.757298513274685
-0.4988855382282846;2.75639805248256
-0.5132188282348964;2.7554127738281915
-0.5275363533470211;2.7543428545499724
-0.5418377015626262;2.7531884728092217
-0.5561224626019554;2.7519498076875433
-0.5703902278748592;2.750627039184498
-0.5846405904683706;2.7492203482078454
-0.5988731451343456;2.74772991656398
-0.6130874882771903;2.746155926948566
-0.6272832179416555;2.7444985629373555
-0.6414599338007249;2.7427580089771975
-0.6556172371435787;2.740934450377227
-0.6697547308636455;2.7390280733002363
-0.6838720194467484;2.7370390647542235
-0.6979687089593334;2.73496761258411
-0.7120444070368022;2.7328139054636327
-0.7260987228344438;2.7305781329035925
-0.7401312670061744;2.728260485248304
-0.7541416517866261;2.7258611536276067
-0.7681294909286359;2.7233803299715387
-0.7820943996903779;2.720818207003763
-0.7960359948236668;2.7181749782346882
-0.8099538945623294;2.715450837954757
-0.8238477186106612;2.7126459812278894
-0.8377170881319534;2.709760603885087
-0.8515616257371097;2.7067949025181894
-0.8653809554733344;2.7037490744737847
-0.8791747028129152;2.7006233178472665
-0.8929424946420808;2.6974178314770385
-0.9066839592499545;2.694132814938861
-0.9203987263144436;2.690768468542949
-0.934086426849907;2.6873249933630143
-0.947746693256399;2.683802591181195
-0.96137915930201;2.680201464488741
-0.9749834601000185;2.6765218164911997
-0.9885592320980284;2.6727638511038694
-1.0021061130671778;2.668927772947393
-1.0156237420914234;2.665013787343492
-1.0291117595569135;2.661022100310831
-1.042569807141429;2.6569529185610237
-1.0559975278039184;2.6528064494947583
-1.0693945657741015;2.648582901198064
-1.0827605665421705;2.644282482438693
-1.0960951768485625;2.6399054026626345
-1.1093980446738296;2.6354518719907425
-1.1226688192125158;2.630922101231211
-1.1359071508544196;2.626316301885033
-1.1491126912220102;2.621634686096703
-1.162285093136125;2.6168774666753047
-1.1754240106051652;2.6120448570927985
-1.1885290988151955;2.6071370714816258
-1.2016000141201115;2.602154324632437
-1.2146364140318902;2.5970968319919367
-1.2276379572109153;2.5919648096608463
-1.2406043034563756;2.5867584743919845
-1.2535351136967543;2.581478043588454
-1.2664300499803849;2.5761237353019446
-1.2792887754660944;2.5706957682311455
-1.2921109544139215;2.5651943617202617
-1.3048962521747745;2.559619735759275
-1.317644335161572;2.553972111010845
-1.3303548708671584;2.5482517087706764
-1.3430275278539854;2.5424587509683967
-1.3556619757387516;2.5365934601758435
-1.36825788518345;2.5306560596064327
-1.3808149278864814;2.524646773114633
-1.3933327765738506;2.518565825195545
-1.4058111049904296;2.51241344098459
-1.4182495878913104;2.506189846257292
-1.4306479010332225;2.4998952674291655
-1.4430057211660332;2.493529931555703
-1.4553227260243211;2.487094066332457
-1.4675985943190353;2.4805879000952205
-1.479833005729225;2.4740116618202954
-1.4920256408923982;2.4673655811124955
-1.504176181373088;2.4606498883216
-1.5162843097050693;2.453864814325525
-1.5283497093505283;2.4470105906848456
-1.5403720646984282;2.4400874496055645
-1.5523510610565836;2.4330956239402433
-1.56428638464382;2.4260353471892104
-1.576177722582201;2.418906853501857
-1.5880247628893391;2.4117103776780096
-1.5998271944707763;2.404446155169393
-1.6115847071124512;2.397114422081163
-1.6232969914732347;2.3897154151735327
-1.6349637390775467;2.382249371863475
-1.646584642308044;2.3747165302265087
-1.6581593943981374;2.367117128999487
-1.6696876894188237;2.3594514076039257
-1.6811692222792194;2.3517196061209633
-1.6926036887198508;2.3439219652924463
-1.7039907853035507;2.336058726530866
-1.7153302094085738;2.328130131921792
-1.726621659221775;2.320136424226402
-1.7378648337318705;2.3120778468840943
-1.7490594327227686;2.3039546440151923
-1.7602051567669836;2.2957670604237292
-1.7713017072191175;2.28751534160033
-1.7823487862094207;2.2791997337251733
-1.7933460966374235;2.2708204836710477
-1.804293342164959;2.262377839011211
-1.8151902272079987;2.2538720480358645
-1.826036456934835;2.245303359726057
-1.8368317372583716;2.2366720237682727
-1.8475757748298587;2.2279782905598244
-1.8582682770329582;2.219222411212572
-1.8689089519778843;2.2104046375567243
-1.8794975084956178;2.2015252221447437
-1.8900336561322004;2.192584418255329
-1.9005171051430967;2.1835824798975043
-1.9109475664876354;2.174519661814791
-1.921324751823519;2.1653962194894816
-1.9316483735014183;2.156212409146994
-1.9419181445604756;2.1469684877648496
-1.9521337787227113;2.1376647130754454
-1.9622949903866482;2.128301343564315
-1.972401494622976;2.1188786384790532
-1.982453007169528;2.1093968578341857
-1.9924492444263224;2.0998562624161403
-2.0023899234506835;2.0902571137883013
-2.0122747619524324;2.0805996742961677
-2.0221034782891634;2.070884207072597
-2.0318757914615837;2.061110976043147
-2.0415914211089343;2.0512802459315145
-2.05125008750448;2.0413922822650656
-2.060851511551812;2.0314473513793154
-2.0703954147903456;2.0214457204081344
-2.0798815193770053;2.0113876573116483
-2.089309548083455;2.001273430879877
-2.098679224294874;1.991103310734166
-2.1079902720059693;1.9808775673331736
-2.1172424158170715;1.9705964719789357
-2.1264353809303027;1.960260296823032
-2.135568893145833;1.9498693148728294
-2.1446426788582005;1.939423799997827
-2.153656465052718;1.9289240269360843
-2.1626099793019526;1.918370271300746
-2.171502949762288;1.9077628095866463
-2.1803351051753657;1.897101919172659
-2.189106174873253;1.8863878783208219
-2.1978158887524746;1.875620966203849
-2.206463977280659;1.8648014629032392
-2.2150501714945254;1.853929649415393
-2.223574202997014;1.8430058076586695
-2.232035803954495;1.8320302204805277
-2.240434707094063;1.821003171664757
-2.2487706457009127;1.8099249459387867
-2.2570433536157926;1.798795828981091
-2.265252565232543;1.7876161074286756
-2.2733980154957107;1.7763860688846558
-2.2814794398982774;1.7651060019259017
-2.289496574495934;1.7537761961036293
-2.2974491558930707;1.7423969419563863
-2.305336921226395;1.730968531024196
-2.313159608174424;1.719491255851584
-2.3209169549557305;1.707965409995612
-2.3286087003272926;1.696391288033991
-2.3362345835829132;1.6847691855732836
-2.3437943445517404;1.6730993992571812
-2.351287723596866;1.6613822267748772
-2.3587144616140128;1.649617966869515
-2.3660743000303075;1.6378069193467306
-2.373366980803144;1.6259493850832656
-2.3805922464221476;1.6140456660351428
-2.38774983993432;1.6020960652418286
-2.3948395049017797;1.5901008868424367
-2.4018609854093573;1.5780604360832047
-2.4088140260701856;1.5659750193254154
-2.415698372025275;1.5538449440544926
-2.4225137689431895;1.5416705188891748
-2.429259963019809;1.5294520535907767
-2.4359367009781954;1.5171898590725241
-2.4425437300685453;1.504884247408982
-2.4490807980682368;1.4925355318455606
-2.45554765328197;1.4801440268081099
-2.461944044542007;1.467710047912586
-2.4682697212233693;1.4552339119737858
-2.4745244332588197;1.44271593701418
-2.480707931086198;1.4301564422775113
-2.486819965674468;1.4175557482370387
-2.492860288526027;1.4049141766055186
-2.4988286516777736;1.3922320503453587
-2.5047248077022704;1.3795096936788565
-2.5105485097090168;1.3667474320985127
-2.51629951134582;1.3539455923774373
-2.521977566800271;1.3411045025798303
-2.52758243080132;1.3282244920715531
-2.533113858620964;1.3153058915307705
-2.5385716060764465;1.3023490329586709
-2.543955429572781;1.2893542496888344
-2.549265086065822;1.276321876399511
-2.554500333044438;1.2632522491253138
-2.55966092855448;1.2501457052674985
-2.564746631201417;1.2370025836050993
-2.569757200153077;1.2238232243061409
-2.574692395142509;1.2106079689389393
-2.5795519764709627;1.197357160483472
-2.584335705010972;1.1840711433428435
-2.5890433422095676;1.1707502633548248
-2.5936746500915913;1.1573948678034824
-2.598229391263135;1.1440053054308768
-2.6027073289149305;1.1305819264488637
-2.60710822691892;1.1171250825465653
-2.611431849670847;1.103635126909954
-2.61567796217323;1.0901124142301406
-2.6198463300336736;1.0765573007157616
-2.6239367194694743;1.0629701441051553
-2.6279488973123386;1.0493513036786233
-2.631882631013223;1.0357011402707625
-2.6357376886472967;1.0220200162828925
-2.639513838919024;1.0083082956955554
-2.643210851167373;0.9945663440811053
-2.646828495371148;0.9807945286163682
-2.650366542154448;0.9669932180953936
-2.6538247628375746;0.9531627829381206
-2.657202929455883;0.9393035952020818
-2.6605008146455025;0.9254160286064307
-2.6637181917152;0.9115004585389574
-2.6668548346546355;0.8975572620690511
-2.66991051814114;0.883586817960883
-2.672885017546655;0.8695895066866772
-2.6757781089448383;0.855565710440046
-2.6785895691183286;0.8415158131494173
-2.6813191755661823;0.8274402004915317
-2.683966706511472;0.813339259905027
-2.68653194090906;0.7992133806040866
-2.6890146584535413;0.7850629535921801
-2.6914146395873586;0.7708883716758724
-2.693731665509095;0.7566900294787202
-2.69596551818194;0.7424683234552317
-2.6981159803532377;0.7282236519031867
-2.700182835713533;0.7139564149538915
-2.7021658686832;0.6996670146217134
-2.704064864447026;0.6853558548143186
-2.705879609010029;0.6710233413396539
-2.707609889207931;0.6566698819202317
-2.709255492717873;0.6422958862074921
-2.7108162080693643;0.6279017657962219
-2.7122918246554706;0.6134879342390549
-2.7136821327442497;0.5990548070610355
-2.7149869234904274;0.5846028017742503
-2.716205988947326;0.5701323378925346
-2.717339122079043;0.5556438369462345
-2.7183861167728844;0.5411377224970492
-2.7193467678520546;0.5266144201529331
-2.720220871088605;0.5120743575830735
-2.7210082232166477;0.49751796453292146
-2.721708621940961;0.4829456728211653
-2.7223218659481923;0.4683579163454434
-2.7228477549356085;0.45375513115242494
-2.7232860896176576;0.43913775542433336
-2.723636671740203;0.42450622949309486
-2.7238993040953097;0.40986099585553715
-2.7240737905363064;0.39520249918864986
-2.7241599359931294;0.3805311863648845
-2.72415754648795;0.3658475064675203
-2.724066429151092;0.351151910806074
-2.723886392237238;0.33644485293176923
-2.723617245141925;0.32172678865304305
-2.72325879841834;0.30699817605111696
-2.7228108637944106;0.29225947549560893
-2.722273254190199;0.27751114966020324
-2.7216457837355965;0.2627536635383559
-2.720928267788177;0.2479874844555745
-2.7201205229489993;0.23321308202565552
-2.7192223670847757;0.21843092825072052
-2.7182336193465924;0.20364149753187985
-2.7171541001883135;0.18884526666512583
-2.7159836313861434;0.1740427148569661
-2.7147220360585034;0.15923432374008392
-2.71336913868624;0.14442057738903125
-2.7119247651331535;0.12960196233593385
-2.710388742666863;0.11477896758623404
-2.708760899979999;0.0999520846344487
-2.707041067211733;0.0851218074799577
-2.705229075969645;0.07028863264280082
-2.7033247593519336;0.05545305917950813
-2.7013279519699656;0.040615588698942356
-2.699238489971175;0.025776725378167806
-2.697056211062309;0.010936975978323805
-2.694780954567735;-0.0039031501850166628
-2.6924125614803907;-0.01874314126135848
-2.6899508743670077;-0.033582482693092164
-2.687395737452611;-0.04842065727806594
-2.68474699664882;-0.06325714515791533
-2.6820044995797314;-0.07809142380273534
-2.679168095608193;-0.09292296799576391
-2.67623763586247;-0.10775124981810119
-2.673212973263314;-0.12257573863343865
-2.670093962551429;-0.1373959010728214
-2.6668804603153466;-0.15221120101942914
-2.6635723250197034;-0.16702109959339873
-2.6601694170339347;-0.18182505513666355
-2.656671598661379;-0.196622523197831
-2.6530787341688016;-0.2114129565170932
-2.6493906898163404;-0.2261958050111661
-2.645607333891304;-0.24097051576527495
-2.641728536813066;-0.2557365331692161
-2.637754171064585;-0.2704932986991677
-2.633684111224206;-0.28524025090307426
-2.6295182340249945;-0.2999768254413189
-2.6252564183877203;-0.3147024550728227
-2.620898545454313;-0.3294165696412439
-2.616444498621782;-0.344118596061264
-2.6118941635766144;-0.358807958304984
-2.607247428329644;-0.37348407738840833
-2.6025041832514058;-0.38814637135803853
-2.5976643211079784;-0.4027942552775654
-2.5927277370973028;-0.4174271412146817
-2.5876943288860073;-0.43204443822799266
-2.5825639966467184;-0.4466455523540477
-2.5773366430958773;-0.46122988659448044
-2.572012173532053;-0.47579684090328045
-2.566590495901482;-0.49034581226215235
-2.5610715208657857;-0.5048761947615316
-2.5554551617382564;-0.5193873792470753
-2.549741334574048;-0.5338787534715606
-2.543929958214504;-0.5483497020940944
-2.538020954328982;-0.5627996066694897
-2.532014247457224;-0.5772278456378436
-2.525909765052284;-0.5916337943143175
-2.519707437524014;-0.6060168248791422
-2.513407198283106;-0.6203763063678249
-2.507008983785709;-0.6347116046615857
-2.500512733578613;-0.6490220824780091
-2.4939183903450033;-0.6633070993619375
-2.4872258999507997;-0.6775660116765846
-2.4804352114915766;-0.6917981725948915
-2.473546277340072;-0.7060029320911188
-2.466559053460744;-0.7201796373160172
-2.459473498331139;-0.7343276312596507
-2.452289574862122;-0.7484462550470679
-2.445007249027883;-0.7625348459137155
-2.4376264903304916;-0.7765927378820099
-2.430147271850777;-0.7906192617556783
-2.42256957029989;-0.8046137451145515
-2.4148933660715595;-0.8185755123097893
-2.4071186432950133;-0.8325038844595625
-2.3992453898886033;-0.8463981794451623
-2.3912735976141;-0.8602577119075617
-2.3832032621316825;-0.8740817932444095
-2.3750343830556;-0.88786973160748
-2.3667669640105267;-0.9016208319005518
-2.3584010126885975;-0.9153343957777353
-2.349936540907128;-0.9290097216422424
-2.3413735646670184;-0.9426461046455914
-2.3327121042014176;-0.9562428367808666
-2.3239521840183768;-0.9697992070366022
-2.315093833005667;-0.9833145009988083
-2.306137084472867;-0.9967880010231228
-2.297081976211224;-1.0102189862538227
-2.287928550555752;-1.0236067326293556
-2.2786768544480007;-1.0369505128884777
-2.2693269394994835;-1.0502495965769776
-2.2598788620557757;-1.0635032500550132
-2.250332683261281;-1.0767107365050328
-2.2406884691201316;-1.0898713159284783
-2.2309462905343564;-1.1029842450819949
-2.221106223416023;-1.1160487776056012
-2.211168348743027;-1.1290641640026047
-2.2011327526217515;-1.142029651636327
-2.1909995263554243;-1.154944484740534
-2.180768766513115;-1.1678079044304293
-2.170440574999389;-1.1806191487141884
-2.1600150591246083;-1.1933774525050491
-2.149492331675883;-1.2060820476339484
-2.1388725109879676;-1.2187321628759111
-2.128155720996612;-1.231327024321282
-2.117342091332909;-1.2438658549843067
-2.106431757399231;-1.2563478747726837
-2.0954248604365455;-1.2687723006332257
-2.084321547598987;-1.2811383465728146
-2.0731219720290794;-1.2934452236801162
-2.061826292933588;-1.305692140148064
-2.0504346756600182;-1.3178783012971056
-2.0389472917737392;-1.3300029095992283
-2.0273643191357578;-1.3420651647027364
-2.0156859419292728;-1.3540642636645277
-2.003912350760809;-1.3659994008883583
-1.9920437428014117;-1.377869767906643
-1.9800803218257654;-1.3896745535725934
-1.9680222982921887;-1.4014129440926664
-1.9558698894232327;-1.4130841230599325
-1.9436233192868653;-1.4246872714883922
-1.9312828188782618;-1.4362215678482113
-1.9188486262021842;-1.4476861881018983
-1.9063209863559647;-1.4590803057414072
-1.8937001515719611;-1.4704030919775573
-1.8809863812553618;-1.4816537159497363
-1.868179942214011;-1.4928313442316938
-1.8552811086768464;-1.5039351411188164
-1.8422901623748438;-1.5149642686883331
-1.8292073926261805;-1.5259178868471637
-1.8160330964219271;-1.536795153380921
-1.8027675785122783;-1.5475952240040636
-1.7894111514933249;-1.5583172524111943
-1.775964135894353;-1.568960390329517
-1.7624268602278335;-1.57952378765088
-1.7487996608988956;-1.590006592857244
-1.7350828826078415;-1.6004079524267723
-1.7212768783451864;-1.6107270110865102
-1.707382009450975;-1.620962911934157
-1.6933986457025223;-1.6311147965031911
-1.6793271654025783;-1.6411818048293851
-1.6651679554679026;-1.651163075518726
-1.650921411518267;-1.6610577458167226
-1.6365879379658703;-1.6708649516791114
-1.6221679480882067;-1.680583827867278
-1.60766186380597;-1.6902135084509242
-1.5930701161609246;-1.6997531263509453
-1.578393145404736;-1.709201813418824
-1.5636314009917442;-1.718558700649985
-1.5487853416665798;-1.7278229182687956
-1.5338554355520235;-1.7369935958152098
-1.5188421602370956;-1.746069862233066
-1.5037460028653828;-1.7550508459600296
-1.4885674602235872;-1.7639356750191955
-1.4733070388296943;-1.7727234771129374
-1.4579652546571027;-1.7814133800703273
-1.4425426334560134;-1.7900045117194174
-1.4270397111548596;-1.7984959996840784
-1.4114570337108816;-1.8068869717148812
-1.3957951571939606;-1.815176555796514
-1.3800546478704108;-1.823363880257109
-1.364236082286746;-1.831448073879474
-1.348340047353401;-1.839428266014236
-1.3323671404284325;-1.8473035866948886
-1.31631796940118;-1.8550731667547473
-1.3001931524851138;-1.862736138134304
-1.2839933180994156;-1.8702916341329476
-1.2677191057955273;-1.8777387889852037
-1.251371165923994;-1.8850767382554245
-1.23495015969552;-1.8923046189788302
-1.2184567592557902;-1.8994215697955095
-1.2018916477599142;-1.906426731086556
-1.1852555194464616;-1.91331924511235
-1.1685490797111138;-1.9200982561529816
-1.1517730451799026;-1.9267629106508204
-1.1349281436407395;-1.9333123574127697
-1.1180151135724319;-1.9397457479784006
-1.101034705159784;-1.9460622363849533
-1.0839876800565584;-1.9522609794441743
-1.066874811374828;-1.958341136928952
-1.0496968837404899;-1.9643018717349936
-1.0324546933476255;-1.9701423500449522
-1.0151490480116832;-1.9758617414950168
-0.9977807672201018;-1.9814592193434766
-0.9803506820146625;-1.9869339605856213
-0.9628596351632233;-1.992285146168678
-0.9453084813045364;-1.9975119612005565
-0.9276980869090659;-2.0026135950996453
-0.9100293303206423;-2.0075892417745926
-0.8923031017967125;-2.012438099806473
-0.8745203035471935;-2.0171593726333215
-0.8566818497719266;-2.0217522687370555
-0.8387886665347923;-2.0262160018481157
-0.8208416913716566;-2.03054979117759
-0.8028418741655583;-2.0347528615314476
-0.784790176861331;-2.0388244435370346
-0.7666875734406557;-2.0427637738471303
-0.7485350499373431;-2.0465700953424304
-0.7303336044505325;-2.050242657336475
-0.7120842471558034;-2.053780715783016
-0.6937880003040572;-2.057183533482595
-0.6754458977620748;-2.0604503801465275
-0.6570589854416277;-2.0635805327464674
-0.6386283214478323;-2.0665732757778366
-0.620154975887674;-2.069427901418303
-0.6016400308568519;-2.0721437097460598
-0.5830845804239393;-2.074720008960359
-0.5644897306118596;-2.0771561156042924
-0.5458565993766755;-2.079451354789826
-0.5271863163943821;-2.081605060340177
-0.5084800227067462;-2.083616574872453
-0.4897388714569169;-2.0854852503724457
-0.4709640275347745;-2.087210448283953
-0.4521566675043718;-2.088791539728055
-0.4333179795536658;-2.090227905735851
-0.4144491634409228;-2.0915189374831464
-0.39555143043779184;-2.0926640365271165
-0.3766260032473065;-2.0936626150288253
-0.35767411541327254;-2.094514095604019
-0.3386970118144613;-2.0952179119806593
-0.3196959486514211;-2.095773509285629
-0.30067219319581723;-2.096180344160213
-0.2816270237007861;-2.0964378849990957
-0.2625617293073126;-2.096545612190839
-0.2434776099466287;-2.096503018359847
-0.22437597623865377;-2.0963096086098125
-0.20525814917291482;-2.095964900526191
-0.18612545977860295;-2.095468424172311
-0.1669792496742078;-2.0948197230902865
-0.14782087064099864;-2.094018354199468
-0.12865168447677996;-2.0930638880191528
-0.10947306285848585;-2.0919559089073276
-0.09028638720020528;-2.0906940153002234
-0.07109304850663635;-2.08927781995268
-0.051894447195037385;-2.087706950130674
-0.032691992541932974;-2.0859810471356823
-0.013487103001606646;-2.0840997674115327
0.0057187939831483126;-2.0820627827439244
0.024924262260641594;-2.0798697803058857
0.04412785715372499;-2.077520462885881
0.06332812564827994;-2.075014549115854
0.08252360658675723;-2.0723517736992227
0.10171283086674816;-2.069531887638812
0.12089432177662018;-2.066554658007861
0.140066595267545;-2.0634198679585416
0.1592281598587768;-2.0601273180174338
0.1783775170147566;-2.0566768257652006
0.19751316137789035;-2.0530682260332527
0.2166335810035978;-2.0493013711099755
0.2357372576007177;-2.0453761309458476
0.25482266677724885;-2.0412923933574523
0.27388827829670864;-2.0370500641287586
0.29293255638527127;-2.0326490662284598
0.3119539599257002;-2.0280893413289776
0.3309509427352096;-2.0233708497984035
0.3499219538496745;-2.018493570671859
0.36886543780272624;-2.013457501825084
0.38777983491026524;-2.0082626601457205
0.4066635815603719;-2.0029090817022905
0.42551511050866575;-1.9973968219108587
0.44433285105559794;-1.991725955038233
0.4631152293485243;-1.9858965743420376
0.48186066890229684;-1.9799087933499162
0.5005675907970326;-1.973762745378368
0.5192344139952765;-1.9674585836597667
0.5378595556649475;-1.9609964814690395
0.5564414315074621;-1.9543766322467482
0.574978456091017;-1.9475992497185886
0.5934690431192937;-1.9406645678574943
0.6119116053131065;-1.9335728399778493
0.6303045554433204;-1.9263243403517825
0.6486463065225917;-1.9189193639567121
0.6669352720752323;-1.9113582263800748
0.6851698664899623;-1.9036412638917173
0.7033485053772595;-1.895768833511414
0.7214696059312835;-1.8877413130715126
0.7395315872964237;-1.8795591012746908
0.757532870370558;-1.8712226170340178
0.7754718783708231;-1.8627322997595501
0.7933470378647681;-1.85408861021847
0.811156778730455;-1.8452920300400955
0.828899534527683;-1.8363430617263345
0.8465737428728691;-1.827242228656078
0.8641778458175643;-1.8179900750835492
0.8817102902306535;-1.8085871661305744
0.8991695279782634;-1.7990340876173474
0.9165540153664871;-1.7893314453277385
0.9338622150896614;-1.7794798661576225
0.9510925961599848;-1.7694799977301952
0.9682436341534515;-1.7593325082413136
0.9853138115884554;-1.7490380863961947
1.002301618306771;-1.7385974413390923
1.0192055518568965;-1.7280113025759603
1.036024117875569;-1.7172804198883356
1.052755829407906;-1.7064055628017936
1.0693992079552015;-1.6953875207584634
1.0859527846459014;-1.684227103332309
1.1024151000148035;-1.6729251398627807
1.118784704370378;-1.6614824793228673
1.135060158162916;-1.6498999901794866
1.1512400323534826;-1.6381785602462235
1.167322908783725;-1.6263190965283882
1.1833073802660925;-1.6143225250194342
1.1991920499841977;-1.6021897903887017
1.2149755334358223;-1.589921856033201
1.2306564582644235;-1.5775197038128443
1.2462334644905517;-1.5649843338363791
1.2617052048363582;-1.5523167642531466
1.2770703450479373;-1.53951803103676
1.2923275641864804;-1.5265891878443645
1.3074755548886714;-1.5135313059501132
1.3225130237962945;-1.5003454736771722
1.3374386918230405;-1.4870327962841987
1.3522512944587295;-1.473594395729798
1.3669495820750308;-1.4600314104183811
1.3815323202288168;-1.4463449949385627
1.3959982895991057;-1.4325363198408188
1.4103462859313505;-1.41860657140645
1.424575121305067;-1.404556951238889
1.4386836239637832;-1.3903886760318056
1.4526706385585926;-1.376102977276346
1.466535026402198;-1.3617011009592581
1.480275665718536;-1.34718430725382
1.4938914516460604;-1.3325538704490953
1.507381296418996;-1.3178110786868773
1.5207441300188391;-1.302957233209697
1.5339789001767286;-1.2879936482559444
1.5470845725825089;-1.2729216507335381
1.5600601310897602;-1.257742579885998
1.5729045779151944;-1.2424577869525573
1.5856169335391948;-1.2270686351250235
1.59819623698102;-1.211576499106066
1.6106415462670542;-1.195982764456422
1.6229519384159794;-1.180288827429046
1.6351265095945124;-1.1644960946153853
1.6471643752666392;-1.1486059825865942
1.6590646703332566;-1.1326199175348546
1.6708265490011447;-1.116539335350672
1.6824491850859782;-1.1003656809596303
1.6939317722666833;-1.0841004077244711
1.7052735240783046;-1.067744977267815
1.7164736740094966;-1.0513008591043056
1.7275314755927411;-1.034769530268986
1.7384462024817002;-1.0181524749605015
1.749217148367291;-1.001451184691303
1.7598436271887374;-0.9846671574316429
1.7703249732223645;-0.9678018971311846
1.7806605410806435;-0.9508569135104072
1.7908497057517716;-0.9338337216896926
1.8008918626315626;-0.9167338418160411
1.8107864275436283;-0.8995587987277995
1.8205328367004243;-0.8823101221349445
1.830130546772604;-0.8649893456293367
1.839579034886675;-0.8475980063368547
1.8488777986038818;-0.8301376446787633
1.8580263559035626;-0.8126098040082133
1.8670242451586745;-0.7950160302458184
1.8758710251119675;-0.7773578715827338
1.8845662749019305;-0.7596368786476257
1.893109593930474;-0.7418546034589981
1.9015006018241878;-0.7240125991948689
1.9097389383842298;-0.7061124199329142
1.917824263517748;-0.6881556203039392
1.925756257161642;-0.670143755145827
1.933534619232388;-0.6520783792560421
1.9411590696907697;-0.6339610475010493
1.9486293482115467;-0.6157933137995842
1.9559452141460514;-0.5975767309805913
1.9631064464332426;-0.5793128505139565
1.9701128434849609;-0.5610032221890361
1.9769642230639708;-0.5426493937949345
1.9836604222287184;-0.5242529109258905
1.9902012973995582;-0.5058153170031192
1.9965867238607315;-0.4873381523691355
2.002816595742697;-0.468822954197237
2.00889082589175;-0.4502712562267938
2.014809345716153;-0.4316845884730972
2.020572105025703;-0.4130644769401277
2.0261790719924515;-0.39441244347455884
2.0316302331684457;-0.37573000569153353
2.036925592881187;-0.35701867623610967
2.0420651732341986;-0.3382799627103893
2.047049013938051;-0.319515367426903
2.051877172125067;-0.30072638715431027
2.056549722158333;-0.2819145128668697
2.061066755626177;-0.2630812296351631
2.0654283812598315;-0.24422801646948755
