-0.9999999999999996;1.7320508075688774
-1.0172779824903615;1.721977738742323
-1.0344699748934556;1.7117590867571622
-1.0515745182050262;1.7013957322985882
-1.0685901774557982;1.690888567736735
-1.0855155291506997;1.6802385042876402
-1.1023491621200288;1.669446471535231
-1.1190896776652874;1.6585134173365743
-1.135735689937422;1.6474403075612123
-1.1522858264341578;1.6362281256151932
-1.1687387283650306;1.6248778721624608
-1.185093050782081;1.613390565195826
-1.2013474630164924;1.6017672396515377
-1.2175006485526192;1.5900089471245824
-1.2335513051690123;1.5781167556076037
-1.2494981459150485;1.5660917493037447
-1.2653398991107245;1.5539350283530755
-1.2810753083628126;1.5416477084186968
-1.2967031326797438;1.529230920331642
-1.3122221472108255;1.5166858101095386
-1.3276311433138794;1.504013538573224
-1.3429289285993362;1.4912152809059962
-1.3581143270004392;1.4782922262333789
-1.373186179444484;1.4652455776815223
-1.3881433439192432;1.452076551953961
-1.4029846954963339;1.4387863789075834
-1.4177091263247146;1.425376301109921
-1.4323155463231467;1.4118475738428486
-1.4468028832076778;1.3982014646815777
-1.4611700823917309;1.3844392530415437
-1.4754161068851106;1.370562229725516
-1.4895399383229604;1.3565716970104968
-1.5035405768103962;1.3424689681688593
-1.5174170411037684;1.328255367150293
-1.5311683687635846;1.3139322282532073
-1.5447936148097208;1.2995008951915061
-1.5582918531297163;1.2849627212727837
-1.5716621771253234;1.2703190692690043
-1.584903699367565;1.2555713108869155
-1.5980155517478627;1.2407208264387266
-1.6109968852630807;1.2257690044327954
-1.6238468687298682;1.2107172409303693
-1.6365646911262108;1.19556693969487
-1.649149561077289;1.180319511717209
-1.6616007068196874;1.1649763748456226
-1.673917376310326;1.1495389534471312
-1.6860988362445297;1.1340086779773921
-1.6981443721559912;1.1183869846414047
-1.7100532900101706;1.1026753151796236
-1.7218249154878833;1.0868751164601083
-1.7334585940510694;1.070987840136358
-1.7449536908829877;1.0550149423132866
-1.7563095893478233;1.038957883307988
-1.7675256928048115;1.022818127195742
-1.7786014245833863;1.0065971414737518
-1.7895362276799627;0.9902963967427058
-1.800329564782989;0.9739173663673186
-1.8109809176082114;0.9574615262828996
-1.8214897865714947;0.9409303547304597
-1.8318556916544722;0.9243253317393075
-1.8420781726318476;0.9076479387447794
-1.8521567886271602;0.8908996583481275
-1.8620911181029562;0.8740819739863748
-1.871880757715992;0.8571963700205898
-1.8815253229500475;0.8402443311659917
-1.8910244486759475;0.8232273419478593
-1.900377788592412;0.8061468865700168
-1.9095850151222415;0.7890044486139078
-1.9186458192968443;0.7718015107408748
-1.9275599106165264;0.7545395545386959
-1.9363270168970044;0.7372200603950803
-1.9449468841533728;0.7198445068236485
-1.953419276421795;0.7024143703607191
-1.9617439755836215;0.6849311253073455
-1.9699207811783366;0.6673962434690843
-1.9779495104234432;0.6498111938906264
-1.9858299994373234;0.6321774425420725
-1.9935621011991291;0.6144964521506211
-2.0011456857541465;0.5967696819386691
-2.008580640242758;0.5789985873734083
-2.0158668687248005;0.5611846199291367
-2.023004292006956;0.5433292268542473
-2.0299928479998557;0.5254338509734394
-2.0368324911600637;0.5074999304413541
-2.0435231920810555;0.4895288985093506
-2.0500649375134476;0.47152218332167983
-2.056457730183035;0.45348120770443184
-2.062701588604454;0.43540738895872844
-2.0687965470264795;0.4173021387136182
-2.0747426553543287;0.39916686277562746
-2.080539978628842;0.3810029608036615
-2.0861885969818466;0.36281182618409397
-2.0916886054467008;0.3445948458528379
-2.0970401137616825;0.32635340012052966
-2.1022432462128324;0.30808886250984974
-2.1072981416640033;0.2898025996307927
-2.1122049530381197;0.27149597096530453
-2.116963847193519;0.25317032872618517
-2.1215750047519872;0.2348270177127968
-2.1260386198956303;0.21646737516657089
-2.1303549001586672;0.19809273063132526
-2.134524066465953;0.1797044058181113
-2.138546352695984;0.16130371447539446
-2.142422005471055;0.14289196226378664
-2.146151283998641;0.12447044663552576
-2.1497344598662864;0.10604045671881099
-2.1531718168343947;0.087603273206945
-2.156463650758461;0.06916016823244478
-2.1596102694397183;0.050712405256485654
-2.162611992143646;0.032261239013034876
-2.1654691495310616;0.013807915395262924
-2.1681820834567884;-0.0046463286334684425
-2.1707511467662455;-0.02310026512370239
-2.1731767030921163;-0.041552675219373364
-2.1754591266512775;-0.060002349232692036
-2.1775988021911585;-0.07844808677374118
-2.179596124797469;-0.09688869682006057
-2.1814514994700347;-0.11532299768904293
-2.1831653410565868;-0.13374981714784104
-2.1847380740662254;-0.15216799247036777
-2.186170132485062;-0.17057637049007596
-2.187461959594634;-0.18897380764869698
-2.188614007793283;-0.2073591700409783
-2.189626738146064;-0.22573133351740973
-2.190500620287469;-0.24408918370418936
-2.1912361325348244;-0.2624316159725799
-2.1918337615298538;-0.28075753551169613
-2.1922940020591484;-0.2990658573580127
-2.1926173568771175;-0.3173555064214705
-2.1928043365315695;-0.33562541750822983
-2.192855459190961;-0.3538745353402276
-2.1927712502445122;-0.37210181459357083
-2.1925522422580093;-0.3903062198998616
-2.1921989749665225;-0.40848672584112766
-2.1917119949856576;-0.42664231696899735
-2.1910918556413588;-0.44477198780976496
-2.190339116801942;-0.4628747428665827
-2.189454344712442;-0.4809495966188315
-2.188438111829517;-0.4989955735193202
-2.1872909965369827;-0.5170117080281111
-2.1860135830763876;-0.5349970445751009
-2.184606461442226;-0.552950637532273
-2.183070227172654;-0.5708715512180206
-2.18140548119225;-0.5887588598830867
-2.1796128296569712;-0.606611647694301
-2.1776928838013667;-0.6244290087161692
-2.175646259785862;-0.642210046890316
-2.173473578473705;-0.659953876010668
-2.171175465350729;-0.6776596197010196
-2.1687525503976506;-0.6953264113891723
-2.1662054679210323;-0.7129533942778976
-2.1635348564109926;-0.7305397213148911
-2.160741358401148;-0.7480845551610195
-2.1578256203308213;-0.7655870681569282
-2.1547882924066393;-0.783046442287765
-2.1516300284113843;-0.800461869140577
-2.1483514856316424;-0.8178325498725437
-2.1449533247318056;-0.8351576951719082
-2.1414362096097364;-0.8524365252153959
-2.137800807270203;-0.8696682696259884
-2.134047787700533;-0.8868521674294709
-2.1301778237485096;-0.9039874670098182
-2.1261915909981655;-0.9210734260619964
-2.122089767595358;-0.9381093115258945
-2.117873034196758;-0.9550943995604081
-2.1135420738511552;-0.9720279754928307
-2.1090975718735696;-0.9889093337641511
-2.1045402157340316;-1.0057377778777337
-2.0998706949484727;-1.022512620347176
-2.0950897009717373;-1.0392331826433938
-2.090197927088046;-1.055898795138498
-2.0851960682659882;-1.0725087970288996
-2.080084821109909;-1.0890625363082282
-2.07486488375197;-1.1055593697068273
-2.0695369557460754;-1.1219986626306062
-2.064101737971365;-1.1383797891034217
-2.0585599325376607;-1.1547021317089703
-2.052912242692867;-1.1709650815322392
-2.0471593727247663;-1.1871680380934402
-2.0413020278524376;-1.2033104092699676
-2.035340914174798;-1.2193916112701588
-2.0292767385718746;-1.23541106856036
-2.0231102086189323;-1.2513682138021003
-2.0168420325040453;-1.267262487790559
-2.0104729189474857;-1.2830933393928246
-2.0040035771229023;-1.2988602254859836
-1.9974347165669968;-1.314562610880062
-1.990767047099788;-1.3301999682508447
-1.9840012787755095;-1.3457717781052827
-1.9771381217972412;-1.3612775287039258
-1.970178286445581;-1.3767167159972913
-1.963122483009064;-1.3920888435623324
-1.9559714217161994;-1.4073934225389149
-1.9487258126689389;-1.4226299715659922
-1.9413863657662607;-1.4377980166954611
-1.9339537906491937;-1.452897091344916
-1.9264287966439204;-1.4679267362437531
-1.9188120926964223;-1.4828864993599287
-1.9111043873132316;-1.4977759358358633
-1.903306388503642;-1.5125946079244925
-1.8954188037233624;-1.5273420849254866
-1.8874423398186708;-1.5420179431193444
-1.8793777029635608;-1.556621765680485
-1.8712255986187727;-1.571153142642297
-1.8629867314793147;-1.5856116708299588
-1.8546618054228177;-1.5999969537922847
-1.8462515234609795;-1.614308601738317
-1.8377565876922912;-1.6285462314741879
-1.8291776992560225;-1.64270946634029
-1.8205155582863712;-1.6567979361428193
-1.8117708638657337;-1.6708112770742118
-1.8029443139878278;-1.6847491316811305
-1.794036605514475;-1.6986111487917543
-1.7850484341351418;-1.7123969834521195
-1.7759804943278943;-1.726106296864367
-1.7668334793214735;-1.7397387563253444
-1.7576080810584602;-1.7532940351656043
-1.7483049901590728;-1.766771812678451
-1.7389248958862564;-1.7801717740549126
-1.729468486112943;-1.7934936103448185
-1.7199364472889196;-1.8067370183862486
-1.710329464409151;-1.8199017007455967
-1.7006482209830778;-1.8329873656582005
-1.6908933990048844;-1.8459937269693938
-1.6810656789247174;-1.8589205040758474
-1.671165739622359;-1.8717674218528662
-1.6611942583792494;-1.8845342106063798
-1.6511519108516666;-1.8972206060228876
-1.6410393710462479;-1.909826349105842
-1.6308573112957152;-1.922351186118703
-1.6206064022354325;-1.9347948685284562
-1.6102873127807873;-1.9471571529495915
-1.5999007101059728;-1.9594378010863016
-1.5894472596292828;-1.9716365796537823
-1.578927624983922;-1.9837532603569867
-1.568342467999855;-1.9957876198314413
-1.557692448686601;-2.00773943958379
-1.5469782252152513;-2.0196085059384017
-1.536200453901195;-2.031394609984491
-1.5253597891875135;-2.0430975475237925
-1.514456883629044;-2.054717119018772
-1.5034923878770774;-2.0662531295414124
-1.4924669506646877;-2.0777053887225616
-1.4813812187938578;-2.08907371069803
-1.4702358371495385;-2.1003579139706257
-1.4590314486545912;-2.1115578214646016
-1.4477686942556451;-2.122673260483162
-1.4364482129208371;-2.133704062630106
-1.4250706416290484;-2.1446500637611137
-1.4136366153596682;-2.1555111039355728
-1.4021467670828844;-2.166287027368936
-1.390601727750467;-2.1769776823856306
-1.379002126287043;-2.1875829213725204
-1.367348589581832;-2.198102600732932
-1.355641742481321;-2.2085365808403683
-1.3438822078197503;-2.2188847259247333
-1.3320706063784198;-2.229146904089515
-1.3202075568622247;-2.2393229872989164
-1.308293675912217;-2.2494128513006815
-1.2963295781006032;-2.2594163755821794
-1.2843158759261453;-2.2693334433270036
-1.2722531798099583;-2.27916394137208
-1.2601420980916795;-2.288907760165298
-1.2479832370260038;-2.298564793723663
-1.2357772007795595;-2.30813493959198
-1.2235245914281265;-2.3176180988020585
-1.2112260089870046;-2.3270141757863363
-1.1988820513927791;-2.3363230783607323
-1.1864933144666305;-2.3455447177343567
-1.1740603919373482;-2.354679008436308
-1.161583875440803;-2.3637258682764455
-1.1490643545197285;-2.37268521830662
-1.1365024166237818;-2.3815569827823935
-1.1238986471098884;-2.390341089125224
-1.1112536292428397;-2.399037467885138
-1.0985679441961482;-2.407646052703872
-1.0858421710531305;-2.416166780278506
-1.07307688683363;-2.424599590302398
-1.0602726664991093;-2.432944425426525
-1.0474300829026018;-2.441201231271758
-1.0345497068196503;-2.4493699563679514
-1.0216321069515506;-2.4574505521189285
-1.008677849928474;-2.4654429727682095
-0.9956875003127996;-2.473347175365173
-0.982661620602645;-2.4811631197316495
-0.9696007712355744;-2.4888907684289534
-0.9565055105924898;-2.4965300867253433
-0.9433763950016733;-2.504081042563922
-0.9302139787606951;-2.5115436065196857
-0.9170188141590129;-2.5189177517566494
-0.9037914514231304;-2.5262034540348393
-0.8905324387493122;-2.5334006916619964
-0.877242322310446;-2.5405094454622597
-0.8639216462616747;-2.547529698746119
-0.8505709527461808;-2.554461437280765
-0.8371907819010963;-2.5613046492608307
-0.8237816718635477;-2.568059325279524
-0.810344158776808;-2.574725458300151
-0.7968787767965653;-2.581303043628025
-0.7833860581080822;-2.587792078877634
-0.7698665329582485;-2.594192563933162
-0.7563207296059054;-2.600504500948257
-0.742749174350798;-2.606727894308865
-0.7291523915436653;-2.6128627506054287
-0.7155309035936902;-2.6189090786067495
-0.7018852309760355;-2.624866889234208
-0.6882158922394758;-2.630736195536326
-0.674523404014099;-2.6365170126636883
-0.6608082810190896;-2.6422093578442043
-0.6470710360705658;-2.6478132503587184
-0.6333121800957014;-2.6533287115152353
-0.6195322221690356;-2.658755764617343
-0.6057316694706495;-2.6640944349546625
-0.5919110273097106;-2.669344749775508
-0.5780707991374341;-2.674506738262824
-0.5642114865557986;-2.679580431511636
-0.5503335893263062;-2.684565862506823
-0.5364376053788052;-2.6894630661012005
-0.5225240308203465;-2.694272078993915
-0.5085933599440867;-2.698992939709149
-0.49464608523821657;-2.703625688575132
-0.4806826973996858;-2.7081703677028153
-0.4667036853823223;-2.712627020960249
-0.45270953634241445;-2.716995693960981
-0.4387007356615358;-2.721276434042418
-0.4246777669649494;-2.7254692902450657
-0.41064111213095983;-2.7295743132932757
-0.39659125130028483;-2.7335915555762744
-0.38252866288542087;-2.737521071129474
-0.3684538235800171;-2.741362915616065
-0.3543672083682314;-2.745117146308885
-0.3402692905340841;-2.748783822072561
-0.3261605416707827;-2.752363003345926
-0.31204143169003223;-2.755854752124702
-0.297912428831307;-2.7592591319444493
-0.28377399967109235;-2.762576207863783
-0.2696266092005025;-2.7658060464422043
-0.25547072083496336;-2.7689487157237895
-0.24130679628050652;-2.7720042852329567
-0.22713529562589446;-2.774972825951858
-0.2129566773536034;-2.7778544103047045
-0.1987713983497964;-2.7806491121424184
-0.1845799139142913;-2.783357006727526
-0.1703826777704986;-2.7859781707192854
-0.15618014207534522;-2.7885126821590505
-0.1419727574291606;-2.7909606204558655
-0.12776097288553984;-2.79332206637229
-0.11354523596116105;-2.795597102010448
-0.09932599264557158;-2.7977858107983
-0.0851036874109199;-2.7998882774761387
-0.07087876322965347;-2.8019045880845255
-0.05665166166689506;-2.803834829963901
-0.042422822763265144;-2.805679091722291
-0.028192685066082468;-2.807437463225981
-0.013961685660834638;-2.8091100355904395
0.00026973981869798935;-2.810696901168195
0.014501157180340521;-2.812198153536909
0.028732133663466317;-2.813613887487665
0.042962237928967875;-2.814944199013449
0.05719104004927816;-2.8161891852978367
0.07141811149842983;-2.817348944703874
0.08564302514216154;-2.818423576763151
0.09986535522808113;-2.8194131821650705
0.11408467737587245;-2.8203178627463
0.12830056856756922;-2.8211377214804165
0.1425126070978438;-2.821872862475771
0.15672037255395035;-2.822523390967594
0.17092344590599598;-2.8230894132881277
0.18512140944274635;-2.823571036867977
0.19931384676040448;-2.8239683702270066
0.2135003427526012;-2.8242815229651814
0.22768048360041532;-2.8245106057535803
0.24185385676244658;-2.824655730325586
0.25602005096492236;-2.824717009468243
0.2701786561918613;-2.8246945570137814
0.28432926367527556;-2.824588487831312
0.29847146588543355;-2.8243989178186797
0.31260485652116593;-2.824125963894476
0.3267290305002367;-2.8237697439902156
0.3408435839461439;-2.823330377044562
0.3549481141308921;-2.822807983020856
0.3690422195346108;-2.8222026828634856
0.3831254998281377;-2.821514598494886
0.3971975558495928;-2.82074385281586
0.4112579895946976;-2.8198905696988743
0.4253064042071352;-2.818954873981505
0.4393424039689579;-2.817936891460037
0.45336559429104994;-2.816836748883209
0.4673755817036317;-2.8156545739461105
0.4813719738468263;-2.8143904952842194
0.4953543794612701;-2.8130446424675855
0.5093224083787882;-2.8116171459951516
0.5232756715131172;-2.810108137289216
0.5372137808506958;-2.8085177486900297
0.5511363494225213;-2.8068461134625657
0.5650429912846839;-2.805093365797967
0.5789333215652174;-2.8032596407730987
0.5928069564261598;-2.80134507436405
0.6066635130533424;-2.7993498034422077
0.6205026096472039;-2.797273965769858
0.6343238654136438;-2.795117699995918
0.6481269005549353;-2.792881145651801
0.661911336260685;-2.790564443147412
0.6756767946988405;-2.7881677337672754
0.6894228990067639;-2.7856911596667824
0.7031492732823478;-2.7831348638685682
0.7168555425751926;-2.7804989902590127
0.7305413328778354;-2.7777836835848615
0.7442062711155812;-2.7749890894513283
0.7578499851126794;-2.7721153543424113
0.7714721036180888;-2.7691626255858486
0.785072256295203;-2.766131051351831
0.7986500737051003;-2.7630207806579175
0.8122051872979205;-2.759831963366554
0.8257372294042808;-2.75656475018271
0.8392458332267514;-2.7532192926516426
0.8527306328313754;-2.7497957431567674
0.8661912631392551;-2.746294254917653
0.8796273599181801;-2.7427149819881262
0.8930385597743176;-2.73905807925449
0.9064245001439503;-2.7353237024338557
0.9197848192852836;-2.7315120080725794
0.9331191562702972;-2.727623153544814
0.9464271509778102;-2.72365729703876
0.9597084440385223;-2.7196145976640462
0.9729626769213886;-2.715495215248413
0.986189491861555;-2.7112993104803693
0.9993885318665001;-2.707027044872436
1.0125594407080474;-2.7026785807606033
1.0257018629144452;-2.6982540813038827
1.0388154437624948;-2.6937537104839597
1.0518998292697428;-2.689177633104936
1.0649546661867246;-2.684526014793176
1.0779796019892782;-2.6797990219972423
1.0909742848709032;-2.6749968219879334
1.1039383637351863;-2.670119582858411
1.1168714881882773;-2.665167473524433
1.1297733085309902;-2.6601406637255183
1.1426434757410708;-2.655039324045033
1.155481641478928;-2.6498636258858057
1.1682874580808424;-2.6446137414697954
1.1810605785479975;-2.639289843845916
1.1938006565392383;-2.6338921068909893
1.2065073463638734;-2.628420705310798
1.2191803029745407;-2.6228758146412408
1.2318191819601205;-2.6172576112495918
1.2444236395387147;-2.6115662723358546
1.2569933325506726;-2.605801975934226
1.2695279184516755;-2.599964900914654
1.2820270553058721;-2.5940552269845045
1.2944904017774201;-2.588073134694797
1.3069176171190753;-2.582018805454622
1.3193083611758385;-2.575892421505236
1.331662294374382;-2.56969416593273
1.3439790777158018;-2.563424222672001
1.3562583727690356;-2.557082776509156
1.368499841664345;-2.550670013084011
1.3807031470868423;-2.5441861188927084
1.3928679522700818;-2.5376312812904276
1.4049939209896949;-2.5310056884942105
1.4170807175570854;-2.5243095295858873
1.4291280068131706;-2.5175429945151158
1.4411354541221892;-2.510706274102516
1.453102725365435;-2.503799560047519
1.4650294869352087;-2.4968230449299114
1.4769154057289464;-2.4897769222068127
1.4887601491431202;-2.4826613862205025
1.5005633850673132;-2.4754766322021386
1.5123247818783354;-2.468222856275588
1.5240440084344011;-2.4609002554613597
1.5357207340693526;-2.4535090276806466
1.5473546285869482;-2.446049371759474
1.558945362255193;-2.4385214874329564
1.5704926058007316;-2.4309255753496637
1.5819960304032852;-2.423261837076095
1.5934553076911013;-2.4155304751002906
1.6048701097483733;-2.4077316928233956
1.6162401090915184;-2.3998656945831414
1.6275649786657174;-2.3919326856568297
1.6388443918434152;-2.3839328722624797
1.6500780224191793;-2.375866461563853
1.6612655446046176;-2.3677336616755764
1.6724066330233498;-2.3595346816683738
1.6835009627060447;-2.351269731574398
1.6945482090855049;-2.3429390223926685
1.705548047991814;-2.334542766094617
1.7165001556475359;-2.3260811756297324
1.7274042086629804;-2.317554464931309
1.7382598840371215;-2.3089628489190446
1.7490668591628407;-2.300306543499258
1.7598248117957977;-2.2915857655864014
1.7705334200613314;-2.2828007331025915
1.7811923624512167;-2.273951664983174
1.7918013178193886;-2.265038781183032
1.802359965377731;-2.256062302682988
1.8128679846919231;-2.247022451496314
1.823325055677356;-2.2379194506753386
1.8337308585951004;-2.228753524318158
1.8440850740479429;-2.2195248975754476
1.8543873829764768;-2.2102337966573797
1.8646374666552896;-2.2008804488406284
1.8748350067068054;-2.191465082471915
1.8849796850848777;-2.1819879269777993
1.8950711840558276;-2.1724492128751063
1.9051091862070964;-2.162849171775861
1.9150933744438645;-2.1531880363947833
1.9250234319857442;-2.1434660405568775
1.934899042363533;-2.1336834192051306
1.9447198894160436;-2.1238404084082987
1.9544856572869915;-2.113937245368806
1.9641960304219566;-2.103974168430737
1.9738506935654048;-2.0939514170879336
1.9834493317577866;-2.0838692319921877
1.9929916303357578;-2.0737278549616445
2.0024772749559108;-2.0635275289901016
2.011905951550067;-2.0532684982540736
2.0212773463311553;-2.0429510081216824
2.0305911457970303;-2.0325753051615703
2.039847036728167;-2.022141637151707
2.049044706185435;-2.0116502530882956
2.058183841507944;-2.0011014031947827
2.067264130310968;-1.9904953389309619
2.076285260483941;-1.979832313002185
2.0852469201885255;-1.9691125793686706
2.094148797856757;-1.958336393254918
2.102990582189265;-1.9475040111592126
2.111771962168327;-1.936615690865329
2.1204926270706834;-1.9256716914542866
2.129152266413198;-1.9146722733066999
2.1377505699766206;-1.903617698116259
2.1462872278057725;-1.892508228899973
2.1547619302084793;-1.8813441300083231
2.1631743677545785;-1.8701256671355195
2.171524231275021;-1.8588531073298553
2.179811211861049;-1.8475267190041673
2.1880350008634597;-1.836146771946398
2.1961952898919495;-1.8247135373302612
2.20429177081455;-1.8132272877260027
2.212324135757554;-1.8016882971113446
2.2202920771451593;-1.7900968408894888
2.228195287660796;-1.77845319589345
2.236033460227255;-1.7667576403937846
2.2438062880279994;-1.755010454113632
2.2515134645074224;-1.7432119182401529
2.259154683371203;-1.7313623154360671
2.2667296385867504;-1.7194619298513023
2.2742380243837577;-1.7075110471347348
2.2816795352548347;-1.6955099544460466
2.2890538659562476;-1.6834589404676794
2.296360711508748;-1.6713582954168997
2.3035997671984996;-1.6592083110579563
2.3107707285779444;-1.6470092807143282
2.3178732915587057;-1.63476149929611
2.324907152253552;-1.6224652632864434
2.3318720070558276;-1.6101208707668713
2.338767552635233;-1.5977286214291067
2.3455934859397924;-1.5852888165878984
2.3523495041979205;-1.5728017591940064
2.359035304920596;-1.560267753847271
2.365650585903628;-1.5476871068097982
2.3721950452300313;-1.5350601260192467
2.378668381272502;-1.5223871211022222
2.385070292696003;-1.5096684033877708
2.3914004784604495;-1.496904285920986
2.397658637868706;-1.4840950834820708
2.4038444705825883;-1.4712411126017044
2.4099576765060884;-1.4583426915607847
2.415997955854209;-1.4454001404122323
2.421965009158341;-1.4324137809953852
2.427858537270154;-1.4193839369503038
2.4336782413656275;-1.4063109337321948
2.4394238229492236;-1.3931950986259314
2.4450949838582052;-1.3800367607606978
2.4506914262671025;-1.366836251124739
2.456212852692322;-1.3535939025802266
2.461658965996911;-1.3403100498782266
2.4670294693954715;-1.3269850296737893
2.4723240664592265;-1.313619180541146
2.4775424611212418;-1.3002128429890238
2.4826843576818054;-1.2867663594760632
2.487749460824985;-1.2732800744269304
2.4927374757762286;-1.2597543342558548
2.497648108083354;-1.2461894873707176
2.5024810636482484;-1.2325858841902566
2.507236048780014;-1.2189438771625003
2.511912770202246;-1.205263820780919
2.516510935060524;-1.1915460716006996
2.5210302509301243;-1.1777909882551272
2.525470425823951;-1.163998931472094
2.5298311682006913;-1.1501702640907225
2.534112186973196;-1.1363053510781047
2.538313191517089;-1.122404559546168
2.5424338916796105;-1.108468258768646
2.546473997788693;-1.094496820198182
2.550433220662275;-1.0804906174835434
2.554311271617854;-1.0664500264869647
2.5581078624822853;-1.0523754253015971
2.561822705600827;-1.0382671942503374
2.5654555138469153;-1.0241257158937451
2.5690060006357114;-1.0099513751045694
2.5724738799333218;-0.9957445590559308
2.575858866267784;-0.9815056572381209
2.5791606747403653;-0.9672350614765421
2.582379021037124;-0.9529331659497673
2.5855136214407386;-0.938600367207695
2.5885641928425973;-0.9242370641898288
2.591530452755166;-0.9098436582436596
2.594412119324619;-0.8954205531431667
2.5972089113437566;-0.8809681551074151
2.599920548265193;-0.8664868728192782
2.602546750214828;-0.851977117444262
2.605087238005601;-0.837439302649449
2.6075417331515376;-0.8228738446225392
2.6099099578826572;-0.8082811620875743
2.6121916351695287;-0.7936616762654155
2.614386488724157;-0.7790158109762044
2.6164942430160756;-0.7643439926536845
2.618514623291206;-0.7496466503450111
2.620447355587736;-0.7349242157301102
2.6222921667523127;-0.7201771231411299
2.6240487844565417;-0.7054058095819906
2.625716937213805;-0.6906107147480166
2.6272963543963934;-0.6757922810456722
2.628786766252963;-0.6609509536123813
2.630187903926312;-0.6460871803364482
2.631499499471482;-0.6312014118770545
2.632721285874196;-0.6162941016843622
2.6338529970696185;-0.601365706019698
2.6348943679614556;-0.5864166839758362
2.6358451344413933;-0.5714474974973591
2.636705033452293;-0.5564586113637856
2.6374738030420857;-0.5414504931810796
2.6381511822352635;-0.5264236135303739
2.6387369111285444;-0.5113784459243338
2.6392307309161267;-0.4963154668244567
2.639632383911821;-0.4812351556614473
2.6399416135715645;-0.46613799485566054
2.6401581645163277;-0.45102446983759403
2.6402817825554177;-0.43589506906845243
2.6403122147101743;-0.42075028406076326
2.6402492092380734;-0.40559060939905855
2.6400925156572304;-0.39041654276059995
2.6398418847713145;-0.3752285849361741
2.6394970686948733;-0.3600272398509357
2.639057820879075;-0.34481301458530544
2.638523896137867;-0.32958641939592787
2.637895050679369;-0.31434796773053786
2.6371710422367673;-0.2990981761166821
2.6363516299559637;-0.28383756436090063
2.635436574423645;-0.2685666555696363
2.6344256377337727;-0.2532859761217864
2.6333185835169637;-0.2379960556891583
2.6321151769703377;-0.2226974272569241
2.6308151848878505;-0.20739062714408776
2.629418375691107;-0.19207619502394233
2.627924519460662;-0.17675467394454175
2.6263333879678146;-0.1614266103491639
2.624644754706896;-0.14609255409677985
2.6228583949280604;-0.13075305848250496
2.6209740856705763;-0.11540868025805762
2.6189916057966314;-0.10005997965220233
2.6169107360256447;-0.08470752039119088
2.6147312589691016;-0.06935186971917877
2.612452959210323;-0.053993598338138965
2.610075623387556;-0.03863328034269753
2.6075990400581435;-0.023271493552667777
2.6050229998183307;-0.007908819383225268
2.6023472953464606;0.007454157145103751
2.5995717214416727;0.022816847387354455
2.5966960750631842;0.03817865905512005
2.5937201553701534;0.053538996197629724
2.5906437637621353;0.06889725918293137
2.58746670392013;0.08425284467915505
2.584188781848232;0.09960514563588234
2.5808098059158855;0.11495355126560779
2.5773295869007438;0.1302974470253183
2.5737479380321515;0.14563621459816573
2.57006467503524;0.16096923187525783
2.5662796161756494;0.17629587293755447
2.5623925826452187;0.19161550835743982
2.5584033972288998;0.2069275041150311
2.5543118866603423;0.22223122344443474
2.5501178798608826;0.2375260251382495
2.5458212085346217;0.25281126411276367
2.541421707217016;0.26808629139184137
2.5369192133242344;0.28335045409110726
2.532313567203272;0.29860309540241403
2.527604612182826;0.3138435545786125
2.5227921946249334;0.3290711669185998
2.5178761639773692;0.34428526375266455
2.512856372826806;0.3594851724281155
2.507732676952731;0.3746702162952127
2.502504935382129;0.38983971469337625
2.497173010444925;0.4049929829376918
2.491736767830182;0.42012933230570626
2.4861960766430715;0.4352480700245068
2.48055080947186;0.4503484993518245
2.4748008424616286;0.4654299197176858
2.4689460553340536;0.48049162631334497
2.4629863314643643;0.4955329102509216
2.4569215579438533;0.5105530585695512
2.4507516256417676;0.5255513542278846
2.444476429267979;0.5405270760970403
2.438095867436429;0.5554794989539948
2.4316098427293493;0.5704078934754322
2.4250182617622604;0.5853115262320248
2.4183210352428564;0.6001896596725487
2.411518077995078;0.6150415520535502
2.404609309095449;0.6298664575413997
2.3975946519234737;0.6446636261810458
2.3904740342222457;0.6594323038797846
2.3832473881674807;0.6741717324032496
2.375914650437292;0.68888114937182
2.36847576228272;0.7035597882574187
2.360930669599012;0.7182068783807246
2.3532793229976496;0.7328216449087793
2.345521677881185;0.7474033088660594
2.3376576945726164;0.7619510874865016
2.3296873383262846;0.776464193811024
2.321610579395821;0.7909418366419536
2.313427393130277;0.805383220671509
2.305137760051428;0.819787546486794
2.2967416659318625;0.834154010575395
2.288239101873856;0.8484818053316047
2.27963006438903;0.8627701190632555
2.2709145554787855;0.8770181359991829
2.2620925827155296;0.8912250362972933
2.2531641593169534;0.905389996266241
2.2441293042321133;0.9195121882840166
2.23498804223417;0.9335907805551588
2.2257404039986044;0.9476249372905599
2.2163864261882114;0.9616138187225728
2.2069261515388785;0.975556581120894
2.1973596289461277;0.9894523768092484
2.187686913552448;1.0033003541828505
2.177908066835397;1.0170996577266622
2.1680231566964854;1.030849428034433
2.158032257542094;1.0445488019851508
2.147935450364059;1.0581969129403044
2.137732822861707;1.0717928902126914
2.127424469519625;1.0853358593435816
2.117010491699358;1.098824942144778
2.1064909977326582;1.112259256727712
2.0958661030154953;1.1256379175335587
2.0851359301028305;1.1389600353643643
2.0743006088041613;1.1522247174151825
2.063360276279819;1.1654310673072343
2.0523150771173237;1.1785781852066721
2.041165163331319;1.1916651682595722
2.0299106946337746;1.2046911099273139
2.018551838481686;1.2176551002347678
2.0070887701604114;1.2305562258770752
1.9955216728830416;1.2433935702651064
1.9838507378904693;1.2561662135721914
1.9720761645521478;1.2688732327821404
1.960198160467564;1.2815137017385303
1.9482169415684003;1.2940866911952764
1.9361327322096535;1.3065912688948167
1.9239457650569352;1.3190265001059767
1.911656281458823;1.3313914470774735
1.8992645315502608;1.3436851690971052
1.8867707742898594;1.3559067227019477
1.8741752775632727;1.36805516174328
1.8614783182871566;1.380129537453068
1.8486801825136912;1.3921288985120175
1.8357811655356828;1.404052291119187
1.8227815719922258;1.4158987590631775
1.8096817159744574;1.4276673437955996
1.7964819208487794;1.4393570849260793
1.7831825195446511;1.4509670200305083
1.7697838549049787;1.462496184368848
1.7562862796087768;1.4739436112398545
1.7426901562755082;1.4853083320687186
1.7289958575697768;1.4965893764965807
1.7152037663063964;1.5077857724719168
1.7013142755558084;1.5188965463438024
1.6873277887498794;1.5299207229570424
1.6732447197880531;1.5408573257491773
1.6590654928986617;1.5517053770942006
1.6447905425754532;1.5624638985734072
1.6304203143957103;1.5731319103682209
1.615955264776479;1.583708431715542
1.6013958610636219;1.5941924810330148
1.586742581632871;1.6045830760345403
1.571995915990954;1.614879233847963
1.5571563648767688;1.6250799711349369
1.542224440362626;1.635184304212968
1.5272006659555368;1.64519124917964
1.51208557657231;1.655099822124695
1.4968797181554634;1.6649090395880706
1.4815836486171903;1.6746179181189396
1.4661979376650973;1.6842254745957965
1.4507231668306073;1.693730726411232
1.4351599295568849;1.7031326916185363
1.4195088312861401;1.7124303890809403
1.4037704895462932;1.7216228386235066
1.3879455340355489;1.730709061187489
1.37203460653124;1.7396880789672027
1.3560383611024913;1.7485589155845473
1.3399574642952656;1.7573205962630687
1.323792595125207;1.7659721479826407
1.3075444451557723;1.7745125996466609
1.291213718575488;1.7829409822518671
1.2748011322743331;1.7912563290607675
1.2583074159192487;1.799457675776689
1.2417333118735834;1.8075440607701379
1.2250795748619365;1.815514525387408
1.2083469728498732;1.823368113880278
1.1915362868119275;1.8311038736869267
1.1746483107496442;1.838720855636723
1.1576838517486423;1.8462181141451124
1.1406437300341463;1.8535947074113253
1.1235287790249842;1.8608496976189095
1.1063398453754607;1.8679821511380315
1.0890777885393501;1.87499113868366
1.0717434812622555;1.8818757355682196
1.0543378097814842;1.8886350219283974
1.0368616736717535;1.8952680829200037
1.0193159858777252;1.9017740089342263
1.0017016727443824;1.908151895816642
0.984019674045249;1.9144008450889902
0.9662709430084514;1.9205199641737083
0.9484564461378251;1.9265083665775724
0.9305771628837576;1.9323651720462462
0.9126340864821123;1.9380895069734148
0.8946282236259795;1.943680504561968
0.8765605944403223;1.949137305053593
0.8584322324812209;1.9544590559668806
0.8402441847322688;1.9596449123380486
0.8219975115981212;1.9646940369642754
0.8036932868705854;1.9696056006384277
0.7853325971200396;1.9743787821260852
0.7669165423154357;1.9790127687057975
0.7484462358710251;1.9835067564522637
0.7299228044252544;1.9878599504014756
0.7113473878028009;1.9920715648031477
0.6927211389730284;1.9961408233754285
0.6740452240048588;2.0000669595618876
0.6553208220180807;2.0038492167907775
0.6365491248718536;2.007486848543925
0.617731336841261;2.0109791184216466
0.5988686753628878;2.014325301007219
0.579962370596632;2.0175246818564023
0.5610136653290049;2.0205765577457195
0.5420238148884069;2.0234802369345855
0.5229940870561054;2.026235039429174
0.5039257619729081;2.02884029724803
0.4848201320050898;2.0312953546474652
0.46567850110449427;2.0335995677717227
0.4465021853500589;2.0357523056690487
0.42729251280423985;2.037752950526259
0.40805082324905084;2.0396008977714657
0.3887784680541104;2.0412955563353825
0.36947681003974003;2.0428363489136254
0.3501472233351103;2.044222712230005
0.3307910932314548;2.045454097300817
0.31140981580629573;2.0465299692809307
0.29200479765922693;2.0474498075288445
0.272577456273781;2.048213106853644
0.2531292195821221;2.0488193772804273
0.23366152577830945;2.0492681442911374
0.21417582313132746;2.049558949075226
0.19467356979264705;2.04969134878034
0.1751562335983387;2.049664916763037
0.15562529183945625;2.0494792427412944
0.13608223079909;2.049133932093515
0.11652854587838288;2.0486286073838875
0.0969657413231673;2.047962908412491
0.07739532994011464;2.047136492246593
0.057818832859908895;2.0461490334485735
0.03823777929464255;2.045000224302718
0.01865370628945453;2.0436897750408844
-0.00093184153164118;2.0422174140670326
-0.020517312242327362;2.040582887508785
-0.040101146880246075;2.0387859594173676
-0.05968177969025518;2.0368264131263185
-0.07925763841777608;2.0347040508225804
-0.09882714459252542;2.032418693736831
-0.11838871381797342;2.0299701823346754
-0.1379407560666126;2.0273583765054086
-0.15748167598101648;2.024583155748343
-0.17700987314445554;2.021644419191924
-0.19652374215337146;2.0185420846843494
-0.21602167329155525;2.015276090587883
-0.2355020527700895;2.0118463955723205
-0.2549632630110229;2.00825297857828
-0.27440368297725914;2.004495838961552
-0.2938216885079537;2.000574996633643
-0.3132156526593971;1.9964904921985056
-0.3325839460514357;1.9922423870854578
-0.35192493681226217;1.9878307628640162
-0.3712369910720781;1.9832557216417335
-0.3905184737926174;1.9785173871189703
-0.40976774883101663;1.9736159040974335
-0.42898317930064306;1.9685514385678553
-0.4481631279367555;1.9633241777925121
-0.4673059574669787;1.9579343303825887
-0.4864100309866424;1.9523821263703778
-0.5054737121699133;1.9466678170817873
-0.5244953648777249;1.940791674303741
-0.5434733548239612;1.9347539918101757
-0.5624060495866682;1.9285550849722348
-0.5812918188807111;1.9221952906587056
-0.6001290349411532;1.915674967253192
-0.6189160729104208;1.908994494664921
-0.6376513112292334;1.9021542743331905
-0.6563331320275752;1.8951547292228619
-0.6749599205707699;1.8879963031652929
-0.6935300662479778;1.8806794612442415
-0.7120419636722151;1.873204690249016
-0.7304940125408187;1.8655724982717012
-0.7488846180220753;1.8577834146549612
-0.7672121911442518;1.8498379899325281
-0.7854751491870067;1.8417367957623896
-0.8036719160752315;1.8334804248526484
-0.8218009225097824;1.8250694907821894
-0.8398606054466458;1.816504627572857
-0.8578494099852024;1.8077864901418477
-0.8757657892588575;1.7989157540092378
-0.8936082047059392;1.789893115137549
-0.9113751264303593;1.780719289796216
-0.9290650335618412;1.7713950144177162
-0.9466764145700951;1.7619210455212913
-0.9642077675336491;1.752298159703016
-0.9816576006774607;1.7425271531697786
-0.9990244326577308;1.7326088416846948
-1.0163067929084608;1.7225440604007876
-1.033503221993323;1.712333663676783
-1.0506122719567708;1.7019785248851351
-1.0676325063091294;1.6914795361830441
-1.0845625000206707;1.6808376082764929
-1.1014008408450713;1.670053670282926
-1.1181461292019963;1.6591286694709373
-1.1347969784762877;1.648063571025571
-1.151352015329293;1.6368593578068842
-1.1678098800073748;1.6255170301005686
-1.1841692263607542;1.6140376055512597
-1.2004287220757965;1.602422118944188
-1.216587049467294;1.5906716216048729
-1.2326429055034906;1.5787871812988827
-1.2485950020786074;1.56676988195731
-1.264442066283005;1.5546208233940009
-1.280182840669088;1.5423411210158056
-1.2958160831645416;1.5299319057620653
-1.311340567433181;1.5173943237307568
-1.326755083467618;1.5047295356376003
-1.3420584376103606;1.4919387166528169
-1.3572494527800203;1.479023056088954
-1.3723269686922244;1.4659837570824386
-1.387289842071159;1.4528220362732867
-1.4021369465075797;1.4395391238562845
-1.4168671728922753;1.4261362629959606
-1.4314794297886706;1.412614709295571
-1.4459726434639968;1.3989757306244237
-1.4603457580616594;1.38522060678004
-1.4745977357672981;1.3713506291451496
-1.4887275569592902;1.3573671003565935
-1.5027342200986058;1.3432713344379943
-1.5166167421115213;1.3290646560069348
-1.5303741585761228;1.3147483998271097
-1.54400552376628;1.3003239106064768
-1.5575099107682682;1.285792542644673
-1.5708864115903884;1.2711556594765563
-1.5841341372534845;1.2564146335506274
-1.5972522177193564;1.241570846400797
-1.6102398021618645;1.2266256876932882
-1.623096059038088;1.2115805548881564
-1.6358201761190578;1.196436853004069
-1.648411360550172;1.1811959942616024
-1.6608688389041777;1.1658593977240501
-1.6731918572212527;1.1504284890045935
-1.685379681004509;1.1349047004387316
-1.6974315953050418;1.1192894700328353
-1.7093469047341534;1.1035842412336485
-1.7211249334704375;1.0877904626665083
-1.7327650252662765;1.0719095877847824
-1.7442665434467914;1.0559430745182257
-1.7556288709146801;1.0398923850234207
-1.7668514101963357;1.0237589858080844
-1.7779335833260874;1.0075443466691694
-1.7888748318426362;0.9912499405494607
-1.7996746167604742;0.9748772432587819
-1.8103324185265177;0.958427733138698
-1.8208477369693798;0.9419028907274769
-1.8312200912893246;0.9253041985616085
-1.8414490201244977;0.9086331412148222
-1.851534081247722;0.89189120431056
-1.861474851572837;0.875079874433486
-1.8712709270850971;0.8582006388468391
-1.8809219227536287;0.8412549851800016
-1.8904274724369348;0.8242444011176119
-1.8997872288797673;0.8071703742523244
-1.9090008637519944;0.7900343920198125
-1.9180680672065638;0.7728379408533512
-1.9269885479013638;0.7555825061166616
-1.9357620328886784;0.7382695718312676
-1.9443882674901827;0.7209006203929739
-1.9528670151656693;0.7034771322908963
-1.9611980575371086;0.6860005860034601
-1.9693811943463082;0.6684724578321091
