-1.2135254915624212;-0.8816778784387096
-1.204639451189259;-0.8937624383141778
-1.1956155357647056;-0.9057447260345726
-1.18645478049697;-0.9176233480362868
-1.177158218183632;-0.9293969346214335
-1.1677268931584295;-0.941064122423545
-1.1581618589969433;-0.95262355465912
-1.1484641782733622;-0.9640738809882397
-1.13863492426445;-0.9754137586580279
-1.128675180646035;-0.9866418520812973
-1.1185860419266485;-0.9977568334316027
-1.1083686131680501;-1.0087573823414453
-1.0980240078730343;-1.019642184017474
-1.087553349890838;-1.0304099309322121
-1.0769577735200566;-1.041059322913226
-1.0662384235441336;-1.0515890668426604
-1.055396455123115;-1.0619978766582272
-1.044433033519635;-1.0722844733557026
-1.0333493344376694;-1.0824475850170676
-1.0221465444965407;-1.092485946880207
-1.0108258602932017;-1.102398301201025
-0.9993884890808391;-1.1121833973781736
-0.9878356493338905;-1.1218399921527482
-0.9761685697598657;-1.1313668492905526
-0.9643884896319449;-1.1407627396787388
-0.9524966589349892;-1.1500264413639059
-0.9404943384295349;-1.1591567395644675
-0.928382799937419;-1.1681524268719896
-0.9161633268807277;-1.177012303668512
-0.9038372134321774;-1.1857351773599545
-0.8914057649270988;-1.1943198626851872
-0.878870297975916;-1.2027651817697385
-0.8662321405437806;-1.2110699641514993
-0.8534926318327295;-1.219233047120662
-0.8406531222202301;-1.227253275969933
-0.8277149738043851;-1.2351295032793985
-0.814679560264313;-1.2428605892911166
-0.8015482669258512;-1.25044540195699
-0.7883224908320609;-1.257882816979012
-0.7750036409875932;-1.2651717183555151
-0.7615931383963613;-1.272310998325864
-0.7480924159337062;-1.2792995568334773
-0.7345029185348017;-1.2861363019092018
-0.7208261032707777;-1.2928201497279201
-0.7070634394297423;-1.2993500246782197
-0.6932164088944445;-1.3057248602235871
-0.6792865060044962;-1.3119435983882641
-0.6652752375021115;-1.3180051894659475
-0.6511841227305102;-1.3239085924026694
-0.6370146937177673;-1.3296527748740168
-0.622768495312681;-1.3352367135674026
-0.6084470853278365;-1.3406593944927119
-0.5940520347032701;-1.345919813374144
-0.5795849273051306;-1.3510169746032203
-0.5650473601710772;-1.3559498919528248
-0.5504409435967859;-1.3607175886648961
-0.5357673012455851;-1.3653190976994691
-0.5210280703920396;-1.369753462932528
-0.5062249017967067;-1.3740197377300742
-0.49135945984462737;-1.3781169853932242
-0.4764334226669237;-1.3820442794802765
-0.4614484822383046;-1.3858007039545979
-0.4464063444758129;-1.3893853533383314
-0.43130872933881237;-1.392797332871924
-0.4161573708775442;-1.3960357592180503
-0.4009540173194683;-1.3990997607976834
-0.3857004312748466;-1.4019884769254018
-0.3703983897869885;-1.4047010585515567
-0.35504968443490764;-1.4072366684870354
-0.3396561214376085;-1.4095944816298547
-0.3242195217594451;-1.41177368519931
-0.3087417211673892;-1.4137734789091387
-0.2932245696594864;-1.4155930742700151
-0.277669932357397;-1.4172316959394295
-0.2620796895674773;-1.418688581918358
-0.24645573671179102;-1.4199629835726404
-0.23079998441749244;-1.4210541658812368
-0.21511435860603254;-1.4219614076902976
-0.19940080058218898;-1.4226840019730522
-0.18366126691880885;-1.4232212560392374
-0.16789772929190616;-1.4235724917367016
-0.15211217521991122;-1.4237370459081722
-0.136306607857008;-1.4237142705930788
-0.12048304605117502;-1.4235035333082262
-0.10464352441552383;-1.423104217338
-0.08879009339855667;-1.42251572203014
-0.07292481933712425;-1.421737463106289
-0.0570497839767633;-1.4207688732797676
-0.04116708503844234;-1.4196094022844448
-0.02527883640717575;-1.4182585171231596
-0.009387167995175458;-1.4167157025058081
0.006505774213143731;-1.4149804611891759
0.022397828118291524;-1.413052314322939
0.03828681546496228;-1.4109308018018267
0.054170541997014;-1.4086154826883786
0.07004679793561892;-1.4061059357487082
0.08591335698687916;-1.4034017595043222
0.10176797667024443;-1.4005025727289633
0.11760839835621897;-1.3974080148541586
0.1334323472611065;-1.3941177463659267
0.1492375324451288;-1.3906314492080616
0.1650216468180069;-1.386948827193023
0.1807823678529157;-1.3830696065966412
0.19651735717391508;-1.3789935364753447
0.21222426010288648;-1.3747203889789392
0.22790070605416834;-1.3702499598822255
0.24354430858032397;-1.3655820690346432
0.25915266542283055;-1.3607165608168816
0.2747233585676895;-1.3556533046044583
0.29025395449405555;-1.3503921952534619
0.3057420051802073;-1.344933153654054
0.3211850467443853;-1.3392761270994504
0.33658059992925465;-1.3334210898104255
0.3519261703402141;-1.3273680434465012
0.36721924856466326;-1.3211170176140858
0.38245731029807045;-1.3146680703817335
0.39763781647684243;-1.3080212888025202
0.4127582142294493;-1.3011767893724362
0.42781593696125486;-1.294134718572402
0.44280840337460936;-1.2868952535113043
0.4577330183066606;-1.2794586024174606
0.47258717293647523;-1.2718250051930668
0.48736824500033;-1.2639947339756434
0.5020735990160421;-1.255968093706406
0.5167005866643318;-1.2477454226670235
0.531246548427392;-1.2393270926983202
0.5457088120586684;-1.230713510253304
0.5600846931282254;-1.221905116919057
0.5743714956051768;-1.2129023899382494
0.5885665121828205;-1.2037058428069256
0.6026670246153963;-1.1943160258785372
0.6166703040664665;-1.1847335269742296
0.6305736120788055;-1.1749589717201239
0.644374201493827;-1.1649930239192812
0.6580693153898323;-1.154836386842368
0.6716561881918706;-1.144489803535569
0.6851320461668549;-1.1339540574215483
0.6984941079177986;-1.1232299729123842
0.7117395849382097;-1.112318415932205
0.7248656822770018;-1.1012202942408111
0.7378695988671997;-1.0899365585226204
0.7507485281644003;-1.0784682028465085
0.7634996587438321;-1.0668162652545838
0.7761201749031423;-1.0549818283781576
0.7886072573880687;-1.0429660199677477
0.8009580849365114;-1.0307700127544088
0.8131698338796015;-1.018395025955924
0.8252396790068548;-1.005842325740921
0.8371647944496191;-0.9931132256946519
0.8489423544395921;-0.980209087406431
0.8605695341039599;-0.9671313210270562
0.8720435107629387;-0.9538813849326777
0.8833614643547022;-0.9404607870443272
0.8945205781762124;-0.9268710855996537
0.9055180399193927;-0.9131138894149892
0.9163510425829972;-0.8991908584157423
0.927016785407165;-0.8851037041625203
0.9375124751750933;-0.870854189508624
0.9478353271269809;-0.8564441292831946
0.9579825656254597;-0.8418753916506444
0.9679514254060676;-0.827149898054596
0.9777391526509441;-0.812269623658088
0.9873430060868473;-0.7972365977754028
0.996760258209378;-0.7820529037758349
1.0059881965648352;-0.7667206788091858
1.0150241246737854;-0.7512421154743345
1.0238653633501844;-0.735619461585983
1.0325092519469767;-0.719855020432051
1.0409531495721789;-0.7039511509454971
1.049194436237344;-0.6879102677000084
1.0572305143800451;-0.6717348414779807
1.0650588101266034;-0.6554273993367447
1.0726767746390742;-0.6389905247560318
1.0800818854804448;-0.6224268576027807
1.0872716479392668;-0.6057390933088741
1.0942435965515993;-0.588929984057011
1.1009952965269945;-0.5720023385286095
1.1075243452120636;-0.5549590217829179
1.113828373545801;-0.5378029551272024
1.1199050471649208;-0.5205371152588323
1.125752068336709;-0.5031645348859647
1.131367177465351;-0.4856883024766906
1.136748154582618;-0.4681115619066611
1.1418928209011376;-0.45043751215936667
1.1467990398993686;-0.43266940624370154
1.1514647193027063;-0.4148105514198618
1.155887812772488;-0.3968643089125579
1.160066321398755;-0.37883409325844425
1.1639982953211698;-0.3607233717893209
1.167681834704994;-0.34253566342757885
1.1711150916737494;-0.32427453836375175
1.1742962722925565;-0.30594361772813405
1.177223637956392;-0.28754657262351574
1.1798955070285646;-0.2690871233475645
1.182310255814177;-0.2505690381239587
1.1844663201455854;-0.23199613218570173
1.1863621977720518;-0.21337226733756576
1.1879964495627318;-0.19470135068274239
1.1893677011057717;-0.1759873335590881
1.190474643720126;-0.1572342101914771
1.1913160354937697;-0.1384460163035798
1.19189070409604;-0.11962682838202557
1.1921975477514066;-0.10078076216055086
1.1922355367316164;-0.08191197125862917
1.1920037143857825;-0.06302464569122374
1.1915011975873648;-0.044123010226380543
1.19072717979199;-0.025211323137918167
1.189680931826279;-0.006293874517119564
1.1883618031836718;0.012625015380956905
1.1867692230285707;0.03154099782295314
1.1849027001048262;0.050449697289366616
1.182761825748647;0.06934671336113798
1.1803462745759894;0.08822762255793305
1.1776558054894202;0.10708798024634478
1.17469026258316;0.1259233225558249
1.1714495746340639;0.14472916797571356
1.1679337577374251;0.16350101986059845
1.164142915976195;0.18223436846804114
1.1600772420543992;0.20092469304843993
1.1557370180130822;0.21956746399573923
1.151122614469372;0.2381581442900773
1.146234492553479;0.2566921924371203
1.1410732046091925;0.27516506482628333
1.1356393943930927;0.2935722178960824
1.1299337975071977;0.3119091104860734
1.1239572405466096;0.3301712051666593
1.1177106421111054;0.34835397126947193
1.1111950135101067;0.36645288774156454
1.1044114585046731;0.38446344525593
1.0973611733753106;0.4023811486919889
1.0900454460816473;0.4202015184836845
1.0824656562918877;0.4379200932879007
1.0746232759575385;0.45553243352556594
1.066519868623057;0.47303412329790057
1.058157089079813;0.4904207728980901
1.0495366825258539;0.5076880203239027
1.0406604838079492;0.5248315331809038
1.0315304175787434;0.5418470129839883
1.0221484972667902;0.5587301967894084
1.012516824305322;0.575476859642823
1.0026375871643252;0.5920828162565455
0.9925130602143512;0.6085439221089353
0.9821456030884921;0.6248560781909249
0.9715376594446531;0.6410152324393886
0.960691755781371;0.6570173819987911
0.9496105002143386;0.6728585751008258
0.9382965812633496;0.6885349116954336
0.9267527663205262;0.7040425474663502
0.9149819002159377;0.7193776953737302
0.9029869037077158;0.7345366275490169
0.8907707722424442;0.7495156770905691
0.8783365739987451;0.764311240133794
0.8656874481490222;0.7789197777496175
0.8528266031272056;0.7933378177665134
0.839757315104364;0.807561955645046
0.82648292601608;0.8215888563756569
0.8130068413941816;0.8354152566927245
0.7993325284713494;0.8490379662934756
0.7854635144317831;0.8624538690842269
0.7714033847180222;0.8756599242833759
0.7571557801837152;0.888653168307286
0.7427243952009662;0.9014307158253779
0.7281129755930704;0.913989760853153
0.7133253170723185;0.9263275773762418
0.6983652622283893;0.938441520939485
0.6832366984174931;0.9503290294764407
0.6679435555391959;0.9619876241365372
0.6524898045071379;0.973414909736052
0.6368794543416701;0.9846085757303301
0.6211165497261417;0.9955663968958228
0.6052051687886708;1.0062862338272671
0.589149421362666;1.0167660332981174
0.572953446602204;1.0270038286699232
0.5566214100767625;1.0369977403260706
0.540157501683427;1.046745975865801
0.523565933611517;1.0562468302725319
0.5068509385737422;1.0654986860032722
0.49001676657670146;1.0745000130238627
0.4730676829350124;1.083249368751312
0.4560079661102905;1.091745397951682
0.43884190623002584;1.0999868326976519
0.42157380201455924;1.1079724919468572
0.4042079587112958;1.1157012812393392
0.38674868599322665;1.1231721923202769
0.36920029649266517;1.1303843029567084
0.3515671032397503;1.1373367762410518
0.333853417417066;1.1440288599455013
0.3160635464484939;1.1504598859345734
0.2982017923984364;1.1566292697346612
0.2802724500792295;1.1625365098359615
0.2622798046348384;1.168181186577506
0.24422812986999834;1.1735629614320418
0.22612168656813367;1.1786815762606404
0.20796472108946357;1.183536852745452
0.18976146303838118;1.1881286908487207
0.1715161237476559;1.1924570679604007
0.15323289467827184;1.196522037900929
0.13491594620834008;1.2003237303663874
0.11656942568344122;1.2038623492455716
0.09819745595811116;1.2071381715142107
0.07980413398597219;1.2101515460995231
0.06139352970869004;1.2129028932872612
0.042969684497550745;1.215392703028976
0.02453660974756741;1.217621533441949
0.006098285696986108;1.2195900096587162
-0.012341339777213856;1.2212988225014574
-0.03077835190788178;1.222748728343295
-0.04920887043570046;1.2239405468598723
-0.06762905076086546;1.224875159342687
-0.08603508483473601;1.2255535076151316
-0.10442320210641484;1.225976592652582
-0.12278967036938174;1.2261454742333613
-0.14113079665036782;1.2260612687021446
-0.15944292801849896;1.2257251473490187
-0.17772245232309364;1.2251383352326288
-0.1959657988996875;1.224302109787326
-0.21416943931434074;1.223217800437225
-0.23232988790058542;1.2218867863227638
-0.25044370231037216;1.2203104947480232
-0.26850748404875135;1.2184903999924466
-0.2865178789605732;1.216428021943608
-0.30447157796743707;1.2141249256214994
-0.3223653171934637;1.2115827189911845
-0.34019587829082143;1.2088030515143915
-0.35796008880842345;1.205787612966786
-0.3756548224846851;1.2025381321247395
-0.3932769998996831;1.1990563761987725
-0.4108235882902454;1.1953441488013443
-0.42829160169945446;1.191403288615113
-0.44567810117839385;1.1872356682399539
-0.4629801949125708;1.182843192954961
-0.48019503879883;1.178227800085712
-0.49731983598325524;1.173391457160444
-0.5143518368717223;1.1683361606985199
-0.531288339187106;1.1630639351116812
-0.5481266879561942;1.1575768315552706
-0.5648642759863888;1.1518769272397134
-0.5814985431987929;1.14596632380844
-0.5980269765313574;1.1398471462445787
-0.6144471098680654;1.1335215418421638
-0.6307565239123211;1.1269916791546652
-0.6469528465600054;1.1202597472695677
-0.66303375208211;1.1133279544199925
-0.6789969609462385;1.1061985270038306
-0.6948402396387717;1.0988737086369367
-0.7105614004409;1.091355759199588
-0.7261583017290252;1.0836469541090177
-0.7416288469950822;1.0757495831364283
-0.756970984668367;1.0676659495547587
-0.7721827078251202;1.0593983692720477
-0.787262053906928;1.0509491699818587
-0.8022071048834629;1.0423206904239035
-0.8170159862773828;1.0335152794467932
-0.8316868669013219;1.0245352952335145
-0.8462179585444898;1.0153831045412716
-0.8606075155826131;1.0060610819507314
-0.8748538346886114;0.9965716091177652
-0.8889552546296344;0.9869170740311005
-0.9029101555355253;0.977099870390525
-0.9167169586436369;0.9671223969203264
-0.9303741259263498;0.9569870567286624
-0.9438801597139049;0.9466962566924175
-0.9572336018575548;0.9362524066155802
-0.9704330333941289;0.9256579186791221
-0.9834770745700122;0.9149152071051714
-0.9963643841872538;0.9040266874752932
-1.009093659188467;0.8929947761968404
-1.0216636342202037;0.8818218899786514
-1.0340730807807514;0.8705104451383358
-1.0463208071650563;0.8590628572862622
-1.0584056580648982;0.8474815408720713
-1.0703265140366405;0.8357689086887853
-1.0820822910635552;0.8239273714361506
-1.0936719400774135;0.8119593372751892
-1.1050944463374999;0.7998672113118644
-1.1163488292308072;0.7876533953497025
-1.1274341417634886;0.775320287470041
-1.1383494701023829;0.7628702816560051
-1.149093933135783;0.7503057674409908
-1.159666681985045;0.7376291295535139
-1.170066899522367;0.7248427475769726
-1.180293800047851;0.7119489956765059
-1.1903466288069777;0.6989502422829362
-1.2002246615591055;0.6858488498057352
-1.2099272041503668;0.672647174358785
-1.2194535920210139;0.6593475654942844
-1.2288031898178735;0.6459523659543837
-1.237975391012343;0.6324639114344409
-1.2469696174602594;0.6188845303538925
-1.2557853189920758;0.6052165436395371
-1.264421972999409;0.5914622645188324
-1.2728790839508048;0.5776239983180009
-1.2811561830777005;0.5637040422820694
-1.2892528279732398;0.5497046853978825
-1.2971686021877111;0.535628208225845
-1.3049031148435324;0.5214768827417033
-1.312456000230961;0.5072529721914942
-1.3198269173746338;0.4929587309611406
-1.3270155497660823;0.47859640442584517
-1.3340216049593558;0.4641682288327078
-1.3408448142054707;0.4496764311851545
-1.3474849320966409;0.4351232291340381
-1.3539417362163906;0.42051083087583974
-1.360215026785857;0.40584143506052456
-1.366304626192295;0.39111723074200544
-1.3722103787893964;0.37634039725731894
-1.3779321505584523;0.3615131041540689
-1.3834698287487344;0.34663751113133157
-1.388823321549637;0.33171576797837454
-1.3939925577667946;0.31675001451901175
-1.398977486501947;0.3017423805613276
-1.403778076935971;0.28669498587641523
-1.4083943180079508;0.2716099401563332
-1.4128262180002693;0.2564893429534868
-1.4170738043061133;0.2413352836675215
-1.4211371231380414;0.2261498415217294
-1.42501623924045;0.21093508554389678
-1.42871123560571;0.19569307455137971
-1.4322222132404347;0.18042585714303291
-1.4355492910211285;0.16513547170014337
-1.4386926052118654;0.14982394637072027
-1.4416523092793982;0.13449329907487284
-1.4444285736494888;0.11914553750989162
-1.4470215854574744;0.10378265915802358
-1.4494315483029239;0.08840665129739815
-1.4516586820155386;0.0730194910168801
-1.453703222539214;0.05762314524864815
-1.455565421584239;0.04221957077286071
-1.4572455464007033;0.026810714240201594
-1.4587438795898096;0.011398512201344024
-1.460060718892154;-0.004015108864664482
-1.461196376980558;-0.019428232519633933
-1.4621511812573682;-0.03483895233316993
-1.462925473681482;-0.05024537185352472
-1.4635196105766282;-0.06564560457082065
-1.4639339624094962;-0.08103777387004914
-1.4641689136255107;-0.09642001299500752
-1.464224862470974;-0.11179046500620189
-1.4641022208196248;-0.1271472827371261
-1.4638014140035722;-0.14248862874902768
-1.4633228806513492;-0.1578126752863287
-1.4626670725368183;-0.17311760423558364
-1.4618344544087678;-0.18840160706578526
-1.4608255038441575;-0.20366288478193997
-1.4596407111016858;-0.21889964787477934
-1.4582805789786264;-0.2341101162688998
-1.4567456226716722;-0.2492925192700158
-1.4550363696428685;-0.2644450955119131
-1.4531533595121142;-0.2795660929133954
-1.4510971439086633;-0.29465376861329085
-1.4488682863464293;-0.30970638891433055
-1.4464673621119102;-0.3247222292306665
-1.4438949581500113;-0.339699574032158
-1.441151672953689;-0.3546367167882997
-1.4382381164573517;-0.36953195991186577
-1.4351549099381367;-0.3843836147069715
-1.431902685917803;-0.39919000131354154
-1.4284820880608478;-0.4139494486433502
-1.4248937710863174;-0.4286602943273744
-1.4211384006798602;-0.44332088465942876
-1.4172166534092685;-0.45792957453986693
-1.4131292166434823;-0.47248472741939174
-1.4088767884789628;-0.4869847152476332
-1.404460077679069;-0.5014279184330813
-1.399879803578874;-0.5158127257594152
-1.3951366960261387;-0.5301375343402119
-1.390231495318987;-0.5444007495664233
-1.3851649521452014;-0.558600785052437
-1.3799378275246696;-0.5727360625825484
-1.3745508927549226;-0.5868050120578853
-1.369004929359717;-0.6008060714437978
-1.3633007290406038;-0.6147376867177529
-1.3574390936428196;-0.6285983118331526
-1.3514208351599373;-0.6423864087322985
-1.345246775614926;-0.6561004471885948
-1.3389177470493463;-0.6697389047920802
-1.3324345914972264;-0.6833002669110547
-1.3257981609557161;-0.6967830266463112
-1.3190093173585993;-0.7101856847862571
-1.3120689325526154;-0.7235067497629694
-1.3049778882765586;-0.7367447376091784
-1.2977370761431095;-0.7498981719162169
-1.290347397626937;-0.7629655838049697
-1.2828097640697853;-0.7759455119460829
-1.2751250966419128;-0.7888365024253886
-1.267294326343012;-0.8016371087346069
-1.259318394000451;-0.8143458917454871
-1.2511982502675016;-0.8269614196765596
-1.2429348556241229;-0.8394822680612053
-1.2345291803802552;-0.8519070197170812
-1.225982204681596;-0.8642342647169176
-1.2172949185178275;-0.8764626003606997
-1.2084683217358017;-0.888590631158883
-1.1995034240679958;-0.9006169688655862
-1.1904012451247257;-0.9125402323676968
-1.181162814418073;-0.924359047686247
-1.1717891713849646;-0.9360720479674799
-1.1622813654101072;-0.9476778734662753
-1.1526404558512169;-0.9591751715313447
-1.1428675120665308;-0.9705625965922091
-1.1329636134445598;-0.9818388101480026
-1.1229298494360749;-0.9930024807581024
-1.1127673195874292;-1.0040522840413137
-1.1024771335706125;-1.014986902719253
-1.0920604112307557;-1.0258050265427865
-1.0815182826246927;-1.0365053523064593
-1.0708518880623354;-1.0470865838593353
-1.0600623781512433;-1.0575474321092335
-1.0491509138432162;-1.0678866150291855
-1.0381186664829094;-1.0781028576661285
-1.026966817858427;-1.0881948921518807
-1.0156965602538874;-1.0981614577164212
-1.0043090965017887;-1.1080013007077916
-0.9928056400203937;-1.1177131746482734
-0.9811874148978237;-1.1272958402030933
-0.96945565594734;-1.1367480652131048
-0.9576116087648899;-1.1460686247291185
-0.9456565297921892;-1.1552563010412857
-0.9335916863815434;-1.1643098837111636
-0.9214183568623672;-1.1732281696065163
-0.9091378306093881;-1.1820099629388792
-0.8967514081124927;-1.190654075303942
-0.8842604010463436;-1.199159325728235
-0.8716661323229555;-1.2075245407533048
-0.8589699361926879;-1.2157485544358893
-0.846173158316694;-1.2238302084069104
-0.8332771558393696;-1.2317683519363243
-0.820283297466756;-1.2395618419927499
-0.8071929635463432;-1.2472095433063475
-0.7940075461482221;-1.2547103284350025
-0.7807284491475812;-1.2620630778338562
-0.7673570883085009;-1.2692666799282397
-0.7538948913662473;-1.276320031191869
-0.7403432980755503;-1.2832220362515179
-0.7267037603443274;-1.2899716079403583
-0.7129777423183766;-1.296567667387625
-0.6991667204604864;-1.3030091441163325
-0.6852721836398618;-1.3092949761387076
-0.6712956332224915;-1.3154241100554847
-0.6572385831623985;-1.3213955011591343
-0.6431025600937379;-1.327208113541079
-0.6288891034237094;-1.332860920202956
-0.6145997654236593;-1.3383529031732198
-0.6002361112789891;-1.3436830536479534
-0.5857997192351648;-1.3488503720902987
-0.571292180692418;-1.3538538683590144
-0.5567151002882321;-1.3586925618475154
-0.5420700959923936;-1.3633654816215897
-0.5273587992023517;-1.3678716665616983
-0.5125828548388452;-1.3722101655099175
-0.49774392144171786;-1.376380037421603
-0.4828436712658936;-1.3803803515218396
-0.4678837903741261;-1.3842101874672696
-0.4528659786602819;-1.3878686355237062
-0.43779195002916543;-1.391354796724303
-0.4226634324960815;-1.394667783045322
-0.4074821682576107;-1.397806717591529
-0.3922499137851696;-1.400770734783226
-0.3769684399180845;-1.4035589805486228
-0.3616395319561331;-1.4061706125216196
-0.3462649897514554;-1.408604800245083
-0.3308466277997759;-1.4108607253796939
-0.3153862753308368;-1.412937581918448
-0.29988577639799224;-1.4148345764068897
-0.2843469898714722;-1.4165509281689186
-0.2687717894852871;-1.4180858695386316
-0.2531620641520422;-1.4194386460988215
-0.2375197179265599;-1.4206085169246578
-0.22184667008266118;-1.421594754833802
-0.20614485519060316;-1.4223966466427602
-0.19041622319259527;-1.4230134934295526
-0.17466273947625588;-1.4234446108027856
-0.15888638494592222;-1.423689329177213
-0.14308915609167258;-1.4237469940558751
-0.12727306505595848;-1.4236169663189024
-0.11144013966982383;-1.4232986225094557
-0.0955924233152238;-1.4227913550674185
-0.0797319752856909;-1.4220945727429184
-0.06386087077046337;-1.421207700887958
-0.0479812008642717;-1.4201301817650638
-0.03209507261112744;-1.4188614748759567
-0.016204609044260257;-1.4174010572973326
-0.0003119492220543668;-1.4157484240238354
0.015580751740206483;-1.4139030883183024
0.031471322642927124;-1.4118645820693698
0.04735757617931844;-1.4096324561565197
0.06323730891742865;-1.4072062808225125
0.07910830149007705;-1.4045856459275328
0.09496831847261147;-1.4017701614077502
0.11081510819818388;-1.3987594577836646
0.12664640289886375;-1.3955531864776125
0.14245991872062444;-1.3921510202209237
0.15825335574482569;-1.3885526534686923
0.17402439801639774;-1.3847578028222327
0.1897707135789852;-1.3807662074592781
0.20548995451727495;-1.376577629571985
0.22117975700677311;-1.3721918548128025
0.23683774137125127;-1.3676086927482753
0.2524615122056354;-1.362827977255735
0.2680486586183149;-1.357849566802108
0.28359675400727846;-1.3526733452681763
0.2991033562677867;-1.347299222302305
0.3145660079188224;-1.3417271337845211
0.3299822362231908;-1.3359570423165317
0.34534955331841544;-1.3299889377186556
0.360665456358764;-1.323822837533641
0.3759274276687948;-1.3174587875373185
0.3911329349045618;-1.310896862255274
0.4062794311177371;-1.3041371654660718
0.42136435505783104;-1.2971798307528073
0.4363851313900001;-1.2900250220433016
0.45133917087069675;-1.2826729341466216
0.46622387057255005;-1.2751237933026482
0.4810366141228259;-1.267377857737987
0.4957747719558596;-1.2594354182281366
0.5104357015798218;-1.2512967986658436
0.5250167478582208;-1.2429623566355494
0.5395152433940936;-1.234432483825926
0.5539285088960013;-1.225707606512946
0.5682538532981071;-1.2167881865507324
0.5824885742139245;-1.2076747217596715
0.5966299583079547;-1.1983677465096167
0.6106752816830371;-1.1888678323112964
0.6246218102862738;-1.1791755884111468
0.6384668003340075;-1.1692916623893344
0.652207498756365;-1.159216740760702
0.6658411436374724;-1.1489515495353242
0.6793649645294847;-1.1384968545221383
0.6927761831976771;-1.1278534623591254
0.7060720140904412;-1.1170222210210354
0.7192496648524409;-1.1060040203658332
0.7323063368882672;-1.094799792731528
0.7452392259482811;-1.0834105135321332
0.7580455227371444;-1.0718372018522981
0.7707224135455052;-1.0600809210401858
0.7832670809049126;-1.0481427792973323
0.795676704140011;-1.0360239300344372
0.8079484601416813;-1.0237255725819292
0.8200795241894367;-1.0112489529408197
0.8320670706296763;-0.99859536421966
0.8439082736492212;-0.9857661471928263
0.8556003080746816;-0.9727626908519367
0.867140350198095;-0.959586432949769
0.8785255786293186;-0.9462388605359943
0.8897531751756397;-0.9327215104840466
0.9008203256112534;-0.9190359698708672
0.9117242202999319;-0.9051838761716907
0.9224620557813141;-0.8911669183771362
0.9330310355069029;-0.8769868372207068
0.9434283708157343;-0.8626454256034756
0.9536512819642244;-0.8481445290295084
0.9636969991839747;-0.8334860460246114
0.9735627637678635;-0.8186719285374054
0.9832458291847271;-0.8037041823217383
0.99274346218696;-0.7885848672864646
1.002052943299768;-0.7733160975918913
1.0111715687600455;-0.7579000422345469
1.0200966517562389;-0.7423389253472653
1.0288255234711434;-0.7266350263936633
1.03735553433997;-0.7107906804039259
1.0456840553351396;-0.6948082781828956
1.0538084792778093;-0.6786902664892172
1.0617262221761516;-0.6624391481842283
1.0694347245903675;-0.6460574823493113
1.076931452499362;-0.6295478843816205
1.0842138985621192;-0.6129130260476708
1.0912795845801135;-0.596155635476083
1.098126062395732;-0.5792784971474432
1.1047509153401234;-0.5622844518344734
1.1111517597083724;-0.5451763965022649
1.1173262462555036;-0.5279572841672474
1.123272061712853;-0.5106301237133754
1.1289869303243094;-0.4931979796640498
1.1344686152875474;-0.47566397194129373
1.1397149195828464;-0.45803127576015207
1.1447236883276521;-0.4403031210380417
1.149492810123387;-0.4224827920501648
1.1540202184726303;-0.40457362701729094
1.158303893274176;-0.38657901762191454
1.1623418624892443;-0.36850240846226734
1.1661322050623388;-0.3503472963599284
1.169673050989296;-0.33211722983467085
1.1729625831725385;-0.31381580838962175
1.1759990392647492;-0.29544668174338634
1.1787807133410704;-0.2770135490201945
1.181305957405515;-0.25852015789591454
1.1835731812726022;-0.23997030380684997
1.1855808559332057;-0.22136782884141765
1.1873275148991587;-0.20271662072153002
1.18881175540033;-0.18402061173355494
1.1900322398225698;-0.1652837775788482
1.1909876972107718;-0.14651013620187978
1.1916769259017068;-0.127703747003974
1.1920987937801435;-0.10886870910288532
1.1922522397327908;-0.09000916000605355
1.1921362752803568;-0.07112927430881505
1.1917499859680791;-0.05223326225833225
1.191092532711717;-0.03332536823978895
1.1901631528335328;-0.014409868800414866
1.1889611616001454;0.004508928599835288
1.1874859534775581;0.023426687253363415
1.1857370032676675;0.04233904304232439
1.1837138672603962;0.06124160624891841
1.181416184332784;0.08012996339079695
1.1788436768534687;0.09899967842989443
1.1759961517948123;0.1178462952557092
1.1728735016869547;0.13666533973962453
1.1694757054539737;0.15545232156218294
1.1658028292199283;0.17420273623892935
1.1618550270682264;0.1929120671938308
1.1576325423230154;0.2115757882000318
1.1531357077689077;0.2301893652959372
1.1483649461019978;0.24874825890390778
1.1433207706219168;0.2672479261563391
1.1380037857001903;0.28568382316678603
1.132414687176871;0.304051407323935
1.1265542625628366;0.32234613926081945
1.1204233913618273;0.34056348540084813
1.114023045279496;0.35869892041767826
1.1073542882714662;0.3767479294742824
1.1004182765470638;0.3947060105775378
1.0932162584923326;0.4125686769458118
1.0857495748607084;0.43033145962113917
1.0780196583583683;0.4479899097504069
1.0700280332071341;0.4655396008290419
1.0617763148808699;0.4829761311932682
1.0532662096511136;0.5002951264077337
1.044499514050488;0.5174922416446025
1.0354781144305882;0.5345631639974142
1.0262039862745034;0.5515036148273602
1.0166791933472525;0.5683093521131845
1.006905886943746;0.5849761727232683
0.9968863048358221;0.6014999148235989
0.9866227702228367;0.6178764601837946
0.9761176908225666;0.6341017362574908
0.9653735576138611;0.6501717184623171
0.9543929437911365;0.6660824322833799
0.9431785036789494;0.681829955324158
0.9317329710168428;0.6974104194993112
0.9200591577010746;0.7128200130018767
0.9081599522762989;0.7280549823384552
0.8960383183148005;0.743111634389512
0.8836972929019971;0.757986338111846
0.8711399849131023;0.7726755264349573
0.8583695733164384;0.7871756980300615
0.8453893055527459;0.8014834189903247
0.8322024954895926;0.8155953245129731
0.818812521590406;0.8295081204652601
0.8052228249974965;0.8432185849155533
0.7914369076251934;0.8567235697040749
0.7774583300606934;0.8700200017002031
0.7632907095171257;0.8831048841428603
0.748937717747979;0.895975297896675
0.7344030790066948;0.9086284026819688
0.7196905678080205;0.921061438116019
0.7048040067507935;0.9332717247368398
0.6897472643196051;0.9452566649575126
0.6745242527052717;0.9570137440575125
0.6591389255204447;0.9685405308889677
0.6435952755348847;0.9798346785894119
0.6278973324102579;0.9908939252462083
0.6120491604725522;1.0017160946307428
0.5960548563767388;1.0122990965429157
0.5799185468051885;1.022640927188793
0.5636443861874292;1.0327396695435511
0.5472365544082152;1.0425934935886458
0.5306992545477403;1.0522006566056705
0.5140367107269116;1.061559503887331
0.49725316568988237;1.0706684679500642
0.48035287860292025;1.0795260687065595
0.46334012284203163;1.0881309134067374
0.4462191837907661;1.0964816964419644
0.42899435660322777;1.1045771994499554
0.41166994400324125;1.1124162912810518
0.3942502542726246;1.1199979268573417
0.3767395990988333;1.1273211470725928
0.35914229150755433;1.1343850782955733
0.34146264382854075;1.1411889318103583
0.323704965467103;1.1477320037621563
0.3058735610783117;1.1540136741526894
0.2879727287346538;1.160033405895625
0.2700067579672133;1.16579074423336
0.2519799279284657;1.1712853159145429
0.2338965055428051;1.1765168283880234
0.21576074332331174;1.1814850693911918
0.1975768781513068;1.1861899054288119
0.1793491295225867;1.1906312808863992
0.161081697871881;1.1948092170709266
0.14277876300751327;1.1987238111457192
0.12444448239636025;1.2023752351542358
0.10608298936654298;1.2057637350935977
0.08769839228315011;1.2088896293830855
0.06929477293139925;1.2117533078307887
0.050876185175065425;1.2143552304358196
0.0324466536838621;1.2166959261569186
0.014010172277656122;1.21877599178804
-0.004429297126612178;1.2205960906507836
-0.02286782532532504;1.2221569512128418
-0.04130151711108698;1.223459365847018
-0.059726512305474884;1.2245041895187672
-0.0781389867783746;1.225292338461818
-0.0965351538960693;1.2258247888449658
-0.11491126491158907;1.22610257542864
-0.13326360983196064;1.226126790216886
-0.15158851830892806;1.2258985811057677
-0.16988236038623405;1.2254191505298682
-0.18814154732814897;1.2246897540720627
-0.20636253264350934;1.2237116990071384
-0.22454181214793867;1.2224863430987232
-0.2426759247269457;1.2210150931953039
-0.2607614528929215;1.2192994038760963
-0.2787950232711824;1.2173407761116337
-0.29677330727989465;1.2151407557923541
-0.3146930215761467;1.2127009323788873
-0.3325509281211775;1.2100229377625502
-0.3503438346723077;1.2071084448626277
-0.368068595080409;1.2039591663280436
-0.38572210955826525;1.200576853242979
-0.40330132516195594;1.196963293594597
-0.4208032357777903;1.193120311217952
-0.4382248822443608;1.1890497645857616
-0.4555633525436846;1.1847535455117315
-0.4728157818971318;1.1802335779351094
-0.4899793528634852;1.1754918166660233
-0.5070512955311278;1.1705302459381293
-0.524028887324386;1.1653508785851376
-0.5409094530413453;1.1599557547970314
-0.5576903648260843;1.1543469409623146
-0.574369042099618;1.148526528557715
-0.5909429515092187;1.1424966329146893
-0.6074096068463256;1.1362593920319684
-0.6237665688196585;1.129816965814729
-0.6400114449364971;1.123171534904614
-0.6561418893247263;1.1163252996604611
-0.6721556025344901;1.109280479161061
-0.6880503313345462;1.1020393100003358
-0.7038238684695395;1.0946040454651669
-0.7194740524031574;1.0869769546900276
-0.7349987670555371;1.079160321663919
-0.7503959415214693;1.0711564443357353
-0.7656635497679354;1.062967633705308
-0.7807996102788801;1.054596212710896
-0.795802185790433;1.0460445157280374
-0.8106693829453209;1.0373148876939733
-0.8253993519414807;1.0284096832819365
-0.839990286177727;1.0193312661364533
-0.8544404218910732;1.0100820081335287
-0.8687480377121782;1.000664288411393
-0.8829114542260821;0.9910804924667704
-0.8969290337526331;0.981333012047115
-0.91079917987301;0.9714242442161781
-0.9245203370250774;0.9613565906936836
-0.9380909900964021;0.9511324572227537
-0.9515096640069441;0.9407542529500988
-0.9647749230789127;0.9302243895555334
-0.9778853707886641;0.9195452809005593
-0.9908396493891951;0.908719342532236
-1.0036364394152768;0.8977489910570058
-1.016274459250317;0.8866366436153855
-1.0287524646930857;0.8753847173763517
-1.04106924847138;0.8639956289884031
-1.0532236396115338;0.8524717938795078
-1.0652145032930127;0.8408156261429551
-1.0770407403177154;0.8290295379874135
-1.0887012866506156;0.8171159392857155
-1.1001951129804008;0.8050772371612916
-1.1115212242830093;0.7929158355911887
-1.122678659211104;0.7806341349339507
-1.1336664896576503;0.7682345315613134
-1.1444838205428833;0.7557194176185996
-1.1551297892558734;0.7430911806200978
-1.165603565218966;0.7303522031203084
-1.1759043494564045;0.7175048623993082
-1.1860313741507746;0.7045515301554504
-1.1959839020065066;0.6914945721343247
-1.205761226047772;0.678336347938465
-1.2153626691864954;0.6650792107580032
-1.2247875837596773;0.6517255070995884
-1.2340353511138802;0.6382775765435088
-1.2431053811952297;0.6247377515123029
-1.251997112071348;0.6111083570425282
-1.2607100093920502;0.5973917105600535
-1.2692435662504755;0.5835901217088227
-1.277597302684319;0.5697058921499802
-1.2857707652741162;0.5557413153807531
-1.2937635267549277;0.5416986765636498
-1.3015751856329818;0.5275802523648997
-1.309205365669816;0.5133883108081869
-1.3166537155791138;0.49912511112745994
-1.3239199087388371;0.4847929036276021
-1.331003642764605;0.4703939295598324
-1.337904639147922;0.45593042100210585
-1.3446226429006372;0.4414046007469406
-1.351157422185453;0.4268186822019079
-1.3575087678396658;0.41217486932775027
-1.3636764932007963;0.3974753565028733
-1.3696604337347396;0.3827223284496279
-1.3754604466853613;0.3679179601626346
-1.3810764107479305;0.3530644168383007
-1.3865082257488215;0.3381638538100217
-1.3917558122774358;0.3232184165124606
-1.3968191113369404;0.30823024044559866
-1.4016980841571072;0.2932014510757618
-1.4063927118386816;0.27813416381776057
-1.410902995056097;0.26303048399886875
-1.415228953767244;0.24789250682682928
-1.4193706269265718;0.23272231736395405
-1.4233280721293848;0.21752199055679028
-1.4271013654007672;0.20229359117426401
-1.4306906009414855;0.18703917378322726
-1.4340958908407604;0.17176078275440182
-1.4373173648164588;0.15646045225685146
-1.440355169961033;0.14114020625569218
-1.4432094704753728;0.12580205852962062
-1.4458804473672506;0.11044801272994323
-1.448368298310949;0.0950800622962486
-1.4506732373813267;0.07970019049791639
-1.452795494819485;0.06431037045362234
-1.454735316809635;0.04891256514780694
-1.4564929652615595;0.0335087274491862
-1.4580687175986904;0.01810080013108988
-1.4594628664703542;0.0026907159833419597
-1.460675719554698;-0.012719602168311639
-1.4617075994690174;-0.02812824155380958
-1.4625588435138566;-0.04353329935967595
-1.4632298034823885;-0.058932882694872686
-1.4637208454748634;-0.07432510855534678
-1.4640323497180674;-0.08970810378739727
-1.464164710386357;-0.10508000504297552
-1.4641183353813043;-0.12043895863855036
-1.4638936462193899;-0.13578312062579856
-1.4634910778682593;-0.15111065674556762
-1.4629110785769872;-0.16641974235893925
-1.4621541097223614;-0.18170856240101918
-1.4612206456597971;-0.19697531133415305
-1.4601111735788561;-0.21221819310071854
-1.45882619334829;-0.22743542104396286
-1.457366217346521;-0.24262521778849333
-1.4557317703941886;-0.257785815325985
-1.453923389601595;-0.27291545491255614
-1.451941624241687;-0.2880123870107291
-1.4497870356297304;-0.3030748712365784
-1.4474601970071284;-0.31810117630687734
-1.4449616934293228;-0.33308957998626665
-1.4422921216476763;-0.3480383689729858
-1.439452090009231;-0.3629458388696523
-1.4364422183651977;-0.37781029418350126
-1.4332631379685394;-0.392630048236409
-1.4299154913810834;-0.407403423109935
-1.4263999323844347;-0.4221287495907525
-1.422717125894646;-0.43680436711655257
-1.4188677478804381;-0.45142862371578363
-1.41485248528362;-0.46599987588964376
-1.4106720359467582;-0.48051648863787627
-1.4063271085421425;-0.49497683539446813
-1.4018184225042445;-0.5093792979617711
-1.3971467079659772;-0.5237222664574072
-1.3923127056984235;-0.5380041392619264
-1.3873171670539801;-0.5522233229673388
-1.3821608539143846;-0.5663782323067619
-1.3768445386427945;-0.5804672900756178
-1.3713690040320465;-0.5944889271479158
-1.3657350432633155;-0.6084415823993208
-1.3599434598660833;-0.622323702656728
-1.3539950676811652;-0.6361337426505278
-1.3478906908269017;-0.6498701649679727
-1.3416311636685712;-0.6635314400074446
-1.3352173308026307;-0.6771160459024722
-1.3286500470249172;-0.6906224684982011
-1.3219301773028718;-0.7040492013264917
-1.3150585967628206;-0.7173947455500405
-1.308036190675042;-0.7306576099217765
-1.30086385444177;-0.7438363107456702
-1.2935424935881292;-0.7569293718389614
-1.2860730237589069;-0.769935324490685
-1.278456370733665;-0.7828527073945453
-1.2706934703979673;-0.7956800666654127
-1.2627852687528707;-0.8084159557951544
-1.254732721923503;-0.821058935616601
-1.2465367961672766;-0.8336075742746876
-1.2381984678848104;-0.846060447199356
-1.229718723633505;-0.858416137080314
-1.221098560143766;-0.870673233843657
-1.212338984337816;-0.8828303346304462
-1.203441013371822;-0.894886043750129
-1.1944056746976035;-0.9068389726137007
-1.1852340060014654;-0.9186877398330175
-1.1759270552703018;-0.9304309711589608
-1.1664858808277099;-0.94206729946423
-1.1569115513694366;-0.9535953647324107
-1.1472051460013346;-0.9650138140491702
-1.1373677542797758;-0.9763213015956588
-1.1274004762544974;-0.987516488644156
-1.1173044225138533;-0.9985980435560107
-1.107080714269583;-1.0095646417777406
-1.0967304834066673;-1.020414965843725
-1.0862548724734935;-1.0311477053883191
-1.0756550347729505;-1.0417615571493613
-1.0649321344210978;-1.0522552249781116
-1.0540873464080076;-1.0626274198517953
