1.0;0.0
0.999931181081802;0.009999755323089965
0.999724726105621;0.019998173368815292
0.9993806400187004;0.029993817420595852
0.9988989313610982;0.039985327847132233
0.99827961213289;0.04997132964713953
0.9975226976106439;0.0599504436340008
0.9966282066759318;0.06992128905612274
0.9955961616429438;0.07988248381943776
0.9944265884600275;0.08983264385624379
0.9931195166012841;0.09977038248817072
0.9916749797404566;0.10969431098534504
0.9900930144966966;0.11960303732171874
0.9883736613484222;0.12949516704094427
0.9865169647769209;0.13936930180688104
0.984522973088356;0.1492240399323344
0.982391738556292;0.1590579758964207
0.9801233176283882;0.1688696995300458
0.9777177707829005;0.1786577967082516
0.9751751632014818;0.1884208472593245
0.9724955639862743;0.19815742723990165
0.9696790465141011;0.20786610783046106
0.9667256885747642;0.21754545486537658
0.9636355728732392;0.22719402790974064
0.9604087877147235;0.2368103790788915
0.9570454259386606;0.24639305432182476
0.9535455855113103;0.25594059237084804
0.9499093696853425;0.2654515243004804
0.946136887276576;0.27492437466315367
0.942228252862735;0.2843576617629105
0.9381835866818782;0.2937498946093575
0.934003014889811;0.30309957383974034
0.9296866697084516;0.3124051914195765
0.9252346902566093;0.32166523041197237
0.9206472225310652;0.33087816465063247
0.915924418974637;0.3400424583660568
0.9110664389924715;0.3491565659192127
0.9060734491559397;0.358218931492034
0.9009456244929537;0.36722798855393307
0.895683147959603;0.37618215970326846
0.8902862102288309;0.385079856443449
0.884755010266508;0.39391947879670064
0.879089755639413;0.4026994149733962
0.8732906641005975;0.4114180407825085
0.8673579625837553;0.42007371956715867
0.8612918873731772;0.42866480190191886
0.8550926846675663;0.43718962521029414
0.8487606110541305;0.4456465134077445
0.8422959353531266;0.45403377631804376
0.835698937126478;0.4623497096413776
0.828969907255616;0.47059259458020664
0.8221091484993166;0.47876069746843736
0.8151169762298447;0.4868522693869965
0.8079937204492178;0.49486554561853957
0.8007397238362134;0.5027987456009533
0.7933553427569423;0.510650072508443
0.7858409478247744;0.5184177128892516
0.7781969250352755;0.5260998362677906
0.7704236777510736;0.5336945946827127
0.7625216244247259;0.5412001225462068
0.7544912000314726;0.5486145362236817
0.7463328566428115;0.5559359336782076
0.7380470651577158;0.5631623941014201
0.7296343169241052;0.5702919775461918
0.7210951214009209;0.5773227246230176
0.7124300079470701;0.5842526561299919
0.703639526434181;0.5910797727017107
0.6947242494562695;0.5978020545356911
0.6856847734329892;0.6044174610663486
0.6765217172805594;0.6109239305236902
0.667235724080199;0.6173193796346577
0.6578274626003937;0.6236017034462146
0.6482976279578858;0.629768774963193
0.6386469418371228;0.6358184446911507
0.6288761536452065;0.6417485403791365
0.6189860431805736;0.6475568670183703
0.608977420702273;0.6532412063814917
0.5988511270515036;0.6587993165710452
0.5886080352220154;0.6642289318333502
0.5782490533368136;0.6695277628309739
0.5677751243657739;0.6746934959855244
0.5571872267749725;0.6797237930862208
0.5464863762319561;0.6846162912134164
0.5356736290912665;0.6893686033361494
0.5247500816273912;0.6939783173766093
0.5137168711806006;0.6984429959642148
0.5025751781222776;0.702760176518477
0.4913262298087131;0.7069273722836869
0.47997129933864124;0.7109420709742154
0.468511707251782;0.7148017347721722
0.45694882372396045;0.7185038006001051
0.44528407259222014;0.7220456814575533
0.43351893071043984;0.7254247651262422
0.4216549301111639;0.7286384144790493
0.4096936608842149;0.7316839684582043
0.3976367723313063;0.7345587416296575
0.3854859747672621;0.7372600242886315
0.37324304322109414;0.7397850840852183
0.3609098188113075;0.7421311657960733
0.34848821012645115;0.7442954911006295
0.3359801968987676;0.7462752604575281
0.32338783241948577;0.7480676537861317
0.3107132446099256;0.7496698297798827
0.2979586396098358;0.7510789279358984
0.2851263052286575;0.7522920705077106
0.2722186116643077;0.7533063611889819
0.2592380150693779;0.754118887344585
0.2461870617367577;0.754726723303587
0.23306838888434828;0.7551269286785016
0.21988472806232973;0.7553165506223597
0.2066389097539414;0.7552926284214959
0.19333386462363433;0.7550521919775532
0.17997262664383107;0.7545922637738541
0.16655833762066452;0.7539098641617944
0.1530942496492049;0.7530020118373961
0.13958372808941738;0.7518657258277762
0.1260302552356461;0.7504980298305662
0.11243743319348742;0.7488959530100612
0.0988089876379744;0.7470565350782684
0.08514877123961298;0.7449768297984813
0.07146076660118962;0.742653906411796
0.05774908996848449;0.740084856850882
0.044017994438554024;0.7372667972884299
0.030271873259912964;0.7341968728703469
0.01651526311757241;0.7308722650526108
0.0027528475303748787;0.727290192656517
-0.011010540267978007;0.723447920133002
-0.024769914199463818;0.719342763309618
-0.03852013188742307;0.7149720921811948
-0.052255892848122876;0.7103333419600396
-0.06597173485556104;0.7054240164805176
-0.07966203143797829;0.7002416954792554
-0.09332099060349963;0.6947840435542867
-0.10694265176597885;0.6890488176412941
-0.12052088406108179;0.6830338753380363
-0.13404938549580767;0.6767371813095052
-0.14752168084784448;0.6701568187258209
-0.16093112103621973;0.6632909980909013
-0.17427088362840248;0.6561380662862534
-0.1875339713702165;0.6486965173604656
-0.20071321320093133;0.6409650028866434
-0.21380126647379483;0.6329423428488902
-0.22679061653347646;0.624627536936403
-0.2396735797998314;0.616019776015961
-0.25244230769207376;0.6071184538047968
-0.26508878803872954;0.5979231795249469
-0.27760485062536955;0.5884337899246624
-0.28998217316905506;0.5786503615947799
-0.3022122850545576;0.5685732247160652
-0.3142865757757105;0.5582029750989735
-0.32619630320927595;0.5475404869011103
-0.3379326003477556;0.5365869270750954
-0.34948648688028106;0.5253437667160163
-0.360848880106526;0.5138127938817298
-0.37201060521532275;0.5019961280557461
-0.3829624100908902;0.48989622997774523
-0.3936949792394456;0.47751591413265326
-0.4041989479850077;0.46485836232790567
-0.41446492018102027;0.4519271317102024
-0.4244834859730789;0.43872616498533223
-0.4342452400767559;0.42525980090996385
-0.44374080136488864;0.4115327822388944
-0.45296083428699363;0.397550263935771
-0.4618960709487946;0.3833178170498293
-0.4705373342675446;0.36884143551627635
-0.4788755613074645;0.3541275387016777
-0.486901828035666;0.3391829733311015
-0.49460737511495156;0.3240150146830483
-0.5019836328604211;0.3086313635259938
-0.5090222490066774;0.2930401449044502
-0.5157151136281485;0.2772499012188796
-0.5220543873936442;0.2612695863719582
-0.5280325275220735;0.2451085562792559
-0.5336423140097255;0.22877655737827673
-0.5388768772849715;0.21228371428633544
-0.5437297211406181;0.19564051350565104
-0.5481947505853786;0.17885778686981144
-0.552266292779174;0.1619466918333043
-0.5559391215171324;0.14491869008528355
-0.5592084780201312;0.1277855245529006
-0.5620700893763131;0.11055919443209568
-0.5645201890594228;0.09325192801462313
-0.5665555296129603;0.07587615576880158
-0.5681733998697254;0.05844447919242235
-0.5693716343609443;0.0409696418707047
-0.5701486238843132;0.023464496748941084
-0.5705033229181424;0.005941973758255822
-0.5704352527881982;-0.011584951554104175
-0.5699445057764423;-0.029103294055863982
-0.5690317428868285;-0.04660008871505319
-0.5676981921270684;-0.06406242722470307
-0.5659456426154473;-0.08147748818338457
-0.5637764366043645;-0.09883257018825693
-0.5611934594808958;-0.11611512413032504
-0.5582001273178477;-0.133312780664571
-0.5548003716017548;-0.15041338311507185
-0.5509986237660764;-0.16740501127835478
-0.5467997952641716;-0.1842760105506977
-0.5422092585176298;-0.20101501474087308
-0.5372328249326088;-0.2176109687042884
-0.531876720963243;-0.23405315038696017
-0.5261475662515297;-0.25033118734054416
-0.5200523455319528;-0.26643507571906877
-0.5135983860190793;-0.28235519313286556
-0.5067933286762584;-0.29808231213212305
-0.49964510277275526;-0.3136076104922788
-0.4921618995622868;-0.3289226793470299
-0.4843521435663503;-0.3440195299827903
-0.47622446909278954;-0.35889059822817504
-0.4677876906854857;-0.37352874677811304
-0.45905078016884737;-0.38792726664911353
-0.4500228398561492;-0.40207987568998627
-0.4407130784896949;-0.41598071645766754
-0.4311307885908029;-0.4296243526453475
-0.4212853220136914;-0.44300576275905146
-0.4111860703532433;-0.4561203352621361
-0.4008424424450494;-0.46896385909285204
-0.39026384603113384;-0.4815325165959923
-0.3794596688283984;-0.4938228730892035
-0.3684392610764134;-0.5058318665068628
-0.357211919954158;-0.5175567974620636
-0.3457868739094265;-0.5289953159463633
-0.3341732693288459;-0.5401454113756298
-0.32238015756197286;-0.551005398382765
-0.3104164833326594;-0.5615739054395567
-0.29829107430232105;-0.571849861585817
-0.28601263156377654;-0.5818324830888243
-0.2735897210148122;-0.5915212615964862
-0.2610307662427357;-0.6009159497009066
-0.24834404142594227;-0.6100165495221964
-0.23553766619676353;-0.6188232988686732
-0.22261960042109505;-0.6273366592589658
-0.20959764018013566;-0.6355573036328318
-0.19647941481315415;-0.6434861038292212
-0.18327238377931476;-0.6511241192106902
-0.16998383486305568;-0.6584725854114191
-0.15662088285004133;-0.6655329029347767
-0.1431904688420732;-0.6723066257964672
-0.12969935956746204;-0.6787954523301926
-0.11615414787284306;-0.685001214174494
-0.10256125316793194;-0.6909258670214593
-0.08892692231528346;-0.6965714815700356
-0.0752572310800081;-0.7019402341838282
-0.06155808562517615;-0.7070343988276214
-0.04783522448843536;-0.7118563388129865
-0.03409422073822292;-0.7164084990721528
-0.020340484270923092;-0.7206933989422549
-0.006579264500137712;-0.7247136250627911
0.0071843470080313575;-0.7284718248744476
0.02094541364301672;-0.731970700352928
0.03469915067802973;-0.7352130020238885
0.048440922289836576;-0.7382015234816046
0.06216623824831889;-0.740939096044416
0.07587075075260338;-0.7434285838432543
0.0895502512246338;-0.7456728792061282
0.10320066688762523;-0.7476748982407779
0.1168180572524517;-0.7494375766570956
0.13039861096696287;-0.7509638659943477
0.1439386423595828;-0.7522567299762788
0.15743458824180165;-0.7533191413723372
0.17088300441843107;-0.7541540786727644
0.18428056234175552;-0.7547645231496176
0.19762404599371322;-0.75515345629969
0.21091034864385869;-0.7553238573287686
0.22413646950083496;-0.7552787006848706
0.23729951063674337;-0.7550209539734369
0.2503966740480862;-0.7545535761328414
0.2634252584439347;-0.7538795154354654
0.27638265630548875;-0.7530017078560244
0.28926635102234255;-0.7519230755633057
0.30207391400863953;-0.7506465255069479
0.3148030018952571;-0.7491749481347634
0.3274513538297292;-0.7475112162377608
0.3400167888390492;-0.7456581839021436
0.3524972031927858;-0.7436186855550426
0.3648905678891433;-0.7413955351155179
0.3771949262306122;-0.7389915252443637
0.3894083913969663;-0.7364094266624392
0.40152914411703483;-0.7336519875581581
0.4135554304285761;-0.7307219330636647
0.42548555947724265;-0.7276219648049224
0.4373179013672497;-0.7243547605193736
0.4490508851078884;-0.7209229737284357
0.4606829966309313;-0.7173292334663037
0.47221277678817736;-0.7135761440721952
0.4836388194681414;-0.7096662850248967
0.4949597697488612;-0.7056022108269167
0.5061743222142081;-0.7013864509038917
0.5172812192929244;-0.6970215095526334
0.528279249419133;-0.6925098659869349
0.5391672454867902;-0.6878539743564552
0.5499440832790813;-0.6830562638184073
0.5606086800709896;-0.6781191385622578
0.5711599931444146;-0.6730449779455485
0.5815970182897441;-0.6678361366923742
0.5919187884827662;-0.6624949450352027
0.602124372561489;-0.6570237089057269
0.6122128740617304;-0.6514247100689506
0.6221834299172083;-0.6457002063937618
0.6320352092428255;-0.639852432112662
0.6417674122116898;-0.6338835980617696
0.6513792689489344;-0.627795891946077
0.6608700385165589;-0.6215914785409803
0.670239007831585;-0.6152725000521921
0.6794854906710115;-0.6088410764125944
0.6886088267160694;-0.602299305581303
0.6976083806286122;-0.5956492638501205
0.7064835411912473;-0.5888930061016251
0.7152337204018956;-0.5820325662090227
0.723858352649108;-0.5750699573527192
0.7323568939098986;-0.5680071723540007
0.7407288209793623;-0.5608461840028304
0.7489736307379659;-0.5535889453648507
0.7570908394077812;-0.5462373901817165
0.7650799818641751;-0.5387934332031289
0.7729406109653723;-0.5312589705382922
0.7806722969087555;-0.5236358799877958
0.7882746266103171;-0.5159260213768596
0.7957472030972605;-0.5081312369514355
0.8030896449312913;-0.5002533517148303
0.8103015856502336;-0.49229417378258233
0.817382673231587;-0.4842554947153869
0.8243325695741129;-0.4761390898726465
0.8311509499970499;-0.46794671878340754
0.8378375027599194;-0.459680125488485
0.8443919285992726;-0.45134103889073646
0.8508139402783743;-0.44293117306648505
0.8571032621610634;-0.4344522276438535
0.8632596297996316;-0.42590588816135433
0.8692827895358813;-0.41729382640370316
0.8751724981187192;-0.4086177007490983
0.8809285223365746;-0.39987915651672656
0.8865506386602019;-0.3910798262858446
0.892038632880985;-0.3822213300833932
0.8973922998123612;-0.37330527592481555
0.902611442968927;-0.36433326010180794
0.9076958742622043;-0.35530686749734813
0.912645413711346;-0.3462276719180172
0.9174598891659654;-0.3370972364258519
0.9221391360216203;-0.3279171136126882
0.9266829969453141;-0.31868884586976115
0.9310913216768701;-0.30941396584968917
0.9353639667734827;-0.3000939967263732
0.9395007953839394;-0.2907304525113646
0.9435016770335609;-0.28132483837105776
0.9473664874186822;-0.2718786509419604
0.9510951081797876;-0.26239337855376377
0.9546874267311399;-0.2528705015902438
0.958143336096988;-0.24331149284156145
0.9614627347290247;-0.23371781777388764
0.9646455263441374;-0.22409093483198161
0.9676916197707007;-0.21443229574057524
0.9706009287978937;-0.2047433457990737
0.9733733719947607;-0.1950255241349616
0.9760088726282613;-0.18528026405154435
0.9785073585309007;-0.1755089933137825
0.9808687619767882;-0.1657131344341101
0.983093019571332;-0.15589410496390713
0.985180072148164;-0.1460533177841636
0.9871298646631312;-0.13619218137879205
0.9889423460873525;-0.12631210009415067
0.9906174693562644;-0.11641447447897318
0.9921551912794614;-0.10650070154774978
0.9935554724688295;-0.09657217506269501
0.9948182772740126;-0.08663028581637144
0.9959435737243065;-0.07667642191371041
0.9969313334559827;-0.06671196903853419
0.9977815316722435;-0.056738310738477
0.9984941471191626;-0.04675682871651116
0.9990691620402836;-0.03676890310252302
0.9995065621474022;-0.026775912731876225
0.9998063365973637;-0.016779235423815736
0.9999684779734602;-0.006780248258261401
0.9999929822568853;0.003219672164792506
0.999879848837985;0.013219149428835585
0.9996290805148388;0.023216807024603006
0.9992406834951456;0.03321126807651832
0.9987146674071501;0.043201155065472445
0.9980510453164654;0.05318508955133041
0.9972498337453606;0.06316169189702778
0.996311052692041;0.07312958099560837
0.9952347256793336;0.08308737398340962
0.9940208797893545;0.0930336859640212
0.9926695457085233;0.10296712972909894
0.991180757779234;0.11288631547808957
0.9895545540576453;0.12278985053710842
0.9877909763717898;0.13267633908494142
0.9858900703923783;0.14254438186923551
0.9838518857164921;0.1523925759126431
0.9816764759460148;0.16221951423384842
0.9793638987767604;0.17202378556165165
0.9769142160942402;0.1818039740477472
0.9743274940761892;0.1915586589780919
0.971603803301982;0.20128641448278453
0.9687432188625933;0.2109858092562399
0.9657458204769809;0.22065540627705815
0.9626116926409499;0.2302937624799392
0.9593409247565818;0.23989942847512052
0.9559336112769108;0.24947094825189425
0.9523898518586003;0.25900685887973207
0.9487097515224727;0.2685056902075214
0.9448934208220627;0.2779659645608506
0.9409409760249557;0.28738619644221086
0.936852539313073;0.2967648922405208
0.9326282389521445;0.3061005498957255
0.9282682095035046;0.3153916585974677
0.9237725920383931;0.32463669847435606
0.9191415343602479;0.333834140279451
0.9143751912366491;0.3429824450734669
0.9094737246411739;0.3520800639056127
0.9044373040092912;0.36112543749661463
0.899266106532726;0.3701169959524439
0.8939603173931867;0.37905315839110665
0.8885201300550618;0.3879323326236374
0.8829457465683883;0.39675291483125374
0.8772373778783042;0.405513289233806
0.8713952441466922;0.4142118277558456
0.8654195750863419;0.4228468896902968
0.8593106103107366;0.43141682136174014
0.8530685997636109;0.4399199558368361
0.8466938040299313;0.44835461253380154
0.840186494716418;0.4567190968708255
0.8335469548784481;0.4650116999358387
0.8267754794422838;0.47323069813931606
0.8198723756431219;0.4813743528650577
0.8128379634794106;0.4894409101189862
0.8056725761841741;0.49742860017625384
0.7983765607906468;0.5053356373095786
0.7909502786045252;0.5131602193958517
0.7833941056725271;0.5209005274972882
0.7757084333719038;0.5285547255510147
0.7678936689797302;0.5361209600143365
0.7599502362629165;0.5435973595093021
0.7518785760895413;0.5509820344667031
0.7436791470621523;0.5582730767696361
0.7353524262430737;0.565468559488487
0.7268989098684636;0.5725665365701765
0.718319113913455;0.5795650422990647
0.7096135748972643;0.5864620910425667
0.7007828506464289;0.593255676908371
0.6918275210842952;0.5999437734024893
0.6827481890485669;0.6065243330897567
0.673545481137737;0.6129952872571041
0.6642200486372574;0.6193545456774773
0.6547725685338638;0.6255999964895174
0.6452037442531646;0.6317295054794493
0.6355143067173488;0.6377409159286817
0.6257050153674844;0.6436320483317745
0.615776659213959;0.6494007001074042
0.6057300579236803;0.6550446453176569
0.5955660629451097;0.6605616343962905
0.585285558696996;0.6659493939709857
0.574889463907823;0.6712056270731781
0.5643787326739391;0.6763280122590002
0.5537543558032133;0.6813142035710279
0.5430173621740328;0.6861618304161052
0.5321688201226108;0.6908684974001537
0.5212098388777741;0.6954317841818547
0.5101415700445783;0.6998492453463779
0.4989652091414747;0.7041184103399145
0.4876819972368221;0.708236783995956
0.4762932225431026;0.712201845947348
0.46480022211354355;0.7160110506346498
0.4532043836079794;0.7196618274983922
0.4415071471068324;0.7231515810867953
0.42971000698530953;0.7264776912062507
0.41781451379588325;0.7296375131006516
0.40582227612170124;0.7326283776502583
0.39373496285457965;0.7354475917329246
0.38155430523043415;0.7380924385434521
0.36928209899713527;0.740560177989689
0.3569202066585139;0.7428480471505048
0.34447055978660446;0.7449532607961353
0.3319351613064351;0.7468730125761616
0.3193160879571319;0.7486044756249972
0.3066154929031185;0.750144802759903
0.2938356082651254;0.7514911277116851
0.28097874777811305;0.7526405661175077
0.2680473095236783;0.7535902166140191
0.2550437786822156;0.7543371620853655
0.24197072973690598;0.7548784715720147
0.22883083007445967;0.7552112011373701
0.21562684293060408;0.7553323955030561
0.20236163030694354;0.7552390899090882
0.1890381560795261;0.7549283120124972
0.17565948917567958;0.7543970839403132
0.16222880648745608;0.7536424246878439
0.14874939545115196;0.7526613529089932
0.13522465857375618;0.7514508888457674
0.12165811632948237;0.7500080573822733
0.10805341050630415;0.7483298910817631
0.09441430763743194;0.746413433416986
0.08074470247260374;0.7442557422270751
0.06704862034753731;0.7418538939290606
0.05333022071958767;0.739204987462148
0.03959380140374179;0.7363061481860008
0.025843801376742095;0.7331545327119732
0.01208480402361962;0.7297473338250356
-0.0016784595727859647;0.726081785389613
-0.015441107260653064;0.7221551670722242
-0.029198103043919052;0.7179648112847399
-0.042944253952005254;0.7135081089009677
-0.056674207098733304;0.7087825156679993
-0.07038244702471287;0.7037855590429855
-0.08406329506001652;0.6985148457719577
-0.09771090529092138;0.6929680691566195
-0.11131926252751256;0.687143017078184
-0.12488218083003487;0.6810375805045766
-0.13839330199758343;0.6746497623719389
-0.15184609492453324;0.6679776859280834
-0.16523385499242182;0.6610196040607507
-0.17854970333453593;0.6537739099632635
-0.19178658728112027;0.6462391469171385
-0.20493728075953255;0.6384140191743757
-0.21799438500920057;0.6302974034489285
-0.2309503309347192;0.6218883596520489
-0.243797381116562;0.6131861430227072
-0.25652763298934045;0.6041902159861576
-0.26913302366749925;0.5949002590415373
-0.28160533358186557;0.5853161847460343
-0.29393619226442436;0.5754381501134092
-0.30611708378915586;0.5652665690589329
-0.3181393540009484;0.5548021255149073
-0.3299942190264504;0.5440457868630774
-0.34167277420196285;0.5329988167169962
-0.35316600503837814;0.5216627863889698
-0.36446479776332535;0.5100395894152495
-0.37555995202264786;0.49813145397996916
-0.3864421934999336;0.4859409536932473
-0.3971021886793263;0.47347101964652955
-0.4075305613056701;0.46072495280319453
-0.417717908967206;0.44770643405911426
-0.42765482041327896;0.4344195324129326
-0.43733189581692833;0.42086871599026404
-0.44673976724286507;0.4070588599689557
-0.4558691184079901;0.3929952522242548
-0.46471070738266923;0.37868359928596074
-0.4732553914827618;0.3641300318612001
-0.48149415076639696;0.34934110734026647
-0.4894181101560383;0.33432381008129614
-0.4970185684193225;0.3190855523977469
-0.5042870242838969;0.3036341723331915
-0.5112152001910447;0.28797792983295145
-0.5177950694365314;0.2721255009284694
-0.5240188857182011;0.25608596977270665
-0.5298792090796993;0.2398688188140229
-0.5353689289885152;0.223483918036974
-0.5404812921407922;0.2069415101945209
-0.5452099281152533;0.19025219507786054
-0.549548875421097;0.1734269117510452
-0.5534926040152949;0.15647691783264542
-0.5570360359283748;0.13941376839460312
-0.5601745662629705;0.12224929163970341
-0.5629040830191608;0.1049955627890978
-0.5652209849893937;0.08766487888689654
-0.5671221963543689;0.07026972863852735
-0.5686051801167262;0.05282276284516843
-0.5696679492833076;0.03533676384625418
-0.5703090752752742;0.01782461254891203
-0.5705276947094589;0.0002992572690265552
-0.5703235128723522;-0.017226319678824355
-0.5696968046040471;-0.03473913589253577
-0.5686484144835052;-0.05222624120642548
-0.5671797516833457;-0.06967475144698865
-0.5652927841329253;-0.08707188081053718
-0.562990030683305;-0.10440497330417615
-0.5602745485294409;-0.12166153424810236
-0.5571499215083243;-0.13882926006738597
-0.5536202442832349;-0.15589606684365012
-0.5496901042724923;-0.17285011740281864
-0.5453645642139737;-0.18967984731403917
-0.5406491400582597;-0.20637398815556734
-0.5355497791814054;-0.22292158973736045
-0.5300728378157544;-0.23931204073050882
-0.524225055374892;-0.25553508558681304
-0.5180135300689288;-0.271580841661764
-0.5114456927867777;-0.28743981276813163
-0.5045292803355229;-0.30310290038503024
-0.4972723092313451;-0.3185614149134753
-0.48968304867571366;-0.3338070821158225
-0.48176999386941627;-0.3488320492400845
-0.47354183956100687;-0.36362888977060615
-0.4650074541669058;-0.37819060403069377
-0.4561758538959917;-0.39251062059906355
-0.4470561780204797;-0.40658279465992886
-0.4376576650205837;-0.4204014045195195
-0.4279896285744648;-0.4339611482442913
-0.4180614359295026;-0.44725713720439036
-0.4078824863607775;-0.4602848893384692
-0.3974621903142352;-0.4730403216018583
-0.3868099511761624;-0.48551974046815205
-0.37593514637951386;-0.4977198324616692
-0.3648471106963637;-0.5096376535891952
-0.3535551209342855;-0.5212706180676201
-0.3420683804144424;-0.532616486685985
-0.33039600624896304;-0.5436733547166385
-0.31854701683006015;-0.5544396394287342
-0.30653032007877956;-0.5649140672808387
-0.29435470400773506;-0.5750956613009011
-0.28202882695488657;-0.5849837278239434
-0.2695612096779575;-0.5945778436841412
-0.25696022861769613;-0.6038778436026953
-0.2442341087874874;-0.6128838067235124
-0.2313909186161448;-0.6215960441981625
-0.21843856578745877;-0.6300150871531777
-0.2053847929757805;-0.6381416737377855
-0.19223717489381817;-0.6459767374300348
-0.1790031160766119;-0.6535213957832728
-0.16568984879213833;-0.6607769383922206
-0.15230443192456491;-0.6677448161720131
-0.1388537504092452;-0.6744266310886532
-0.12534451502915925;-0.6808241252301666
-0.1117832626909493;-0.686939171178922
-0.09817635710432028;-0.6927737628131261
-0.0845299899267649;-0.6983300056643386
-0.07085018212376416;-0.7036101084087049
-0.05714278561952178;-0.7086163747546919
-0.043413485461193016;-0.7133511950579161
-0.029667801946420286;-0.7178170389282715
-0.01591109296272821;-0.7220164481927475
-0.002148556823018028;-0.7259520297399766
0.011614765070340097;-0.7296264491745504
0.025373985412193656;-0.7330424247910786
0.03912436772747492;-0.7362027215552205
0.05286132337480518;-0.7391101457280083
0.06658040844443618;-0.7417675397759551
0.08027732027010671;-0.7441777773746004
0.09394789424967337;-0.7463437589087919
0.10758810059621161;-0.7482684072282942
0.12119404077403126;-0.7499546635563407
0.13476194425775423;-0.7514054837672131
0.14828816524438837;-0.7526238348922918
0.1617691790816285;-0.7536126918083899
0.1752015791365497;-0.754375034208251
0.18858207360441495;-0.7549138437691111
0.20190748211811832;-0.7552321015043656
0.21517473215928895;-0.7553327852939856
0.22838085643626665;-0.755218867640492
0.2415229896516186;-0.7548933135576628
0.25459836517655476;-0.7543590787079554
0.2676043121551982;-0.7536191075992713
0.2805382527110871;-0.7526763319150146
0.29339769897268303;-0.7515336690439712
0.3061802499704033;-0.7501940207906734
0.31888358919045745;-0.748660272040043
0.33150548183919964;-0.7469352896290371
0.3440437720814357;-0.7450219214094775
0.3564963804604157;-0.7429229953387333
0.3688613015392109;-0.7406413185575379
0.38113660141997063;-0.7381796766872123
0.393320415231124;-0.7355408332941334
0.40541094495854363;-0.7327275292072059
0.41740645721375697;-0.7297424820085309
0.4293052810090756;-0.7265883856549283
0.44110580559727447;-0.7232679101661879
0.45280647852270905;-0.719783701200351
0.4644058036091323;-0.716138379826991
0.4759023389730139;-0.7123345424224223
0.48729469519824203;-0.7083747604488105
0.49858153354435863;-0.704261580315564
0.5097615641691068;-0.6999975233624905
0.5208335443929701;-0.6955850859172874
0.5317962771379464;-0.691026739122546
0.5426486093255353;-0.6863249290008903
0.5533894303538319;-0.6814820764872327
0.564017670514528;-0.6765005777684074
0.5745322995292711;-0.6713828044670066
0.5849323253098195;-0.6661311033974224
0.5952167925522588;-0.6607477968783471
0.6053847814429002;-0.6552351828944404
0.6154354063600991;-0.6495955355922187
0.6253678146895798;-0.6438311053217832
0.6351811856738424;-0.6379441187383126
0.6448747292703683;-0.6319367791195224
0.6544476850586822;-0.6258112666316048
0.6638993211518899;-0.6195697388950381
0.6732289332095299;-0.6132143309728106
0.6824358434504592;-0.6067471556702979
0.6915193996956793;-0.600170303866112
0.7004789744584027;-0.5934858448565113
0.7093139640934999;-0.5866958268520568
0.7180237878965715;-0.5798022770480608
0.72660788729137;-0.5728072020113923
0.7350657250347211;-0.5657125880120235
0.743396784464437;-0.5585204014279067
0.7516005687766089;-0.5512325891653103
0.7596766002718117;-0.5438510788165705
0.7676244196793538;-0.5363777790691074
0.7754435854898203;-0.5288145800437948
0.7831336733541763;-0.52116335373108
0.7906942754566425;-0.5134259543170158
0.7981249998857027;-0.5056042184558626
0.8054254700750766;-0.49769996565356
0.8125953242493655;-0.48971499861450596
0.8196342149389406;-0.48165110367956737
0.8265418084275837;-0.47351005110341604
0.8333177842486719;-0.4652935953869359
0.8399618347156722;-0.4570034756394743
0.8464736644704366;-0.44864141593501367
0.8528529901018683;-0.4402091257377305
0.8590995396343492;-0.43170830013265526
0.8652130521315089;-0.4231406201864028
0.871193277302614;-0.4145077532897511
0.877039975114306;-0.4058113534863344
0.8827529154575516;-0.39705306184986033
0.8883318779337325;-0.3882345069888935
0.8937766512996973;-0.3793573051150778
0.8990870332028139;-0.3704230604497227
0.9042628298750566;-0.3614333655631834
0.9093038558261776;-0.35238980169677403
0.9142099335924303;-0.34329393911872413
0.9189808935448189;-0.33414733751778514
0.92361657346004;-0.3249515461891872
0.9281168183197218;-0.3157081043984997
0.9324814800658922;-0.30641854169858496
0.9367104173602879;-0.29708437823935785
0.9408034954097898;-0.2877071251229347
0.9447605858069119;-0.2782882847615821
0.948581566180833;-0.2688293510668819
0.952266320056688;-0.25933180980469234
0.9558147366659936;-0.24979713890012759
0.9592267107625414;-0.2402268087385111
0.9625021425067;-0.23062228249191158
0.9656409373204171;-0.22098501642670615
0.9686430056333373;-0.21131646015594086
0.9715082627801039;-0.20161805695554988
0.9742366288585753;-0.19189124405759153
0.9768280285941356;-0.18213745294129877
0.9792823912715699;-0.1723581096533805
0.9815996506042302;-0.16255463509145593
0.9837797445650242;-0.15272844526328083
0.9858226153126846;-0.1428809515898138
0.987728209092355;-0.1330135611907615
0.9894964761425445;-0.12312767716887159
0.9911273706724176;-0.11322469891169
0.9926208507488202;-0.10330602236420294
0.9939768781907389;-0.09337304030087136
0.9951954185268238;-0.08342714261332669
0.9962764409346242;-0.0734697165902068
0.9972199181870399;-0.06350214719659009
0.9980258266600184;-0.05352581736756337
0.9986941462469926;-0.04354210827477266
0.9992248603099351;-0.03355239960074202
0.9996179556643454;-0.023558069820339558
0.9998734225541475;-0.013560496477744655
0.9999912546376903;-0.003561056463921075
0.9999714490536846;0.006438873695453248
0.999814006320014;0.01643791757695095
0.9995189303353892;0.0264346985824399
0.9990862283995932;0.0364278396602025
0.998515911220495;0.04641596302862363
0.9978079929256047;0.056397689899793504
0.9969624910780466;0.06637164020297072
0.9959794267471253;0.07633643230139377
0.9948588247592133;0.08629068268628959
0.99360071338728;0.09623300574283894
0.9922051244914156;0.10616201345854762
0.9906720935951624;0.11607631513982211
0.9890016599399881;0.12597451713126434
0.9871938665447447;0.1358552225341507
0.985248760270048;0.14571703092403326
0.9831663919739111;0.15555853806494585
0.9809468167121043;0.1653783356214593
0.9785900935329956;0.17517501088115708
0.9760962856912115;0.18494714646427637
0.9734654607546256;0.1946933200352091
0.9706976907100042;0.2044121040128357
0.9677930520744096;0.21410206527939626
0.9647516260123453;0.22376176488783428
0.9615734986159503;0.23338975776878845
0.9582587610308361;0.24298459243461196
0.9548075093771327;0.25254481067995116
0.9512198450222612;0.2620689472832388
0.9474958747399186;0.27155552970531477
0.9436357108759266;0.28100307778605094
0.9396394715211471;0.290410103438918
0.9355072806960282;0.2997751103440027
0.931239268766502;0.30909659366885917
0.9268355724636235;0.318373039732969
0.9222963350095299;0.32760292568310945
0.9176217064238428;0.3367847191894635
0.9128118437539863;0.34591687812801475
0.9078669113143202;0.35499785026051256
0.902787080934198;0.36402607291195094
0.8975725322408419;0.37299997265073337
0.8922234532088501;0.3819179650187211
0.8867400401047038;0.39077845413329737
0.8811224978166086;0.3995798323633434
0.8753710402203684;0.4083204800077774
0.8694858904995485;0.4169987649599082
0.8634672814769496;0.42561304236912795
0.8573154559575646;0.4341616542999028
0.851030667162388;0.4426429294143324
0.8446131793995593;0.4510551827269194
0.8380632679646156;0.4593967150959539
0.8313812196953719;0.4676658129257243
0.824567333426264;0.4758607478281537
0.8176219204244954;0.4839797762711586
0.8105453048409366;0.4920211392245713
0.8033378241760475;0.4999830618035958
0.7959998299469926;0.5078637529978671
0.7885316884018283;0.5156614054129163
0.780933780489003;0.5233741946487628
0.7732065026461017;0.5310002790564744
0.7653502673788254;0.5385377993849921
0.7573655038483801;0.5459848784214284
0.7492526584782245;0.5533396206299022
0.7410121955805805;0.5606001117889066
0.732644598388916;0.5677644188833885
0.7241503696560937;0.5748305896935058
0.7155300319056861;0.5817966521379078
0.7067841284312377;0.5886606140980561
0.697913224057043;0.5954204630685486
0.6889179059239282;0.6020741658081196
0.6797987843005221;0.6086196679914465
0.6705564934329458;0.6150548938730116
0.6611916928909743;0.6213777463753654
0.6517050681464729;0.6275861064625368
0.6420973313787957;0.6336778326943512
0.6323692226171747;0.6396507610604204
0.6225215107716772;0.6455027046894914
0.6125549946999567;0.6512314535664442
0.6024705042484669;0.6568347743112146
0.5922689013809047;0.6623104099232063
0.5819510814372074;0.6676560794548779
0.5715179742998119;0.6728694778089819
0.5609705456421143;0.6779482755092032
0.5503097982167346;0.6828901184820844
0.5395367733481455;0.6876926280702477
0.5286525526449126;0.692353401296775
0.5176582588518519;0.6968700099336466
0.5065550575630673;0.7012400006793357
0.4953441587873884;0.7054608950938218
0.4840268185465328;0.7095301895320849
0.472604340543873;0.7134453552080577
0.46107807799282374;0.7172038388882149
0.4494494352297598;0.7208030620829893
0.4377198695656446;0.7242404213052779
0.42589089318263584;0.727513288292214
0.41396407507367183;0.7306190101736418
0.4019410430456877;0.7335549097146985
0.38982348587061877;0.7363182864913185
0.3776131553419248;0.7389064164840442
0.36531186845171637;0.7413165523015048
0.3529215096758044;0.7435459238913289
0.34044403330263723;0.745591739065735
0.32788146583090166;0.7474511840869122
0.3152359083836554;0.7491214251527417
0.30250953923633217;0.750599609276906
0.2897046164741575;0.7518828643425997
0.2768234806366101;0.7529683005854961
0.2638685574624505;0.7538530117469763
0.2508423605192464;0.7545340762826924
0.23774749401320627;0.75500855871104
0.22458665597297936;0.7552735111582913
0.21136264113080708;0.7553259749201356
0.19807834399023522;0.7551629821768763
0.1847367617324393;0.7547815585398031
0.17134099725877638;0.7541787255326665
0.15789426280180185;0.7533515017049669
0.14439988304606946;0.7522969055897453
0.13086129847597114;0.7510119583392362
0.11728206829735546;0.7494936869353325
0.10366587340377331;0.7477391276035549
0.09001652075493477;0.7457453283325335
0.0763379464130373;0.7435093527294422
0.06263421900592177;0.7410282837892948
0.04890954262533702;0.7382992282516281
0.03516825951972824;0.7353193213419591
0.021414854909847444;0.7320857305386881
0.00765395980383771;0.7285956607915305
-0.00610964566278983;0.7248463597165029
-0.01987102976335954;0.7208351234165672
-0.03362510743883549;0.7165593028805375
-0.04736663484763938;0.7120163092736732
-0.06109020734936492;0.7072036208584365
-0.07479025673774314;0.7021187899532629
-0.08846104933002724;0.6967594502788463
-0.10209668556687113;0.6911233247461274
-0.1156910957051917;0.6852082334658142
-0.1292380389186066;0.6790121023016032
-0.14273110199229846;0.672532971623235
-0.15616369821470735;0.6657690050171011
-0.16952906668076345;0.6587184996236911
-0.18282027186451047;0.6513798960208568
-0.19603020411101427;0.6437517885528582
-0.20915158232550204;0.6358329356520317
-0.2221769529616165;0.627622271659009
-0.23509869239684233;0.6191189183286452
-0.24790900965592144;0.6103221965660327
-0.2605999506426599;0.6012316370565863
-0.273163401394844;0.591846993810264
-0.2855910930766482;0.5821682564891236
-0.29787460730024523;0.5721956632399321
-0.3100053827302305;0.5619297136685661
-0.3219747225022461;0.5513711820625822
-0.3337738029590665;0.540521129650255
-0.3453936833886712;0.5293809170867777
-0.3568253160555796;0.5179522186804345
-0.36805955792414846;0.506237034482315
-0.37908718277287146;0.4942377017517248
-0.38989889569387914;0.48195690822463033
-0.400485347942777;0.4693977035532557
-0.41083715265740434;0.4565635091408636
-0.4209449025715331;0.44345812950392616
-0.43079918870025663;0.4300857621659431
-0.44039061890791725;0.4164510052767939
-0.44970983873321413;0.4025588654493363
-0.4587475540564813;0.38841476519613805
-0.4674945530049835;0.37402454769058535
-0.47594172838030263;0.35939448006377844
-0.4840801041579723;0.34453125691993614
-0.49190086014503837;0.32944200095093334
-0.49939535538385865;0.31413426177427056
-0.5065551569184255;0.29861601367321783
-0.5133720665462271;0.28289565105220416
-0.5198381450302444;0.2669819824156261
-0.525945740271411;0.25088422167966373
-0.5316875152814733;0.23461197733115224
-0.5370564727496329;0.218175240764314
-0.542045979936672;0.20158437217820177
-0.5466497964002804;0.18485008214428225
-0.5508620973237154;0.16798341338819048
-0.5546774946195223;0.15099572232044908
-0.5580910597919866;0.13389865478997623
-0.5610983446616647;0.1167041219067457
-0.5636954004824785;0.09942427365307359
-0.5658787941387428;0.0820714709285883
-0.5676456218941686;0.06465825825139185
-0.5689935223433207;0.047197332088030584
-0.569920686984904;0.029701509718966505
-0.5704258690436691;0.01218369797449867
-0.5705083876948359;-0.005343140569232907
-0.5701681318231732;-0.02286601994144409
-0.5694055601496079;-0.04037196439965835
-0.5682216989358937;-0.05784804189442524
-0.566618138572934;-0.07528139608768764
-0.564597025125703;-0.09265927947731681
-0.5621610518215555;-0.10996908482509202
-0.5593134475057664;-0.12719837576463414
-0.556057961665654;-0.14433491635424253
-0.55239884988496;-0.16136669934986886
-0.5483408548769968;-0.1782819726405199
-0.5438891870586466;-0.1950692643870407
-0.5390495042499542;-0.21171740666296346
-0.5338278878302608;-0.22821555605089197
-0.5282308199938414;-0.2445532139180105
-0.5222651586864235;-0.26072024338042826
-0.515938111806755;-0.27670688432867563
-0.5092572117170693;-0.29250376780591986
-0.5022302882061861;-0.308101925917988
-0.4948654419461479;-0.32349280175730594
-0.4871710178001322;-0.3386682566454515
-0.47915557812897003;-0.3536205744158188
-0.4708278763124633;-0.36834246591235875
-0.4621968310660226;-0.3828270695334448
-0.45327150101397173;-0.39706795112172855
-0.44406105975764326;-0.4110591027203542
-0.434574772568701;-0.4247949382324548
-0.4248219727753842;-0.43827028937557405
-0.4148120400437726;-0.4514803993383525
-0.40455437958010215;-0.4644209153298751
-0.39405840145170795;-0.4770878807444943
-0.38333350259320925;-0.4894777255272505
-0.3723890485869048;-0.5015872562901861
-0.3612343570432061;-0.5134136456058251
-0.34987868274959844;-0.524954420568049
-0.3383312026477554;-0.5362074509577619
-0.32660100329827996;-0.5471709370651592
-0.31469706877760273;-0.5578433971110416
-0.30262826938279164;-0.5682236543855299
-0.2904033523845234;-0.5783108245765676
-0.27803093271643226;-0.5881043025403468
-0.26551948533032593;-0.5976037494829564
-0.2528773384127645;-0.6068090801233633
-0.2401126670351911;-0.6157204495559198
-0.22723348851502276;-0.6243382412076369
-0.21424765798397089;-0.6326630543321057
-0.20116286417671214;-0.64069569101283
-0.18798662723305098;-0.6484371452982032
-0.1747262963638786;-0.6558885914666712
-0.16138904808366158;-0.6630513720379121
-0.1479818853718193;-0.6699269877214923
-0.13451163715423792;-0.6765170868048351
-0.12098495815989192;-0.6828234542831477
-0.10740832942254018;-0.6888480028227489
-0.09378805907752627;-0.6945927633385376
-0.08013028369456414;-0.7000598753783108
-0.06644096963302869;-0.705251579085596
-0.05272591484015722;-0.7101702069812802
-0.038990751103126775;-0.7148181756648712
-0.025240946163422665;-0.7191979787450199
-0.011481806185656297;-0.7233121797825957
0.002281521303987899;-0.7271634052067492
0.01604404481319113;-0.7307543382109533
0.0298009259747425;-0.7340877127651614
0.043547476222072105;-0.737166307682184
0.05727915383447378;-0.7399929414019986
0.07099156077977757;-0.7425704669712451
0.08468043918070157;-0.7449017671327048
