-1.0000000000000009;-1.732050807568877
-0.9826374752569546;-1.741977444918396
-0.9651918668438259;-1.751756821088564
-0.9476646669584928;-1.7613881128872286
-0.9300573659007982;-1.77087052377961
-0.9123714645545151;-1.7802032765908335
-0.8946084735477895;-1.7893856140040505
-0.8767699130981697;-1.7984167986393638
-0.8588573125977441;-1.8072961132510585
-0.8408722099522696;-1.8160228609203217
-0.8228161511573735;-1.8245963652320647
-0.8046906902946701;-1.833015970423593
-0.7864973889796529;-1.8412810415700331
-0.7682378161781173;-1.8493909643328847
-0.7499135479095472;-1.8573451449516127
-0.7315261665967192;-1.8651430109958553
-0.713077260828883;-1.8727840112284595
-0.6945684249952401;-1.8802676154125229
-0.6760012589199772;-1.8875933142333383
-0.6573773675088187;-1.8947606199479035
-0.638698360383189;-1.9017690662518063
-0.619965851476462;-1.908618208097038
-0.6011814586349286;-1.9153076215426723
-0.5823468033327508;-1.9218369043653776
-0.5634635102722121;-1.9282056759053208
-0.5445332070048121;-1.9344135768743889
-0.5255575235511205;-1.9404602691292023
-0.5065380920577482;-1.9463454362726538
-0.4874765464190065;-1.9520687834672055
-0.46837452193445234;-1.9576300371218096
-0.44923365496717327;-1.9630289445779983
-0.43005558250456444;-1.9682652750444363
-0.4108419418213047;-1.973338819222939
-0.39159437011328363;-1.9782493893064241
-0.3723145041365661;-1.9829968189470464
-0.35300398007159023;-1.9875809616249633
-0.3336644329733423;-1.992001691957055
-0.31429749633608656;-1.9962589061921898
-0.2949048018072018;-2.0003525216477036
-0.2754879788264152;-2.0042824766756184
-0.256048654378806;-2.00804873027183
-0.23658845308055562;-2.0116512606410653
-0.21710899613745496;-2.0150900672993672
-0.19761190119088728;-2.018365170391494
-0.17809878201515225;-2.0214766104748407
-0.1585712481698134;-2.024424448444505
-0.13903090511814692;-2.0272087644678383
-0.1194793538833207;-2.0298296579013684
-0.09991819006646399;-2.032287248563779
-0.08034900385166474;-2.034581675911557
-0.06077337967676038;-2.036713098924864
-0.04119289597396786;-2.0386816958887315
-0.02160912573289535;-2.0404876629394266
-0.0020236352003104308;-2.04213121540853
0.017562016398645505;-2.043612587633284
0.03714627698462546;-2.044932032534777
0.056727601930581295;-2.0460898214699133
0.0763044538969141;-2.047086243559018
0.09587530289728786;-2.0479216052700435
0.11543862717953969;-2.0485962309095442
0.1349929136703858;-2.0491104626283905
0.1545366579612483;-2.0494646599169934
0.17406836458925307;-2.049659199431722
0.19358654638838468;-2.049694474047613
0.21308972529943584;-2.0495708931214622
0.23257643312121506;-2.049288882704768
0.25204521134486624;-2.0488488849937365
0.2714946113625707;-2.0482513580889123
0.2909231946676449;-2.047496775746318
0.3103295329175878;-2.046585627179728
0.3297122079668945;-2.045518416864492
0.3490698123927568;-2.044295664100041
0.3684009494952951;-2.042917902803857
0.38770423343301935;-2.0413856812301754
0.4069782893546702;-2.0396995616778746
0.42622175363897774;-2.0378601203750155
0.44543327477778444;-2.0358679483810027
0.4646115125017537;-2.0337236497356472
0.48375513810986304;-2.031427841506064
0.5028628347007411;-2.0289811536865523
0.5219332972906914;-2.026384228927643
0.5409652329291813;-2.0236377222701076
0.559957361048683;-2.0207423013553245
0.5789084133990253;-2.0176986458188426
0.5978171340448585;-2.0145074468195436
0.6166822795522896;-2.0111694069552506
0.6355026190806768;-2.007685239999616
0.6542769344685622;-2.004055670637347
0.6730040203337159;-2.0002814343432758
0.6916826841645822;-1.9963632772398519
0.7103117463414127;-1.9923019554835477
0.7288900402221244;-1.9880982351637493
0.747416412201662;-1.9837528920497143
0.7658897217650883;-1.9792667113328979
0.7843088415498898;-1.9746404874095087
0.8026726574690203;-1.9698750238441685
0.8209800686380408;-1.964971132812987
0.8392299874354847;-1.9599296349259248
0.8574213395418332;-1.9547513590057162
0.8755530639630895;-1.949437141839715
0.893624113047641;-1.9439878279297351
0.9116334526225685;-1.9384042694578396
0.9295800618875745;-1.9326873258429795
0.9474629334185483;-1.9268378634966346
0.9652810731926291;-1.9208567556251814
0.9830335005858192;-1.9147448819944317
1.0007192483653866;-1.9085031286947556
1.0183373627600016;-1.9021323880107857
1.0358869034808067;-1.8956335582367974
1.0533669435290505;-1.8890075432317892
1.070776569260006;-1.8822552523030152
1.0881148803593899;-1.875377599987117
1.1053809898144873;-1.8683755058319196
1.1225740238813242;-1.8612498941805975
1.1396931220479822;-1.8540016939583672
1.1567374371200136;-1.8466318385612353
1.1737061351845657;-1.8391412656546924
1.1905983953743948;-1.8315309168201805
1.2074134099299416;-1.823801737442797
1.2241503841554269;-1.8159546765212504
1.2408085363723818;-1.8079906864818114
1.2573870978710633;-1.7999107229966864
1.2738853128598888;-1.791715744806959
1.2903024383293515;-1.7834067132814342
1.3066377440206767;-1.7749845923224137
1.3228905124559782;-1.7664503484792216
1.3390600388220795;-1.7578049506013957
1.3551456309063008;-1.7490493696684568
1.3711466090305444;-1.7401845786235237
1.3870623059837894;-1.731211552210889
1.4028920669526534;-1.7221312668166313
1.4186352493546999;-1.7129447001031077
1.4342912228174869;-1.7036528309700176
1.4498593691705366;-1.6942566395506296
1.4653390823175654;-1.6847571069521299
1.4807297681557734;-1.6751552151056954
1.4960308444937593;-1.665451946619935
1.5112417409681478;-1.655648284637742
1.5263618989586185;-1.645745212694722
1.5413907714749648;-1.6357437144559206
1.556327823089976;-1.6256447736744124
1.5711725298630144;-1.6154493741144254
1.5859243792391169;-1.605158499367936
1.600582869958199;-1.594773132725523
1.6151475119634473;-1.5842942570502292
1.6296178263089847;-1.5737228546544484
1.6439933450657076;-1.5630599071779505
1.6582736111882672;-1.5523063954071163
1.672458178455523;-1.5414632992166704
1.686546611384295;-1.5305315974720166
1.700538485119699;-1.5195122678973656
1.7144333853379798;-1.5084062869675325
1.7282309081489853;-1.497214629802519
1.7419306599983497;-1.4859382700648773
1.7555322575677437;-1.4745781798574906
1.7690353276424047;-1.4631353295793328
1.7824395070474495;-1.4516106878786958
1.7957444425510407;-1.4400052215636048
1.808949790755344;-1.4283198954981111
1.8220552179966747;-1.416555672513798
1.835060400245695;-1.404713513323819
1.8479650230077245;-1.3927943764394595
1.8607687812197633;-1.3807992180861708
1.8734713791060613;-1.3687289920855492
1.8860725301301693;-1.3565846498241148
1.8985719568917627;-1.3443671401758241
1.910969391016324;-1.3320774094204004
1.9232645730550881;-1.319716401172672
1.935457252385332;-1.307285056314153
1.9475471871110535;-1.2947843129268464
1.9595341439596;-1.2822151062264437
1.9714178981425707;-1.2695783684751927
1.9831982333080584;-1.2568750289533381
1.9948749414342797;-1.244106013895895
2.006447822723583;-1.2312722464313612
2.0179166855042965;-1.218374646526948
2.029281346133127;-1.20541413093575
2.0405416288981573;-1.1923916131458234
2.051697365912527;-1.1793080033281733
2.0627483969925575;-1.1661642082817405
2.073694569609297;-1.1529611314019557
2.084535738775995;-1.1396996726317081
2.095271766950753;-1.1263807284183858
2.10590252394203;-1.113005191673263
2.1164278868148587;-1.0995739517325553
2.126847739797823;-1.0860878943201149
2.1371619741711614;-1.0725479015077368
2.1473704881687152;-1.0589548516796978
2.157473186923425;-1.0453096195075262
2.167469982357467;-1.0316130759148565
2.1773607930914824;-1.0178660880474717
2.18714554435477;-1.00406951924481
2.1968241678962888;-0.9902242290128705
2.20639660189612;-0.9763310729985057
2.215862790852655;-0.9623909029663166
2.225222685514192;-0.9484045667746647
2.2344762428038134;-0.9343729083533451
2.2436234257232752;-0.92029676768361
2.252664203267879;-0.9061769807789043
2.2615985503421943;-0.8920143796667951
2.270426447676648;-0.8778097923720629
2.2791478817425266;-0.863564042901292
2.2877628446452856;-0.8492779512318902
2.2962713340737944;-0.834952333294086
2.3046733532159194;-0.8205880009590695
2.3129689106736784;-0.8061857620283426
2.3211580203840483;-0.7917464202233738
2.3292407015406513;-0.7772707751762261
2.3372169785163326;-0.7627596224211227
2.3450868807809533;-0.7482137533889666
2.3528504428091184;-0.7336339554066545
2.360507704034017;-0.7190210116811463
2.3680587087628413;-0.7043757012983926
2.3755035061014294;-0.6896987992201268
2.382842149881261;-0.6749910762809258
2.3900746985873242;-0.6602532991860661
2.3972012152868705;-0.6454862305101245
2.4042217675498634;-0.6306906287011023
2.411136427375207;-0.6158672480827058
2.4179452711406726;-0.6010168388454538
2.4246483795252285;-0.5861401470532607
2.4312458374412986;-0.5712379146459701
2.437737733967994;-0.5563108794424527
2.444124162285196;-0.5413597751443305
2.4504052196083665;-0.5263853313403811
2.456581007112422;-0.5113882735200895
2.4626516298761656;-0.4963693230734234
2.4686171968255306;-0.4813291972926346
2.4744778206662463;-0.4662686093828666
2.4802336178223836;-0.4511882684696065
2.4858847083757203;-0.4360888796066235
2.4914312160059158;-0.4209711437843912
2.496873267929844;-0.4058357579406131
2.5022109948260844;-0.3906834149868381
2.5074445308019304;-0.37551480379380353
2.512574013333055;-0.3603306092053089
2.517599583203421;-0.34513151205304193
2.522521384450049;-0.329918189167704
2.527339564308587;-0.3146913133904871
2.53205427315969;-0.29945155358485787
2.536665664476203;-0.2841995746486497
2.541173894771157;-0.26893603752641837
2.5455791235465672;-0.25366159922206216
2.549881513240315;-0.2383769128146242
2.554081229113697;-0.22308262753945057
2.558178439276048;-0.20777938872194518
2.5621733146408707;-0.19246783778656923
2.5660660288568464;-0.17714861229406204
2.5698567582602636;-0.1618223459564761
2.5735456818281848;-0.1464896686523998
2.577132981132327;-0.1311512064423695
2.5806188402936776;-0.11580758158443229
2.584003445937823;-0.10045941254986096
2.587286987151006;-0.08510731403898164
2.5904696554363777;-0.06975189699797346
2.593551644630705;-0.054393768702159506
2.5965331508989085;-0.039033532712171526
2.5994143727111823;-0.023671788860064644
2.6021955107824426;-0.008309133298782814
2.6048767680317924;0.007053841480214887
2.6074583495426378;0.02241654662923806
2.6099404625234386;0.03777839692655628
2.6123233162691033;0.053138810758535174
2.6146071221230134;0.06849721010171014
2.6167920934396816;0.08385302050483523
2.6188784455480296;0.09920567107089454
2.620866395691772;0.11455459438761548
2.6227561630054455;0.12989922653468436
2.624547968504473;0.14523900712037788
2.626242035033278;0.16057337922503095
2.6278385872310457;0.17590178938187873
2.6293378514980406;0.19122368755786323
2.630740055962483;0.20653852713443885
2.6320454304479757;0.22184576488836708
2.6332542064414715;0.23714486097253415
2.634366617061786;0.2524352788967825
2.6353828970286397;0.26771648550878974
2.636303282624872;0.2829879509413917
2.637128011665501;0.2982491485888439
2.637857323483338;0.31349955515630223
2.6384914588917;0.328738650602574
2.639030660155711;0.3439659181198013
2.6394751709641833;0.3591808441136221
2.6398252364019776;0.37438291818336306
2.640081102922837;0.3895716331022798
2.64024301832269;0.4047464847978616
2.640311231713418;0.41990697233219204
2.6402859934970744;0.43505259788239725
2.6401675553396435;0.4501828667001979
2.6399561701452097;0.4652972870709017
2.6396520920345914;0.4803953703643908
2.639255576319874;0.4954766309826453
2.638766879480718;0.5105405863381383
2.6381862591411553;0.5255867568339375
2.6375139740468025;0.5406146658438697
2.6367502840424786;0.5556238396927741
2.635895450050225;0.5706138076368319
2.634949734047723;0.5855841018440018
2.633913399047098;0.6005342573745447
2.632786709075069;0.6154638121497483
2.6315699291547796;0.6303723069044271
2.6302633252807652;0.6452592852298296
2.6288671644012385;0.6601242935299786
2.6273817143990597;0.6749668809990357
2.6258072440728255;0.689786599601778
2.62414402311831;0.7045830040541824
2.622392322110252;0.7193556518040981
2.620552412484487;0.7341041030120371
2.6186245665204138;0.7488279205320647
2.616609057323793;0.763526669892817
2.6145061588114844;0.7781999192723845
2.6123161457022577;0.7928472394510775
2.6100392934876067;0.8074682038428723
2.607675878419848;0.8220623884613503
2.60522617749776;0.8366293718964415
2.602690468451415;0.8511687352956029
2.600069029727307;0.8656800623451174
2.5973621404737823;0.8801629392514944
2.5945700805267613;0.8946169547229985
2.591693130395742;0.9090416999512902
2.588731571250091;0.9234367685932001
2.5856856849074368;0.9378017567481798
2.5825557538355395;0.9521362629038179
2.5793420611150344;0.9664398879771676
2.576044890432105;0.9807122352841586
2.572664526069706;0.9949529105132802
2.569201252895568;1.009161521707855
2.5656553563504496;1.0233376792484368
2.5620271224366395;1.0374809958353566
2.5583168377066987;1.0515910864713998
2.5545247892524388;1.065667568444638
2.550651264694132;1.0797100613113997
2.5466965521699474;1.093718186879404
2.5426609403256064;1.1076915691910367
2.5385447183042573;1.1216298345067994
2.5343481757365547;1.1355326112889104
2.5300716027602754;1.149399530123002
2.52571529001103;1.1632302237015815
2.5212795285517475;1.1770243269377056
2.516764609899156;1.1907814768738942
2.512170826015699;1.2045013126647808
2.5074984693012348;1.2181834755608032
2.5027478325849306;1.2318276088920157
2.4979192091173568;1.2454333580520476
2.493012892562772;1.2590003704821902
2.4880291769915908;1.2725282956556343
2.4829683568730383;1.286016785061838
2.477830727067979;1.2994654921910513
2.47261658282192;1.3128740725189774
2.4673262197581813;1.3262421834915903
2.4619599338762987;1.3395694845037782
2.456518021597874;1.3528556368191476
2.451000779680019;1.3661003036553554
2.4454085052228782;1.3793031501524253
2.439741495677507;1.3924638433409562
2.4340000488404305;1.405582052127291
2.4281844628483693;1.418657447278808
2.422295036173122;1.431689701409352
2.4163320676166067;1.4446784889647908
2.4102958563060533;1.4576234862087183
2.404186701689341;1.4705243712082827
2.3980049035304862;1.4833808238201587
2.391750761905266;1.4961925256766595
2.385424577196979;1.508959160171985
2.379026650092343;1.5216804124486185
2.3725572816044975;1.5343559693532085
2.3660167730761987;1.5469855194152526
2.359405426108816;1.5595687529103397
2.3527235425955992;1.5721053618052316
2.345971424719407;1.5845950397435948
2.3391493749497774;1.5970374820327502
2.3322576960401373;1.6094323856305393
2.3252966910251343;1.6217794491323207
2.3182666632181;1.6340783727580814
2.3111679162086287;1.6463288583396811
2.3040007538602825;1.6585306093082133
2.2967654803084043;1.6706833306814997
2.28946239995805;1.6827867290517022
2.282091817482025;1.6948405125730714
2.2746540378224847;1.7068443909476283
2.267149366234726;1.7187980753843677
2.259578108219598;1.7307012786290765
2.2519405695296073;1.7425537149477475
2.2442370561809115;1.754355100106454
2.236467874452353;1.766105151359613
2.228633330884602;1.777803587438361
2.220733732279411;1.7894501285390445
2.2127693856989654;1.8010444963118348
2.2047405984653463;1.812586413849452
2.1966476781600845;1.8240756056760143
2.188490932623816;1.835511797735998
2.1802706699560277;1.8468947173833234
2.1719871985149006;1.8582240933705514
2.163640826917234;1.869499655838206
2.1552318640583823;1.880721136293788
2.1467606191232376;1.891888267595637
2.1382274015277813;1.9030007839732865
2.1296325209497406;1.914058421001355
2.120976287330299;1.9250609155887413
2.112259010874876;1.9360080059684686
2.1034810020540062;1.9468994316876307
2.094642571604301;1.9577349335974552
2.0857440305295034;1.9685142538434708
2.0767856901016253;1.9792371358557832
2.067767861862166;1.9899033243394704
2.0586908576234153;2.0005125652650757
2.0495549894698324;2.0110646058592176
2.0403605697595077;2.0215591945953046
2.031107911127603;2.0319960811837814
2.0217973265208573;2.0423750165529913
2.0124291291543543;2.05269575285397
2.003003632515547;2.0629580434509047
1.9935211503768882;2.073161642909084
1.9839819967979924;2.0833063069861883
1.974386486127884;2.0933917926236774
1.9647349330073192;2.1034178579382874
1.9550276523711865;2.113384262213623
1.945264959450973;2.1232907658918694
1.9354471697773112;2.133137130565592
1.925574599182591;2.1429231189696525
1.9156475638036448;2.1526484949732163
1.905666380084492;2.1623130235718784
1.8956313647791556;2.1719164708798795
1.8855428349432275;2.1814586041172297
1.8754011080543378;2.1909391916158003
1.865206501792892;2.2003580027924676
1.8549593342016486;2.2097148081580342
1.8446599236508137;2.2190093793041687
1.8343085888415676;2.2282414888962148
1.823905648809635;2.237410910666112
1.8134514229289196;2.2465174194054005
1.8029462309151878;2.2555607909583353
1.7923903928298104;2.2645408022150875
1.7817842290835528;2.273457231105059
1.771128060440425;2.2823098565902824
1.7604222080215821;2.291098458658926
1.7496669933092868;2.2998228183188916
1.7388627381518678;2.308482717591562
1.7280097647899797;2.31707793950648
1.7171083958326228;2.3256082680941255
1.7061589542602476;2.334073488379865
1.6951617634370184;2.3424733863783653
1.6841171471152574;2.350807749087799
1.6730254294399558;2.359076364484136
1.6618869349533425;2.3672790215155457
1.6507019885995171;2.3754155100968855
1.6394709157291334;2.3834856211043003
1.6281940421041534;2.391489146369913
1.6168716939026557;2.399425878676616
1.6055041977237103;2.4072956117529585
1.594091880597008;2.4150981402689404
1.58263507000105;2.4228332598333355
1.5711340938388956;2.4305007669839034
1.5595892804544136;2.43810045918456
1.5480009586393502;2.445632134821092
1.5363694576386977;2.4530955931966547
1.5246951071561234;2.46049063452738
1.512978237359468;2.4678170599380773
1.5012191788862987;2.475074671458039
1.4894182628495394;2.482263272016942
1.4775758208431573;2.4893826654408486
1.4656921849479219;2.4964326564483086
1.4537676877372188;2.503413050646561
1.441802662286978;2.5103236545300325
1.4297974421800366;2.517164275475877
1.417752361506457;2.5239347217373704
1.4056677548733534;2.5306348024425476
1.3935439574110773;2.5372643275909303
1.3813813047794745;2.543823108050345
1.3691801331742035;2.5503109555538463
1.3569407793331243;2.556727682696739
1.3446635805427463;2.563073102933702
1.3323488746447503;2.569347030576009
1.319997000042573;2.5755492807888536
1.3076082957080621;2.5816796695887714
1.2951831011868806;2.587738013841502
1.2827217565874909;2.5937241312642
1.2702246026133504;2.5996378404166287
1.257691980567227;2.6054789606996573
1.245124232352942;2.611247312354535
1.232521700482291;2.6169427164609513
1.2198847280820238;2.6225649949351957
1.207213658900889;2.628113970528419
1.1945088373167319;2.633589466825001
1.1817706083436628;2.6389913082410144
1.1689993176392839;2.6443193200227912
1.15619531151198;2.6495733282455913
1.143358936928265;2.6547531598123753
1.130490541514569;2.6598586424558976
1.1175904735548083;2.6648896047433572
1.1046590820245792;2.6698458760601964
1.0916967165873013;2.6747272866158394
1.0787037276006584;2.6795336674436694
1.0656804661241992;2.684264850400476
1.0526272839269872;2.688920668166013
1.0395445334953175;2.693500954242656
1.026432568040477;2.6980055429551646
1.0132917415065739;2.7024342694505528
1.0001224085784204;2.706786969698057
0.986924924689475;2.7110634804892118
0.9736996460298178;2.715263639438051
0.9604469295422984;2.7193872849948657
0.9471671329392183;2.7234342564368936
0.933860614720844;2.72740439385711
0.9205277341753524;2.731297538174187
0.9071688513870121;2.735113531133317
0.8937843272444111;2.738852215307138
0.8803745234487457;2.7425134340967747
0.8669398025221495;2.7460970317329854
0.8534805278160897;2.7496028532774157
0.839997063519808;2.753030744623964
0.8264897746688233;2.75638055250025
0.8129590271534756;2.759652124469199
0.7994051877260933;2.7628453089334335
0.7858286239971822;2.7659599551604757
0.7722297044638959;2.768995913247562
0.7586087985147976;2.771953034131178
0.7449662764356673;2.7748311695948233
0.7313025094182841;2.777630172271417
0.7176178695692504;2.780349895645824
0.7039127299188732;2.7829901940574935
0.6901874644300839;2.785550922703215
0.6764424480074206;2.7880319376399836
0.6626780565060526;2.790433095787988
0.6488946667408626;2.7927542549337048
0.6350926564955667;2.794995273733114
0.6212724045263239;2.797156011728854
0.6074342905655084;2.799236329367199
0.593578695350915;2.8012360879521725
0.5797060006255527;2.8031551496728673
0.5658165891464223;2.8049933776087306
0.5519108446938432;2.806750635733711
0.537989152080833;2.8084267889205337
0.5240518971625211;2.8100217029450945
0.5100994668456229;2.811535244490979
0.4961322490979512;2.8129672811541093
0.4821506329579829;2.8143176814475046
0.46815500854445946;2.8155863148061755
0.4541457670659022;2.8167730515925316
0.4401233008163812;2.817877763139716
0.4260880031986045;2.818900321720279
0.41204026874054867;2.8198406005328347
0.39798049309782635;2.8206984737280383
0.3839090730634655;2.8214738164145268
0.36982640657772325;2.822166504664997
0.3557328927379501;2.8227764155224153
0.34162893180848397;2.8233034270063655
0.32751492523059933;2.8237474181195283
0.3133912756324912;2.8241082688542978
0.2992583868393098;2.8243858601995284
0.2851166638832243;2.8245800741474234
0.2709665130135984;2.824690793700402
0.2568083416742547;2.8247179029652534
0.24264255857074157;2.824661287009485
0.22846957365257495;2.8245208319427926
0.2142897981255424;2.8242964249192872
0.2001036444618589;2.8239879541456343
0.18591152641037112;2.8235953088893293
0.17171385900678976;2.823118379487115
0.15751105858397507;2.822557057353539
0.14330354278225443;2.8219112349896522
0.12909173055978676;2.821180805991849
0.11487604220295353;2.820365665060855
0.1006568993368009;2.819465708010858
0.08643472491754955;2.8184808318205996
0.07220994323790095;2.817410934654924
0.05798297998520269;2.816255915763512
0.043754262225913526;2.8150156755514026
0.029524218415380915;2.8136901155908407
0.015293278408284428;2.812279138631804
0.0010618734691116294;2.8107826486127023
-0.013169563717353852;2.809200550671254
-0.027400599035508358;2.8075327511555472
-0.04163079692838795;2.805779157635281
-0.055859720387098674;2.803939678913193
-0.07008693094023724;2.802014225036667
-0.08431198864327791;2.8000027073095337
-0.09853445206794659;2.797905038304059
-0.11275387829156708;2.7957211318731194
-0.1269698228864011;2.793450903162573
-0.14118183991397146;2.791094268633655
-0.15538948198347857;2.7886511462112296
-0.16959230013875423;2.786121455096167
-0.18378984385921293;2.7835051158014004
-0.19798166107045911;2.780802050207166
-0.21216729813393898;2.778012181575382
-0.2263462998365915;2.7751354345642754
-0.2405182093805191;2.7721717352432496
-0.25468256837265457;2.769121011108009
-0.26883891681444305;2.7659831910959314
-0.28298679309153596;2.7627582056016977
-0.2971257339634894;2.75944598649318
-0.3112552745534885;2.756046467127584
-0.32537494833807334;2.752559582367864
-0.33948428713688755;2.748985268599392
-0.35358282110243555;2.7453234637469044
-0.36767007870986995;2.7415741072917146
-0.3817455867625292;2.737737140278958
-0.3958088703899668;2.7338125053300155
-0.40985945299018467;2.7298001466915127
-0.42389685624447715;2.7257000102373925
-0.4379206001083747;2.72151204348683
-0.45193020280175733;2.7172361956229865
-0.4659251807989958;2.7128724175120547
-0.47990504881914187;2.7084206617225757
-0.4938693198161442;2.7038808825450533
-0.5078175049691108;2.6992530360118523
-0.5217491136726051;2.694537079917391
-0.5356636535269956;2.689732973838624
-0.549560630328838;2.6848406791558266
-0.5634395480613068;2.6798601590736717
-0.577299908884669;2.674791378642616
-0.5911412131268142;2.669634304780581
-0.604962959277094;2.6643889062937305
-0.6187646440328242;2.6590551538779703
-0.632545762210997;2.653633020170952
-0.6463058067439228;2.6481224797731646
-0.6600442686888239;2.642523509264175
-0.673760637219011;2.6368360872260594
-0.6874543996151318;2.631060194267151
-0.7011250412564904;2.6251958130461035
-0.7147720456124553;2.6192429282962735
-0.7283948942339333;2.613201526850424
-0.741993066744933;2.6070715976657524
-0.7555660408342018;2.600853131849245
-0.7691132922469591;2.594546122683356
-0.7826342947767042;2.58815056565202
-0.7961285202571174;2.581666458466997
-0.8095954385540446;2.5750938010945514
-0.8230345175575828;2.568432595782467
-0.8364452232282903;2.561682847106342
-0.8498270196314857;2.5548445620120144
-0.8631793687441975;2.5479177497786343
-0.8765017305407845;2.540902422079691
-0.8897935629905829;2.5337985930135396
-0.9030543220513256;2.5266062791327477
-0.9162834616626955;2.5193254994738212
-0.9294804337400324;2.511956275587285
-0.9426446881681748;2.504498631568147
-0.9557756727954547;2.496952594086729
-0.9688728334278378;2.489318192419879
-0.981935613823227;2.4815954584825572
-0.9949634556859104;2.4737844268598077
-1.0079557986611731;2.465885134839113
-1.0209120803300695;2.4578976224431357
-1.033831736204353;2.4498219324628527
-1.046714199729298;2.441658110492175
-1.0595589024455168;2.433406204985665
-1.0723652737602878;2.4250662672608305
-1.0851327409434819;2.4166383515328866
-1.097860729184579;2.4081225149586154
-1.1105486615896423;2.3995188176720346
-1.123195959178529;2.3908273228204777
-1.1358020408823302;2.3820480966010935
-1.1483663235410626;2.3731812082977615
-1.1608882219015892;2.3642267303184354
-1.173367148615794;2.3551847382329076
-1.1858025142390007;2.346055310811008
-1.1981937272286556;2.336838530061224
-1.2105401939432565;2.3275344812697663
-1.2228413186415499;2.3181432530400605
-1.2350965034819856;2.308664937332688
-1.2473051485224516;2.2990996295057573
-1.2594666518121964;2.2894474283539483
-1.271580409489808;2.279708436147884
-1.2836458154273145;2.2698827586827686
-1.2956622614025206;2.2599705053172277
-1.3076291371119544;2.2499717890157127
-1.319545830173686;2.2398867263915587
-1.331411726130511;2.229715437750503
-1.3432262084534954;2.219458047134672
-1.3549886585459063;2.2091146823670225
-1.3666984557475113;2.1986854750962594
-1.3783549773392663;2.188170560842223
-1.3899575985483907;2.177570079041747
-1.401505692553843;2.166884173094995
-1.41299863049219;2.1561129904122702
-1.4244357814638846;2.145256682461316
-1.4358165125399505;2.1343154048150947
-1.447140189215994;2.12328931733502
-1.458406173807158;2.1121785835583142
-1.4696138282248188;2.1009833718148805
-1.4807625116277383;2.0897038545499687
-1.4918515812090762;2.0783402085569262
-1.502880392206732;2.0668926150273434
-1.5138482979143264;2.0553612596016966
-1.5247546496928068;2.043746332420522
-1.5355987969826963;2.0320480281760855
-1.5463800873169629;2.020266546164581
-1.5570978663345274;2.008402090338834
-1.5677514777943977;1.996454869361526
-1.5783402635904435;1.9844250966589225
-1.5888635637667938;1.9723129904751253
-1.5993207165338705;1.9601187739268326
-1.6097110582850545;1.9478426750586149
-1.6200339236139791;1.935484926898707
-1.6302886454182621;1.9230457674764736
-1.6404745550590387;1.9105254398154246
-1.650590982014857;1.8979241921558776
-1.6606372540584078;1.885242277941791
-1.670612697293105;1.8724799558718184
-1.6805166361775363;1.8596374899566641
-1.6903483935506949;1.846715149576876
-1.7001072906579777;1.8337132095411004
-1.7097926471779692;1.8206319501447688
-1.7194037812499872;1.8074716572292515
-1.72894000948977;1.794232622240795
-1.7384006469406004;1.7809151422865344
-1.747785007229858;1.7675195202015415
-1.757092402567155;1.754046064608089
-1.766322143760587;1.7404950899762586
-1.7754735402477746;1.7268669166857258
-1.7845459001276418;1.713161871087987
-1.793538530192908;1.6993802855690396
-1.8024507359633124;1.6855224986125048
-1.811281821719556;1.6715888548632045
-1.820031090550309;1.6575797051864325
-1.8286978447217601;1.6434954066039869
-1.8372813853345087;1.6293363225048447
-1.8457810123180722;1.6151028227267936
-1.8541960245902198;1.6007952835754409
-1.8625257200999477;1.5864140878886623
-1.8707693958713734;1.571959625101434
-1.8789263480485618;1.557432291311025
-1.8869958719412714;1.5428324893425671
-1.8949772620716359;1.5281606288149827
-1.9028698122217642;1.5134171262072944
-1.9106728156628572;1.4986024048121123
-1.9183855651277444;1.4837168948508908
-1.9260073526469916;1.468761033675634
-1.9335374697437255;1.4537352657467315
-1.9409752074892146;1.438640042699013
-1.948319856559511;1.4234758234080902
-1.9555707072931743;1.4082430740569656
-1.962727049750057;1.3929422682029315
-1.9697881737711689;1.3775738868447407
-1.9767533690396064;1.3621384184900622
-1.9836219252738247;1.3466363591373334
-1.9903931324387651;1.3310682122469177
-1.9970662803468424;1.315434489112385
-2.003640658936865;1.2997357087892802
-2.010115558356306;1.2839723981535065
-2.0164902690331283;1.2681450919675343
-2.022764081748869;1.2522543329467593
-2.0289362877129826;1.2363006718260143
-2.0350061786384455;1.2202846674262462
-2.0409730468186225;1.2042068867213311
-2.046836185268296;1.1880679048448224
-2.0525948881003506;1.1718683048723928
-2.0582484500852924;1.1556086783881516
-2.0637961668900373;1.1392896254018545
-2.0692373352120543;1.1229117543676916
-2.0745712528684175;1.1064756822476112
-2.079797218886311;1.0899820345746187
-2.0849145335949957;1.073431445516027
-2.089922498719229;1.0568245579366904
-2.094820417474142;1.0401620234621944
-2.099607594678509;1.0234445025186747
-2.104283337164205;1.0066726639662877
-2.1088469534890995;0.9898471856949207
-2.1132977540400146;0.9729687546841437
-2.1176350512334126;0.9560380669304174
-2.1218581596233124;0.9390558275041552
-2.1259663960108455;0.9220227506065136
-2.1299590795554506;0.9049395596258853
-2.1338355318877142;0.8878069871941133
-2.1375950772238514;0.8706257752424021
-2.1412370424822096;0.8533966750561718
-2.1447607576235708;0.8361204468744623
-2.1481655556289825;0.8187978602350441
-2.151450772430565;0.8014296944189595
-2.1546157471800433;0.7840167382061859
-2.157659822376816;0.766559789922176
-2.1605823439978247;0.7490596574837682
-2.1633826616292287;0.7315171584444864
-2.166060128599888;0.7139331200392022
-2.1686141021166416;0.6963083792281942
-2.1710439434013975;0.6786437827405757
-2.1733490179194583;0.6609401867823299
-2.1755286955823494;0.6431984568459206
-2.177582350631041;0.6254194687223816
-2.1795093619084143;0.6076041080625367
-2.181309113012267;0.5897532703914878
-2.1829809924458816;0.5718678611383732
-2.1845243937705088;0.553948795665103
-2.1859387157597605;0.5359969992940468
-2.187223362555922;0.5180134073346911
-2.188377743828184;0.49999896510924474
-2.189401274943853;0.48195462782503373
-2.1902933771729955;0.4638813600128575
-2.1910534777785187;0.4457801365649603
-2.1916810102062496;0.42765194242407656
-2.19217541425916;0.4094977725156421
-2.1925361362682882;0.39131863175063847
-2.192762629265641;0.3731155350265815
-2.192854353159066;0.35488950722662904
-2.1928107749082204;0.33664158321564674
-2.1926313685975316;0.3183728076928304
-2.192315615693664;0.3000842352886166
-2.1918630052887877;0.281776930637908
-2.1912730342309583;0.2634519682965337
-2.19054520730798;0.24511043272531874
-2.1896790374331;0.22675341827208081
-2.1886740458325322;0.20838202915156703
-2.187529762234804;0.18999737942332362
-2.186245725026525;0.1716005928087553
-2.184821481352071;0.15319280224657164
-2.18325658749255;0.1347751506897875
-2.1815506089930885;0.1163487907643547
-2.179703120849207;0.09791488468239336
-2.17771370770413;0.07947460419416742
-2.1755819640477756;0.06102913053732334
-2.1733074944174184;0.04257965438338912
-2.1708899135938293;0.024127375772888232
-2.168328846520276;0.005673503658658041
-2.1656239287674968;-0.012780743794081853
-2.162774806830057;-0.031234139148035786
-2.1597811382179635;-0.0496854459248829
-2.156642591660212;-0.06813341868522653
-2.1533588473096534;-0.0865768031117918
-2.1499295969491623;-0.10501433609587163
-2.146354544199125;-0.12344474582702399
-2.1426334045870385;-0.14186675203981478
-2.1387659055167916;-0.16027906637614808
-2.1347517870424193;-0.1786803918633059
-2.1305908018435833;-0.19706942327880878
-2.1262827154117296;-0.2154448472871663
-2.121827306255923;-0.23380534255958507
-2.1172243661095167;-0.25214957989744774
-2.1124737001376657;-0.27047622235956603
-2.1075751271236567;-0.2887839254089096
-2.102528479144746;-0.3070713374281616
-2.097333602350017;-0.3253370994529079
-2.091990357228982;-0.343579845272761
-2.086498618644061;-0.3617982017054095
-2.080858276030216;-0.37999078875571046
-2.0750692335947667;-0.3981562197790208
-2.0691314105173904;-0.41629310164877137
-2.063044741150308;-0.43440003492826346
-2.0568091749222157;-0.4524756141748766
-2.0504246762328044;-0.4705184282526389
-2.043891225574156;-0.4885270601187679
-2.037208819302603;-0.5065000871979125
-2.030377469805403;-0.5244360815900372
-2.023397205685395;-0.5423336102748552
-2.0162680719450052;-0.5601912353208574
-2.0089901301696216;-0.5780075140989374
-2.0015634586557636;-0.5957809995112002
-1.993988151788219;-0.6135102403702165
-1.9862643211907034;-0.6311937814380734
-1.9783920958572203;-0.6488301636679944
-1.9703716221090664;-0.6664179244843014
-1.9622030637551608;-0.683955598027338
-1.9538866022507593;-0.7014417154031778
-1.945422436854557;-0.7188748049381185
-1.9368107847841858;-0.7362533924379445
-1.928051880895076;-0.7535760014364077
-1.9191459776047137;-0.7708411534565754
-1.9100933461534069;-0.7880473683209016
-1.9008942761835295;-0.8051931644109328
-1.8915490758547375;-0.822277058949444
-1.882058071967572;-0.8392975682876856
-1.8724216100843543;-0.8562532081973837
-1.8626400546473836;-0.8731424941674706
-1.8527137889962222;-0.8899639416791932
-1.8426432145292369;-0.9067160662565685
-1.8324287520875164;-0.923397384119888
-1.82207084186161;-0.9400064124475133
-1.8115699432767403;-0.9565416696373518
-1.8009265350717931;-0.9730016756259154
-1.7901411153744418;-0.9893849522118174
-1.7792142017724126;-1.005690023383691
-1.7681463313808699;-1.0219154156525738
-1.7569380603158444;-1.0380596580672359
-1.74558996373428;-1.0541212825447417
-1.7341026368889907;-1.0700988247604124
-1.722476694610625;-1.0859908241874523
-1.7107127713306483;-1.1017958244378308
-1.6988115211022166;-1.117512373608558
-1.6867736176160355;-1.1331390246317765
-1.674599754211218;-1.14867433562865
-1.6622906437565734;-1.1641168701532938
-1.6498470178269617;-1.179465196800928
-1.6372696279199797;-1.1947178906887754
-1.62455924515719;-1.2098735335606174
-1.6117166601105415;-1.2249307140141257
-1.598742682762464;-1.2398880278587332
-1.5856381424599124;-1.2547440784763686
-1.5724038878623687;-1.2694974771850418
-1.5590407868837723;-1.284146843605314
-1.5455497261268907;-1.2986908052699964
-1.5319316109810217;-1.313127998250567
-1.518187366120602;-1.3274570684028455
-1.5043179350477671;-1.3416766711766486
-1.4903242799879064;-1.355785471972122
-1.4762073817783334;-1.369782146497681
-1.4619682397500884;-1.3836653811295394
-1.4476078716028342;-1.3974338732728715
-1.4331273131889513;-1.4110863314809559
-1.418527617988711;-1.4246214746995016
-1.4038098575985343;-1.4380380344723513
-1.388975121387919;-1.4513347547563755
-1.3740245162769567;-1.4645103921078568
-1.358959166559563;-1.4775637160231074
-1.3437802137193047;-1.4904935092791813
-1.3284888162378352;-1.5032985682746698
-1.3130861493955603;-1.5159777033660582
-1.2975734049780345;-1.5285297380587017
-1.2819517911158764;-1.540953510055732
-1.2662225321271412;-1.5532478724371437
-1.2503868682384218;-1.5654116933377058
-1.234446055346389;-1.5774438562557183
-1.2184013647718013;-1.5893432603601936
-1.202254083006002;-1.6011088207964488
-1.1860055114498553;-1.6127394689901406
-1.169656966193177;-1.62423415267091
-1.1532097779048431;-1.6355918352076693
-1.1366652912803015;-1.6468114974697494
-1.1200248648431097;-1.6578921375861042
-1.1032898706706347;-1.6688327710997632
-1.0864616940964287;-1.6796324312124513
-1.0695417334055997;-1.690290169024667
-1.0525313996117498;-1.7008050537697028
-1.035432116314049;-1.7111761730416006
-1.0182453190249185;-1.7214026330276655
-1.0009724549804442;-1.7314835587279296
-0.9836149828231476;-1.7414180941721786
-0.9661743722666185;-1.7512054026326387
-0.9486521037537954;-1.7608446668321198
-0.9310496682662549;-1.7703350888167946
-0.9133685671229627;-1.7796758898332627
-0.8956103111996003;-1.788866311405792
-0.8777764207619927;-1.7979056151046955
-0.8598684251133645;-1.8067930826881715
-0.8418878622296913;-1.815528016251286
-0.8238362783895863;-1.8241097383685467
-0.8057152281072567;-1.8325375920771152
-0.7875262738273837;-1.840810940968924
-0.7692709850091741;-1.8489291695764956
-0.750950938027176;-1.8568916833447338
-0.7325677157973917;-1.8646979087297821
-0.7141229073974309;-1.8723472932917187
-0.6956181076827525;-1.8798393057800757
-0.6770549172777911;-1.887173436028792
-0.658434942071884;-1.8943491950818412
-0.6397597924546191;-1.9013661154359507
-0.6210310831640581;-1.9082237509775317
-0.60225043290342;-1.9149216770226343
-0.583419463954978;-1.9214594903491877
-0.564539801797048;-1.9278368092202103
-0.5456130752194533;-1.934053273286897
-0.5266409156002846;-1.9401085436714545
-0.5076249562598696;-1.9460023030242872
-0.48856683229579806;-1.9517342554649637
-0.4694681802043093;-1.9573041265627569
-0.45033063750036423;-1.9627116633091424
-0.4311558423558086;-1.9679566340827999
-0.41194543376946435;-1.9730388286211522
-0.39270105068935657;-1.9779580579552458
-0.3734243315317831;-1.9827141543474838
-0.3541169139846698;-1.9873069712291327
-0.3347804346440787;-1.9917363831252655
-0.31541652865085984;-1.9960022855717048
-0.29602682936706143;-2.0001045950329073
-0.27661296856057255;-2.004043248926562
-0.2571765754444177;-2.0078182053815827
-0.23771927634821305;-2.0114294431307878
-0.2182426944992497;-2.0148769614202946
-0.19874844968354732;-2.0181607798837877
-0.17923815790846886;-2.0212809384091077
-0.15971343112924535;-2.0242374970269257
-0.14017587740060464;-2.027030535993881
-0.12062709992401265;-2.0296601553401983
-0.10106869684209371;-2.032126474765484
-0.08150226100854019;-2.034429633514414
-0.06192937968145003;-2.0365697902074467
-0.04235163421950122;-2.0385471226644656
-0.022770599863556687;-2.0403618277846878
-0.0031878458212679095;-2.042014121649662
0.01639506559423065;-2.043504238891709
0.035976579086617916;-2.044832432619772
0.055555146603377036;-2.045998974255769
0.07512922760430411;-2.0470041533298398
0.09469728932611138;-2.047848277269353
0.11425780694918153;-2.0485316712916117
0.13380926359691053;-2.0490546784816788
0.15335015103878447;-2.049417659035681
0.17287896977012984;-2.0496209902228717
0.19239422922193006;-2.049665066184601
0.21189444798744736;-2.049550297702832
0.23137815404403386;-2.0492771119634234
0.25084388487903264;-2.048845952480623
0.27029018756552164;-2.048257279099202
0.28971561927282335;-2.0475115671886592
0.30911874733560774;-2.0466093076295584
0.3284981494345805;-2.0455510065821354
0.3478524137793515;-2.0443371852369348
0.36718013928595833;-2.0429683795613083
0.3864799356790219;-2.041445140269297
0.40575042361456237;-2.039768032702742
