0.30901699437494723;-0.9510565162951536
0.31850606062107145;-0.9479009712801311
0.3279513231598884;-0.9446149398367184
0.3373514171215147;-0.9411988706398629
0.34670505205876645;-0.9376531919608203
0.356010923975939;-0.9339783401111048
0.36526772590933226;-0.9301747558116994
0.3744741505208727;-0.9262428836957531
0.3836288902564551;-0.9221831720758769
0.3927306368079527;-0.9179960733308568
0.40177808047386393;-0.913682043999411
0.41076991089935205;-0.9092415452483038
0.41970481550491334;-0.9046750420641234
0.4285814805922708;-0.8999830038548421
0.4373985900101999;-0.8951659050343099
0.4461548256023856;-0.8902242246895822
0.4548488667924526;-0.8851584468656117
0.4634793898731809;-0.8799690610135281
0.472045068620623;-0.8746565616402147
0.48054457251345495;-0.8692214495943018
0.4889765686547989;-0.86366423061853
0.49733972083122313;-0.8579854160279194
0.5056326891085344;-0.8521855229865194
0.5138541291089705;-0.8462650752703016
0.5220026911001958;-0.8402246042834657
0.5300770208864932;-0.8340646476480406
0.538075758992941;-0.8277857500920263
0.5459975402952182;-0.8213884637374842
0.5538409951852382;-0.814873348012781
0.5616047498928693;-0.8082409697570393
0.5692874235575858;-0.801491904064818
0.5768876291849575;-0.7946267342459901
0.584403973407783;-0.7876460520593556
0.591835056523421;-0.7805504585740437
0.5991794721769578;-0.7733405642525666
0.606435806872224;-0.7660169886555339
0.6136026398780454;-0.7585803610149778
0.6206785429968963;-0.7510313205239086
0.6276620804562526;-0.7433705177283363
0.6345518085945454;-0.7355986140737564
0.6413462755829202;-0.727716281773356
0.6480440212359246;-0.7197242044752459
0.654643576792193;-0.7116230776575495
0.6611434648436584;-0.7034136103183553
0.6675421989634994;-0.6950965240392207
0.673838283470776;-0.6866725532403486
0.6800302132408622;-0.6781424458350112
0.6861164735124422;-0.6695069637907514
0.6920955399024299;-0.6607668850640035
0.6979658779147668;-0.6519230021915627
0.7037259427631583;-0.6429761229557592
0.7093741791907762;-0.6339270710295852
0.7149090213321286;-0.6247766867956039
0.7203288928175176;-0.6155258294320339
0.7256322061253079;-0.6061753750697122
0.7308173624958039;-0.5967262178826572
0.7358827517597245;-0.5871792707325407
0.740826752310523;-0.5775354663710255
0.7456477312784248;-0.5677957594702285
0.7503440436929372;-0.5579611245005195
0.7549140325258492;-0.5480325572230346
0.7593560285303199;-0.5380110753450529
0.7636683504248235;-0.5278977202805392
0.76784930504486;-0.5176935588057646
0.7718971863317441;-0.5073996809296306
0.7758102755335041;-0.49701720170939956
0.7795868410603224;-0.4865472619419544
0.7832251389071676;-0.4759910303498576
0.7867234126846524;-0.4653497047313509
0.7900798927886198;-0.4546245108327041
0.7932927966316778;-0.44381670402727974
0.7963603289453522;-0.43292757081796474
0.7992806816399147;-0.4219584295777203
0.8020520334374281;-0.41091063089955476
0.8046725499840008;-0.3997855587744359
0.8071403846731978;-0.3885846331297639
0.8094536782292495;-0.3773093100376389
0.811610558315192;-0.36596108196997584
0.8136091398411277;-0.3545414793495617
0.815447526143215;-0.34305207329687065
0.8171238082713647;-0.3314944755645885
0.8186360648176234;-0.31987033927612085
0.8199823623703963;-0.30818136057103346
0.8211607571598377;-0.2964292817353303
0.8221692939310756;-0.28461589076104143
0.8230060060644078;-0.27274302251197335
0.8236689162614302;-0.26081256056724267
0.8241560387508737;-0.2488264406618227
0.8244653776162645;-0.23678664992351428
0.8245949273185756;-0.22469522848908
0.82454267363391;-0.21255427150765746
0.8243065961684649;-0.20036593255585178
0.8238846669279755;-0.1881324234250079
0.8232748512795995;-0.1758560160817575
0.8224751097717821;-0.16353904510346184
0.8214833980672297;-0.15118390891402142
0.8202976675999025;-0.13879307146432066
0.8189158682647463;-0.12636906524982386
0.8173359486255518;-0.11391449268911942
0.8155558561287365;-0.10143202750605466
0.8135735400231554;-0.08892441764373589
0.8113869527546264;-0.07639448735100844
0.8089940496438832;-0.06384513841332251
0.806392791925694;-0.051279352938265146
0.8035811496725251;-0.038700196034477455
0.8005571007647974;-0.026110816902012637
0.7973186341147851;-0.01351445153455047
0.7938637540918584;-0.0009144256825742957
0.7901904791664875;0.011685843880942813
0.7862968451097475;0.02428284681750721
0.782180910783037;0.0368729762667518
0.77784075708008;0.04945252719028607
0.773274489763277;0.0620176940056129
0.7684802458898945;0.07456456791548063
0.7634561950240014;0.08708913472008661
0.7582005420453339;0.09958727260062562
0.7527115324102618;0.11205474997035779
0.7469874537979735;0.1244872229845629
0.7410266421041846;0.13688023353642526
0.7348274858319368;0.1492292070813433
0.7283884283558192;0.16152945028467733
0.721707975929347;0.1737761497218296
0.7147847001490347;0.18596436930548269
0.7076172434757456;0.1980890486095778
0.700204327227588;0.21014500201227052
0.6925447536333472;0.2221269157909623
0.6846374145826126;0.23402934793609698
0.6764812980585311;0.24584672695077825
0.6680754918593267;0.2575733494278821
0.6594191946665032;0.2692033817448307
0.6505117204061297;0.2807308576583893
0.6413525059463461;0.2921496781734143
0.6319411200118144;0.3034536130993943
0.6222772712440146;0.31463630043704044
0.6123608166386044;0.325691247349176
0.602191767899897;0.33661183133118494
0.5917703029680812;0.34739130174768496
0.581096774610265;0.35802278196218895
0.570171718864928;0.36849927261407345
0.5589958657576217;0.3788136535545789
0.5475701488377946;0.38895868801284295
0.5358957148462694;0.3989270280718594
0.5239739345871421;0.40871121775667063
0.5118064128858332;0.41830369951239543
0.49939499847801033;0.42769682154345523
0.48674179560889247;0.4368828430649283
0.4738491737519463;0.4458539432935774
0.4607197774762459;0.4546022309358534
0.44735653836641887;0.463119751989414
0.4337626838646165;0.471398501491817
0.41994174680877333;0.47943043531934654
0.40589757709278873;0.48720748105493233
0.3916343488799051;0.49472155250878735
0.3771565694229541;0.501964564059845
0.3624690896431103;0.5089284449005828
0.3475771089038916;0.5156051561563771
0.33248618258541685;0.5219867079898362
0.3172022306104062;0.5280651772974153
0.3017315395953755;0.5338327270314859
0.28608076708128266;0.5392816262517918
0.270256945863655;0.5444042707508358
0.2542674854980673;0.5491932041383316
0.23812017349003867;0.5536411407495314
0.2218231721590806;0.5577409878420817
0.20538501795085767;0.5614858697194776
0.1888146166469472;0.5648691507109513
0.17212123754766137;0.567884459311275
0.15531450663807944;0.5705257130804238
0.13840439596251142;0.5727871414320594
0.12140121388943494;0.5746633116665846
0.10431559082929925;0.5761491505333529
0.08715846493615312;0.5772399692934455
0.06994106506200706;0.5779314854726637
0.05267489172360618;0.578219844254254
0.03537169681859994;0.5781016409661666
0.018043461041678612;0.5775739378556163
0.0007023695346475983;0.576634285462082
-0.016639213328706576;0.5752807364370912
-0.03396877184810471;0.5735118622211778
-0.05127366729253785;0.5713267657105011
-0.06854116734613737;0.5687250910798604
-0.08575847829172442;0.5657070348998806
-0.10291277453215705;0.5622733498818548
-0.1199912335341062;0.5584253516295223
-0.13698106626115636;0.5541649186440973
-0.1538695515650742;0.5494944922617656
-0.1706440692666386;0.544417073700765
-0.18729213096861494;0.5389362173794569
-0.20380141559303258;0.5330560236897492
-0.2201597969232072;0.5267811276989712
-0.236355377904934;0.5201166861980812
-0.2523765175287909;0.5130683627706157
-0.2682118598386366;0.5056423099803123
-0.2838503615562294;0.49784514988129536
-0.2992813143599389;0.48968395368968715
-0.31449437146006454;0.48116621709083063
-0.32947956545766616;0.47229983817384324
-0.34422732988848415;0.4630930894790594
-0.3587285150318582;0.45355459282929084
-0.3729744026437489;0.44369329142778685
-0.38695671952498956;0.43351842028122095
-0.4006676464728661;0.42303948030606203
-0.41409982766613623;0.41226620573796974
-0.42724637590222575;0.40120853865403844
-0.4401008765423912;0.3898765974810587
-0.45265738943143013;0.3782806496195525
-0.46491044849885416;0.36643108389733503
-0.4768550593468627;0.3543383811587343
-0.48848669616882806;0.3420130905759949
-0.49980129482811053;0.3294658008270744
-0.5107952471484564;0.3167071178139533
-0.5214653912185296;0.30374763964246365
-0.5318090019368046;0.2905979343964307
-0.5418237806152729;0.27726851969999805
-0.551507841411251;0.2637698414220346
-0.5608597006551869;0.2501122565432451
-0.5698782608794586;0.23630601468767393
-0.5785627984303683;0.22236124287001433
-0.5869129476949436;0.20828793071481636
-0.5949286858586496;0.19409591705866766
-0.6026103186382824;0.1797948782006481
-0.6099584627901997;0.1653943171087133
-0.6169740325241662;0.150903553818131
-0.6236582219816561;0.1363317174809533
-0.6300124908335056;0.12168773886061202
-0.6360385484334476;0.1069803445069183
-0.641738338192921;0.09221805183762642
-0.6471140236483436;0.07740916459507964
-0.6521679725324552;0.06256177054012192
-0.6569027437233399;0.04768373822888274
-0.6613210724945261;0.032782716403789464
-0.665425857510148;0.017866132730071427
-0.6692201478955271;0.002941193771733001
-0.6727071304142677;-0.011985113951451104
-0.6758901176796827;-0.026906023433267715
-0.6787725368989537;-0.04181498541079816
-0.6813579186196175;-0.056705666100115834
-0.6836498857168521;-0.07157194433838432
-0.6856521444360362;-0.0864079093985257
-0.6873684740705913;-0.10120785711822339
-0.6888027183009177;-0.11596628661812745
-0.6899587768654328;-0.13067789666006363
-0.6908405971235986;-0.1453375813813721
-0.6914521668492011;-0.15994042638094147
-0.6917975069907663;-0.1744817042885865
-0.6918806649898805;-0.18895687032686306
-0.6917057086284634;-0.20336155789655172
-0.6912767201048781;-0.21769157382420287
-0.6905977906652944;-0.23194289384686093
-0.6896730155378717;-0.24611165792528808
-0.6885064891898502;-0.26019416547306456
-0.6871023010354315;-0.27418687082840204
-0.6854645313757873;-0.2880863784541701
-0.6835972477056619;-0.30188943841114874
-0.6815045013145966;-0.3155929418822611
-0.6791903241431009;-0.3291939165534558
-0.6766587258953035;-0.3426895219811193
-0.6739136914244431;-0.356077045429746
-0.6709591783344521;-0.36935389745837044
-0.6677991149828895;-0.3825176079096214
-0.6644373983971531;-0.39556582156332387
-0.6608778925132708;-0.40849629404621374
-0.6571244267074311;-0.4213068880765345
-0.6531807944052158;-0.43399556960326957
-0.6490507517703199;-0.446560403859231
-0.644738016672205;-0.4589995517917209
-0.6402462678591239;-0.4713112667035231
-0.6355791440495405;-0.4834938905805672
-0.6307402432889618;-0.49554585079118907
-0.6257331224004388;-0.507465656896479
-0.6205612965316694;-0.519251897470873
-0.6152282388027636;-0.530903237035392
-0.6097373800421642;-0.5424184131328091
-0.6040921086048757;-0.5537962334956745
-0.5982957702797465;-0.565035573243606
-0.592351668258871;-0.5761353722300342
-0.5862630631732788;-0.5870946325046875
-0.580033173194613;-0.5979124157947269
-0.5736651741910818;-0.6085878411073737
-0.5671621999215088;-0.6191200824375536
-0.5605273422875995;-0.6295083665355562
-0.553763651634494;-0.6397519707447507
-0.5468741370738546;-0.6498502209473995
-0.5398617668385967;-0.6598024895952936
-0.5327294687040952;-0.6696081937411056
-0.525480130412804;-0.6792667931961266
-0.5181166001348917;-0.6887777887376825
-0.510641686892861;-0.6981407204767655
-0.5030581610254037;-0.7073551662623099
-0.4953687547993988;-0.7164207399458883
-0.48757616290547323;-0.7253370899176439
-0.47968304301152465;-0.7341038976347103
-0.4716920162180418;-0.7427208762998075
-0.46360566764613315;-0.7511877694910079
-0.455426547089329;-0.7595043497979782
-0.447157169557318;-0.7676704176074738
-0.4388000158663427;-0.7756857999038955
-0.43035753312654573;-0.7835503492033048
-0.4218321354009943;-0.7912639424007472
-0.4132262043286834;-0.7988264796933492
-0.40454208969981226;-0.8062378835864655
-0.3957821100498868;-0.8134980979236087
-0.38694855316508786;-0.8206070869832517
-0.3780436767588763;-0.8275648345611518
-0.36906970906180286;-0.8343713431157399
-0.3600288494012769;-0.8410266329515678
-0.3509232687784316;-0.8475307414356038
-0.3417551103792946;-0.8538837222592017
-0.332526490234867;-0.8600856447005377
-0.32323949777704214;-0.8661365929381157
-0.313896196403838;-0.8720366653909739
-0.3044986240292116;-0.8777859740873031
-0.29504879360145486;-0.8833846440624673
-0.2855486937137708;-0.8888328127753495
-0.2760002891327559;-0.8941306295563343
-0.26640552133983203;-0.8992782550782896
-0.2567663090457987;-0.90427586084693
-0.24708454869952937;-0.9091236287136176
-0.23736211505238133;-0.9138217504200944
-0.2276008616565572;-0.9183704271540216
-0.21780262137516207;-0.922769869127588
-0.20796920686460452;-0.927020295170202
-0.19810241107104165;-0.9311219323447038
-0.18820400773791163;-0.935075015585717
-0.17827575187970196;-0.938879787348679
-0.16831938025823284;-0.9425364972775012
-0.1583366118179935;-0.9460454018725284
-0.1483291481776433;-0.9494067642021673
-0.1382986740984041;-0.952620853621747
-0.12824685792671717;-0.9556879454978738
-0.11817535204269647;-0.9586083209520565
-0.10808579330421447;-0.9613822666185011
-0.09797980346074725;-0.9640100744029971
-0.0878589894435762;-0.9664920411969001
-0.07772494397240157;-0.9688284687602923
-0.06757924592817212;-0.9710196635057117
-0.05742346074670736;-0.9730659363061603
-0.04725914082415216;-0.9749676023226599
-0.03708782591823691;-0.9767249808431963
-0.026911043497114595;-0.9783383950969043
-0.016730309080589416;-0.9798081720763163
-0.0065471267408696715;-0.9811346424912176
0.0036370105713160114;-0.9823181406060136
0.01382062065606577;-0.9833590041227664
0.02400223169617876;-0.9842575740746774
0.034180381893806844;-0.9850141947280506
0.044353619188196934;-0.9856292134354658
0.05452050085980628;-0.9861029805852688
0.06467959314463004;-0.986435849554663
0.07482947092136424;-0.9866281766194209
0.08496871737349898;-0.9866803208930769
0.0950959236551864;-0.9865926442738757
0.10520968856440051;-0.9863655113925325
0.11530861824602007;-0.9859992895184561
0.1253913258357831;-0.9854943485892677
0.13545643114753791;-0.9848510611732382
0.14550256036311338;-0.9840698024397345
0.15552834572102608;-0.9831509501443839
0.16553242520819056;-0.9820948846208635
0.17551344226722493;-0.9809019887645379
0.18547004551658264;-0.9795726480109481
0.1954008884115141;-0.9781072503923944
0.2053046289657159;-0.9765061865335792
0.21517992946095502;-0.9747698496703903
0.2250254561583362;-0.9728986356758618
0.23483987901212816;-0.9708929430920606
0.24462187139382813;-0.9687531731433282
0.2543701098088111;-0.9664797297862397
0.26408327361163725;-0.96407301977681
0.27376004473373794;-0.9615334527112347
0.2833991074094579;-0.9588614410841837
0.2929991479041067;-0.956057400352766
0.3025588542449644;-0.9531217490043712
0.31207691596575665;-0.9500549086096797
0.32155202382819864;-0.9468573039249694
0.3309828695588384;-0.9435293629761276
0.34036814558947126;-0.940071517144979
0.3497065447968636;-0.9364842012653436
0.358996760244039;-0.932767853724785
0.36823748492383923;-0.928922916568214
0.37742741150527925;-0.9249498356005745
0.38656523207581495;-0.9208490605217772
0.39564963788952495;-0.9166210450449711
0.4046793191154992;-0.9122662470256288
0.4136529645872486;-0.9077851285972974
0.42256926155319985;-0.9031781563134329
0.43142689543406454;-0.8984458012873342
0.44022454957480023;-0.8935885393471854
0.4489609049909993;-0.8886068512064565
0.45763464012780586;-0.8835012226247059
0.4662444306155363;-0.8782721445806977
0.474788949026108;-0.8729201134522384
0.48326686463021745;-0.8674456312028781
0.49167684315522964;-0.8618492055756216
0.5000175465530284;-0.85613135028398
0.5082876327695601;-0.8502925852092212
0.5164857554788074;-0.8443334366433334
0.5246105638559543;-0.8382544374988165
0.5326607023401222;-0.8320561275378968
0.5406348103973019;-0.8257390536100885
0.5485315222839167;-0.8193037698978072
0.5563494668110093;-0.8127508381702178
0.5640872671151541;-0.8060808280483399
0.5717435404440889;-0.7992943172852937
0.5793168978901017;-0.7923918920311207
0.5868059441688958;-0.7853741471273306
0.5942092773902912;-0.7782416864067342
0.6015254888277953;-0.7709951230020473
0.6087531626889846;-0.7636350796643784
0.615890875886704;-0.7561621890918708
0.6229371978166786;-0.7485770942710265
0.6298906901762169;-0.7408804488451239
0.6367499066814919;-0.733072917451836
0.6435133928545969;-0.7251551761001787
0.6501796858101228;-0.717127912558416
0.656747314035462;-0.7089918267508213
0.6632147971726134;-0.7007476311667694
0.6695806458015773;-0.6923960512824753
0.6758433612282082;-0.6839378259977112
0.6820014353415532;-0.675373708133825
0.6880533503385394;-0.6667044648501786
0.6939975785071854;-0.6579308781146912
0.6998325820444535;-0.6490537452118947
0.7055568128565222;-0.6400738792517875
0.7111687123620217;-0.6309921096943577
0.7166667112984143;-0.6218092828901928
0.7220492295320189;-0.612526262637785
0.7273146759744346;-0.603143930805431
0.7324614483543358;-0.5936631879019343
0.7374879329639163;-0.5840849536516637
0.7423925045458376;-0.5744101676511345
0.7471735261317795;-0.5646397900200558
0.7518293488867234;-0.5547748020722985
0.7563583119592894;-0.544816207007319
0.7607587423384434;-0.5347650306226093
0.7650289548255851;-0.5246223220853989
0.7691672519596586;-0.5143891547077933
0.77317192367908;-0.5040666266508441
0.7770412473285964;-0.4936558617688608
0.7807734875691335;-0.4831580104412204
0.7843668962965482;-0.4725742504288817
0.7878197125713807;-0.46190578775683194
0.7911301625601689;-0.45115385762314575
0.7942964595971252;-0.44031972535277797
0.7973168043831496;-0.4294046873994249
0.8001893845307908;-0.418410072268921
0.8029123747461568;-0.40733724157227386
0.8054839368765928;-0.3961875910850804
0.8079022199603971;-0.3849625518358715
0.8101653602958158;-0.37366359122684506
0.8122714815302599;-0.36229221418780694
0.8142186948585948;-0.3508499643616527
0.8160050996366143;-0.33933842531341557
0.8176287828719867;-0.3277592218082514
0.819087819603087;-0.31611402110115244
0.8203802732027532;-0.3044045342671853
0.8215041956498834;-0.2926325175719456
0.8224576278336532;-0.2807997738813367
0.8232385998918861;-0.2689081541115919
0.8238451316238018;-0.2569595587114373
0.8242752334962472;-0.24495593905587723
0.8245269065771662;-0.23289929914407012
0.8245981430678346;-0.22079169721032796
0.82448692703139;-0.20863524734413946
0.8241912350558283;-0.19643212118208256
0.8237090369762786;-0.18418454964378903
0.8230382966272769;-0.17189482466687464
0.8221769726046311;-0.15956530090818366
0.8211230193129079;-0.1471983977986639
0.819874387898139;-0.13479660138049093
0.818429027294438;-0.12236246624641967
0.8167848853529955;-0.10989861753243853
0.8149399100514791;-0.09740775295604795
0.8128920513299084;-0.08489264462211929
0.8106392624270294;-0.07235614117643795
0.8081795008755436;-0.059801170227912294
0.8055107304546958;-0.04723074037539953
0.802630922955839;-0.034647943428745
0.7995380600664187;-0.022055956669660495
0.7962301354073693;-0.009458045083527808
0.7927051570295836;0.0031424371343424934
0.7889611493508015;0.015742043421999356
0.7849961556210662;0.02833723255485708
0.7808082405932082;0.040924366446420696
0.7763954932891466;0.05349970777857069
0.7717560299340872;0.066059417614619
0.7668879971377257;0.07859955336956781
0.7617895753451136;0.0911160672190956
0.7564589820704771;0.10360480239089973
0.7508944756968194;0.11606149135366757
0.7450943593984587;0.12848175357283106
0.7390569852736595;0.14086109324527174
0.7327807587050151;0.15319489706616396
0.7262641430970359;0.1654784332769208
0.7195056647199594;0.1777068495214334
0.7125039177262311;0.1898751700220358
0.705257569611802;0.20197829440555828
0.6977653669003923;0.21401099613664945
0.6900261408257373;0.22596792090524406
0.6820388128648354;0.23784358487976248
0.6738024021989802;0.24963237421326748
0.6653160321178649;0.26132854383291726
0.65657893702598;0.2729262166240443
0.6475904697660203;0.2844193830152954
0.6383501090237168;0.29580190271448387
0.6288574674853118;0.3070675031182955
0.619112300096726;0.31820977985886617
0.6091145126097726;0.3292221980311297
0.5988641704959885;0.34009809350001224
0.5883615070806069;0.3508306748666306
0.5776069326021743;0.36141302577252743
0.5666010445834463;0.3718381074961204
0.555344636997627;0.38209876239911406
0.5438387104943869;0.3921877176698824
0.5320844831079655;0.4020975895544927
0.5200833997399453;0.41182088891203816
0.5078371430746226;0.4213500268754439
0.4953476438750361;0.43067732153866933
0.48261708984646895;0.43979500591067083
0.46964793781242564;0.4486952356953104
0.4564429237187341;0.4573700986243584
0.4430050727880728;0.4658116234777342
0.42933770975971547;0.4740117910115302
0.4154444690345166;0.4819625462031563
0.4013293040727922;0.48965581069223835
0.38699649491167976;0.4970834967523755
0.37245065872171557;0.5042375218058475
0.3576967576977283;0.5111098243426454
0.34274010540977395;0.5176923792529748
0.32758637370648885;0.5239772155928296
0.3122415994127909;0.5299564360674272
0.29671218877370664;0.5356222359111739
0.2810049198733019;0.5409669218825389
0.265126946857833;0.5459829349415874
0.24908580114816598;0.5506628721652237
0.23288939070231426;0.5549995072850143
0.21654599866594665;0.5589858141182443
0.20006428093279913;0.562614991948275
0.18345326126696665;0.5658804886456532
0.16672232473755194;0.5687760217954139
0.14988120970224228;0.5712956065646444
0.1329399976210833;0.5734335798515435
0.11590910207521257;0.5751846216934315
0.09879925484888658;0.5765437792821013
0.081621489223984;0.5775064926040551
0.06438712261775857;0.5780686160780122
0.04710773921872288;0.5782264371786558
0.02979516734948504;0.5779766983170809
0.012461456578970222;0.577316616378237
-0.00488114722270302;0.5762439020041452
-0.022220228546759806;0.5747567746068026
-0.039543228687869705;0.5728539754638544
-0.056837475365154336;0.5705347801733268
-0.0740902136829954;0.5677990094394467
-0.09128863562312677;0.5646470383059158
-0.10841991324043594;0.5610798007169605
-0.12547123093272702;0.5570987931572662
-0.14242981795813395;0.552706075844155
-0.1592829823908584;0.5479042705376188
-0.17601814285063191;0.5426965573611269
-0.1926228613510958;0.5370866677813069
-0.20908487582439045;0.5310788749694983
-0.2253921309203089;0.5246779839893019
-0.24153280851996967;0.5178893164720909
-0.2574953567250741;0.5107186950605302
-0.2732685173388935;0.5031724262412205
-0.2888413519399785;0.49525727864774427
-0.30420326659975383;0.48698046272537054
-0.31934403414944434;0.4783496068664305
-0.3342538143577316;0.46937273185296513
-0.3489231732693383;0.4600582262404862
-0.3633430985008057;0.45041481814355583
-0.37750501364281197;0.4404515476477411
-0.39140079090566526;0.43017773897019695
-0.4050227592767526;0.41960297081281034
-0.41836371327016897;0.4087370478796636
-0.4314169177461268;0.39758997184931477
-0.4441761103019203;0.3861719124601343
-0.4566355038775467;0.37449317910583413
-0.4687897845291611;0.36256419314440386
-0.48063410900722897;0.35039546062572646
-0.4921641011007083;0.33799754566661827
-0.5033758442128545;0.3253810456513584
-0.5142658747124027;0.31255656618500693
-0.5248311727226884;0.29953469808446387
-0.5350691514369553;0.28632599576714873
-0.5449776465015894;0.27294095545493546
-0.5545549031919431;0.2593899965991882
-0.5637995633501001;0.2456834434748468
-0.5727106517575429;0.2318315076780408
-0.5812875614680827;0.21784427372300202
-0.5895300389652279;0.20373168399874397
-0.5974381689482574;0.18950352614501056
-0.6050123588824885;0.17516942198101976
-0.6122533231343917;0.16073881633957543
-0.6191620675429094;0.14622096870279153
-0.6257398736780123;0.13162494516207726
-0.6319882830288093;0.11695961119973589
-0.6379090820849095;0.1022336266133958
-0.643504286705288;0.08745544032606067
-0.6487761274942717;0.07263328682531818
-0.653727035724925;0.05777518365368319
-0.6583596283364911;0.04288892880691977
-0.6626766945333196;0.027982099665704335
-0.6666811830554368;0.013062052757109994
-0.6703761885424323;-0.0018640762986237534
-0.6737649394996416;-0.016789371982197737
-0.6768507869106203;-0.03170713750528831
-0.6796371921465445;-0.04661089307899344
-0.6821277164248766;-0.06149437366296191
-0.6843260108678519;-0.07635152632928088
-0.6862358060456257;-0.09117650707887331
-0.6878609029051053;-0.10596367760385608
-0.6892051642315976;-0.12070760179889704
-0.6902725058320014;-0.13540304169282522
-0.6910668888628135;-0.15004495352564962
-0.6915923126250114;-0.16462848367178973
-0.6918528072580655;-0.17914896399061123
-0.6918524273663437;-0.19360190751849618
-0.6915952460492664;-0.20798300406933715
-0.6910853489722836;-0.22228811532666565
-0.6903268291550195;-0.2365132703490253
-0.6893237821096249;-0.2506546610322339
-0.6880803011259966;-0.26470863714219145
-0.686600473085143;-0.2786717018039635
-0.6848883745769974;-0.29254050697868467
-0.682948068226403;-0.30631184860214783
-0.680783599396106;-0.3199826621705548
-0.678398993154065;-0.33355001833904113
-0.6757982514835829;-0.34701111826779785
-0.6729853507445764;-0.36036328938948076
-0.6699642393666566;-0.37360398120251637
-0.6667388358032633;-0.3867307608508535
-0.6633130266180643;-0.39974130920974627
-0.6596906647782302;-0.4126334169757866
-0.65587556818346;-0.425404980623914
-0.6518715184262971;-0.43805399823102864
-0.6476822594681837;-0.4505785662888561
-0.643311496630395;-0.46297687597724785
-0.6387628958502846;-0.4752472094257938
-0.6340400828611348;-0.4873879364025898
-0.6291466424671867;-0.49939751114142267
-0.6240861180646412;-0.511274469058568
-0.6188620113740115;-0.5230174234031737
-0.6134777819260304;-0.5346250625181719
-0.6079368468338823;-0.546096146889843
-0.6022425807553121;-0.5574295062316879
-0.5963983158250781;-0.5686240367497005
-0.5904073415067591;-0.5796786986142143
-0.5842729046909655;-0.5905925133834042
-0.5779982099625163;-0.6013645614479866
-0.5715864196215225;-0.6119939797576192
-0.5650406538886459;-0.6224799595409529
-0.5583639912326677;-0.6328217440726973
-0.5515594687415738;-0.6430186265226984
-0.5446300823208617;-0.6530699479711954
-0.5375787870997154;-0.6629750954250604
-0.5304084979452623;-0.6727334998959712
-0.5231220898165424;-0.6823446345961904
-0.5157223981863691;-0.6918080131916635
-0.5082122195745739;-0.7011231881063562
-0.500594312138969;-0.710289748889499
-0.4928713959932652;-0.7193073206773134
-0.48504615376407023;-0.7281755626895373
-0.47712123109217086;-0.7368941667910224
-0.46909923744471627;-0.745462856091165
-0.46098274674234646;-0.7538813836087096
-0.4527742975103084;-0.7621495310171988
-0.44447639361007163;-0.7702671074045624
-0.43609150479298264;-0.7782339480923103
-0.4276220675730436;-0.7860499135541278
-0.41907048563268295;-0.7937148883020765
-0.41043913027483364;-0.8012287798236789
-0.4017303410776889;-0.8085915175941066
-0.39294642648536193;-0.815803052118916
-0.3840896646823567;-0.8228633540737017
-0.37516230388741334;-0.8297724133616259
-0.3661665629437437;-0.8365302382672827
-0.3571046319294701;-0.8431368546486101
-0.3479786727663646;-0.8495923051779203
-0.33879081995503146;-0.8558966486864505
-0.32954318092031026;-0.8620499593293002
-0.32023783663025057;-0.8680523259321523
-0.3108768421571232;-0.8739038513375617
-0.30146222729488975;-0.8796046518147925
-0.2919959971822939;-0.8851548565023735
-0.2824801326858285;-0.8905546067399439
-0.2729165909975506;-0.8958040555519692
-0.2633073061631461;-0.9009033671175147
-0.253654189682392;-0.9058527163335273
-0.24395913101302216;-0.9106522883191537
-0.23422399802435825;-0.9153022779017719
-0.22445063753476052;-0.9198028892038236
-0.21464087581274002;-0.9241543352227534
-0.20479651914343877;-0.9283568375049922
-0.19491935426308063;-0.9324106257063343
-0.18501114883079667;-0.9363159372154991
-0.1750736519182319;-0.9400730168195482
-0.16510859448786896;-0.9436821163843502
-0.15511768991559782;-0.9471434946234165
-0.14510263436817017;-0.9504574166826445
-0.1350651072687173;-0.9536241538749518
-0.12500677174419408;-0.9566439834117917
-0.11492927505796403;-0.959517188135467
-0.10483424907147239;-0.9622440563189469
-0.09472331079042554;-0.9648248816184128
-0.08459806260116284;-0.9672599625665537
-0.07446009273921639;-0.9695496024462273
-0.06431097570661315;-0.971694109104395
-0.0541522726728475;-0.9736937947597858
-0.0439855318910652;-0.9755489758739158
-0.03381228913165893;-0.9772599730903536
-0.02363406799171076;-0.9788271108841246
-0.01345238030308206;-0.980250717483216
-0.0032687265094190517;-0.9815311247339569
0.006915403964870701;-0.9826686679678286
0.01709853232290809;-0.9836636859451913
0.027279190005621443;-0.984516520814191
0.037455918404002836;-0.9852275178373284
0.04762726847803816;-0.9857970253673235
0.05779180040807341;-0.9862253947610653
0.06794808325169818;-0.9865129802975147
0.07809469459743926;-0.9866601391685744
0.08823022022744378;-0.9866672314362306
0.09835325379901622;-0.9865346198690793
0.10846239651214051;-0.986262669942373
0.1185562567867825;-0.9858517497937899
0.1286334499441542;-0.9853022301843258
0.1386925978810374;-0.984614484532483
0.14873232875979162;-0.9837888888774244
0.15875127670958802;-0.9828258217983407
0.16874808151539217;-0.9817256644379797
0.17872138831567363;-0.9804888004963378
0.18866984730327482;-0.9791156162300184
0.19859211343140504;-0.9776065005238825
0.20848684611943158;-0.9759618448678546
0.21835270896154554;-0.974182043340611
0.22818836944002105;-0.972267492658084
0.23799249864029798;-0.9702185922021465
0.24776377096867702;-0.9680357440560329
0.25750086387549853;-0.9657193531023783
0.26720245757519745;-0.9632698270242118
0.2768672347702858;-0.9606875763431759
0.2864938803790229;-0.9579730144922259
0.29608108126424715;-0.955126557877344
0.30562752596515735;-0.9521486259499692
0.31513190444385064;-0.9490396413586809
0.32459290780389205;-0.9458000299342466
0.33400922802742566;-0.9424302207767776
0.34337955771619905;-0.938930646361163
0.3527025898309427;-0.935301742629125
0.36197701743207117;-0.9315439490856198
0.37120153342161666;-0.927657708899484
0.3803748302957073;-0.9236434690580562
0.38949559993108007;-0.9195016807003425
0.39856253326656;-0.9152327988940616
0.40757432006912925;-0.910837282859409
0.4165296486879617;-0.9063155961292353
0.42542720580429005;-0.9016682066875965
0.4342656761820368;-0.8968955871132973
0.44304374241913197;-0.8919982147283853
0.4517600847237998;-0.8869765718344828
0.46041338070262183;-0.8818311459923205
0.469002305033198;-0.8765624299123784
0.47752552925402336;-0.8711709217478155
0.48598172152317054;-0.8656571252853726
0.4943695463754476;-0.8600215501353603
0.5026876644799428;-0.8542647119275714
0.5109347323978926;-0.8483871325131307
0.5191094023905983;-0.8423893403215186
0.5272103221768178;-0.8362718705717128
0.5352361346236015;-0.830035265289625
0.5431854775466857;-0.8236800736597664
0.5510569834729933;-0.8172068522695826
0.5588492794033577;-0.8106161653609334
0.5665609865754716;-0.8039085850889293
0.5741907202289571;-0.7970846917923077
0.5817370894683991;-0.7901450744752374
0.5891986969502966;-0.7830903309296836
0.5965741386132432;-0.7759210679555189
0.6038620034835938;-0.7686379017458363
0.6110608734445766;-0.7612414582041406
0.6181693230058182;-0.7537323732706732
0.6251859190732616;-0.746111293257994
0.6321092207323982;-0.7383788752188458
0.6389377791613358;-0.7305357875521871
0.6456701372351904;-0.7225827100733834
0.6523048293198485;-0.7145203344280341
0.6588403810792995;-0.7063493645392764
0.6652753092553544;-0.6980705170159986
0.6716081214483262;-0.6896845215726335
0.6778373158986907;-0.6811921214607075
0.6839613813192378;-0.6725940739795118
0.6899787968692369;-0.6638911511901789
0.6958880316398925;-0.6550841399779879
0.701687544542596;-0.6461738426721079
0.7073757841275232;-0.637161077582265
0.7129511883839807;-0.6280466795222057
0.7184121845429927;-0.6188315003479431
0.7237571888821859;-0.609516409511054
0.7289846066742598;-0.6001022947768682
0.7340928321618004;-0.5905900629835926
0.7390802479568628;-0.5809806402053302
0.7439452250531798;-0.5712749725774474
0.7486861226691885;-0.5614740269563533
0.7533012880874457;-0.5515787915892936
0.7577890564986349;-0.5415902768030086
0.762147750850286;-0.5315095157116393
0.7663756820631904;-0.521337565232026
0.7704711488251241;-0.511075506779663
0.7744324370439323;-0.5007244467106505
0.7782578199892355;-0.4902855173263378
0.7819455581949629;-0.4797598777049211
0.785493899370253;-0.4691487145566141
0.7889010783189987;-0.4584532431028097
0.7921653168827288;-0.4476747079880555
0.7952848244405396;-0.4368143845330545
0.7982577974919178;-0.42587357947841753
0.8010824194817547;-0.4148536318883669
0.8037568609954782;-0.403755914288512
0.8062792798012107;-0.3925818337361645
0.8086478209102621;-0.38133283292233167
0.810860616688626;-0.3700103912302855
0.8129157869626089;-0.3586160258877576
0.8148114390974445;-0.34715129326518335
0.8165456681648504;-0.3356177900475371
0.8181165571106884;-0.3240171544925644
0.8195221769456573;-0.3123510677233833
0.8207605872191168;-0.30062125514397287
0.8218298367996385;-0.28882948798591246
0.8227279632523693;-0.2769775844067
0.8234529935372926;-0.2650674110640678
0.8240029444311685;-0.25310088462488406
0.8243758229581418;-0.24107997330564732
0.8245696269662429;-0.22900669843981547
0.824582346352032;-0.21688313600237483
0.8244119627900094;-0.204711418393682
0.8240564505506549;-0.19249373612058485
0.8235137772974275;-0.18023233953167
0.8227819048463607;-0.16792954060985787
0.8218587900157991;-0.15558771480261235
0.8207423864090659;-0.14320930270441565
0.8194306446636553;-0.1307968121381586
0.817921513336542;-0.11835282015665236
0.8162129402864187;-0.10587997499615505
0.8143028738932434;-0.09338099812890675
0.8121892643558696;-0.08085868636249034
0.8098700658510578;-0.06831591367669546
0.8073432381517079;-0.05575563335582481
0.8046067474991255;-0.04318088049944992
0.8016585688305925;-0.030594774079180598
0.7984966877244121;-0.018000519192975937
0.7951191023618894;-0.005401409192504154
0.7915238256780915;0.007199172061247344
0.7877088878152045;0.019797747647470734
0.7836723384979711;0.03239074532794252
0.7794122496129156;0.04497449515948084
0.7749267185281917;0.057545227516738164
0.7702138713938049;0.07009907096538022
0.7652718653162791;0.08263204917183034
0.760098892136063;0.09514007884921968
0.7546931819687244;0.10761896738786415
0.7490530071611129;0.120064411068728
0.7431766864548595;0.13247199329733136
0.737062588735562;0.14483718121815292
0.7307091376377984;0.1571553240183047
0.724114816200116;0.16942165079865198
0.717278171904094;0.1816312691636885
0.7101978220158566;0.1937791641257337
0.7028724586567148;0.20586019468905198
0.6953008546360995;0.21786909278513256
0.6874818694243968;0.22980046170152169
0.6794144554500638;0.24164877553729078
0.6710976647234106;0.25340837952443196
0.6625306555524515;0.2650734864793099
0.6537126997480028;0.276638177023692
0.6446431900969292;0.2880963991035205
0.6353216479392862;0.2994419684419359
0.6257477306987843;0.31066857056536046
0.615921240831272;0.32176975918224393
0.6058421342373139;0.33273895797062025
0.5955105289901503;0.3435694620416924
0.5849267139624621;0.35425443957749486
0.5740911588731802;0.3647869343626754
0.5630045238190953;0.3751598684321322
0.5516676689463559;0.38536604573069777
0.5400816634359689;0.39539815786023297
0.5282477970581415;0.40524878677004816
0.5161675903810231;0.4149104105715954
0.5038428050907352;0.4243754097552176
0.49127545279348356;0.4336360744997138
0.47846780689105295;0.442684611953342
0.4654224127622716;0.45151315479130616
0.45214209832307917;0.46011377024240224
0.43862998432503686;0.4684784703795096
0.42488949463825665;0.47659922326112053
0.4109243652108415;0.4844679650281025
0.3967386529347376;0.492076613023604
0.382336746075775;0.49941707972954963
0.3677233721489716;0.5064812876520862
0.3529036050792616;0.5132611843859726
0.33788287333994527;0.5197487605045986
0.32266696624353913;0.5259360672180508
0.307262038437845;0.5318152343616537
0.29167461523818294;0.5373784907538037
0.2759115962628681;0.5426181850241871
0.25998025694184096;0.5475268056274376
0.24388824953440225;0.5520970030706339
0.22764360319739188;0.5563216137692377
0.21125472174416274;0.5601936823515322
0.19473037984967148;0.5637064840071306
0.17807971820498966;0.5668535507759459
0.16131223648215806;0.569628695188827
0.1444377849968583;0.5720260321668083
0.1274665536698795;0.5740400056811736
0.11040905943815685;0.5756654127916271
0.09327613304635995;0.576897424812619
0.07607890207816972;0.5777316114221519
0.05882877200166345;0.5781639639154581
0.04153740748537784;0.5781909149651173
0.024216711293272564;0.577809357938847
0.006878798186863412;0.5770166675719249
-0.010464029610311405;0.5758107165243163
-0.0277993064994294;0.5741898897441828
-0.045114433631054184;0.5721530987187887
-0.062396708303384514;0.5696997937134913
-0.07963335496691903;0.5668299737986185
-0.09681155681642672;0.5635441936151775
-0.11391848600236051;0.5598435680151279
-0.13094133775306613;0.5557297745923745
-0.14786736325280314;0.5512050541174596
-0.16468390210176972;0.5462722092665638
-0.18137841577103192;0.5409345981931615
-0.19793851953195973;0.5351961281060486
-0.21435201447267901;0.5290612449996912
-0.23060691861561342;0.5225349211300699
-0.24669149631449522;0.5156226418757616
-0.2625942871449071;0.5083303874606376
-0.27830413316380986;0.5006646151469855
-0.2938102044519828;0.4926322387977028
-0.3091020225926415;0.4842406055010637
-0.32416948306578985;0.4754974730001819
-0.3390028745287023;0.4664109834854741
-0.3535928967213632;0.45698963735112336
-0.36793067667707896;0.44724226658282035
-0.38200778094264426;0.43717800571626664
-0.39581622783310205;0.42680626394052384
-0.4093484958207521;0.416136696018955
-0.42259752985309346;0.40517917311032375
-0.4355567471506206;0.3939437540836945
-0.44822003827695367;0.382440656742446
-0.4605817683747153;0.3706802295133677
-0.4726367758052991;0.3586729238229036
-0.48438036797318595;0.3464292673867266
-0.49580831742213743;0.33395983763682735
-0.5069168544158479;0.3212752371271218
-0.5177026589759094;0.30838606938526336
-0.5281628519945196;0.2953029155853433
-0.5382949839042575;0.2820363137232126
-0.5480970235334583;0.2685967374086185
-0.5575673453619056;0.2549945771696515
-0.5667047160080011;0.24124012297535052
-0.5755082803868893;0.22734354698995368
-0.5839775469870324;0.2133148894370122
-0.5921123728401003;0.19916404432574386
-0.599912948202734;0.18490074695338182
-0.6073797810880703;0.170534563315882
-0.6145136813682931;0.15607487947731938
-0.6213157453193143;0.14153089341127523
-0.6277873399176687;0.12691160737713078
-0.6339300871182988;0.11222582115205831
-0.6397458489457563;0.09748212715228288
-0.6452367120349795;0.08268890566628945
-0.650404973077948;0.06785432154529059
-0.6552531245187604;0.052986321718665644
-0.6597838400969183;0.03809263321458545
-0.6639999619605111;0.023180762469554132
-0.6679044874027642;0.008257994978222827
-0.6715005552001014;-0.006668604695631766
-0.6747914345997248;-0.021592191651897744
-0.6777805134378633;-0.03650613924766928
-0.6804712861915354;-0.051404037073500275
-0.6828673441600052;-0.06627968864494585
-0.6849723652119194;-0.08112710861637404
-0.6867901034029467;-0.09594051955828885
-0.6883243805364251;-0.11071434868770448
-0.6895790774482266;-0.12544322419862022
-0.6905581252735535;-0.14012197102305712
-0.6912654982219454;-0.15474560705847837
-0.691705206316819;-0.16930933891798214
-0.6918812881988281;-0.18380855722399708
-0.6917978050557683;-0.1982388324128101
-0.6914588346739471;-0.21259591020587074
-0.6908684656089915;-0.2268757066261059
-0.6900307921854902;-0.24107430363460708
-0.6889499097010741;-0.2551879445138928
-0.6876299098105216;-0.2692130288725624
-0.6860748764784188;-0.28314610822339836
-0.684288882180044;-0.2969838814291489
-0.6822759843231421;-0.3107231898243941
