1.9890437907365466;-0.20905692653530847
1.990727108986342;-0.19223243318558467
1.99224205909261;-0.1753924524020421
1.9935884643981168;-0.1585392080803228
1.9947661878900176;-0.14167490789688345
1.9957751301705378;-0.12480176168285724
1.9966152296161208;-0.10792197993956806
1.9972864623960487;-0.09103777346649398
1.9977888424815742;-0.07415135235567571
1.9981224213571414;-0.057264924463659446
1.998287287966963;-0.04038069440047582
1.9982835690784735;-0.02350086343441536
1.9981114291015243;-0.006627628201173042
1.9977710692942316;0.010236819436124311
1.9972627274160064;0.027090292971734084
1.9965866787800686;0.04393061323432858
1.995743235669941;0.06075560873650348
1.994732746453416;0.07756311617456096
1.9935555949783843;0.09435098104934797
1.9922122017555828;0.1111170590509104
1.9907030232191985;0.1278592166215299
1.989028550846952;0.14457533151367288
1.9871893103631673;0.16126329337720016
1.9851858628628978;0.17792100501677982
1.983018804002922;0.194546382974884
1.9806887631359613;0.21113735800005085
1.978196402361752;0.22769187547166392
1.9755424175462049;0.24420789682364358
1.9727275374681688;0.2606834000177952
1.9697525227245989;0.2771163797637901
1.9666181646348493;0.293504847736262
1.963325286894156;0.3098468346700949
1.9598747443456475;0.3261403904871473
1.9562674225713705;0.34238358498251203
1.9525042374236934;0.3585745084570764
1.948586131258065;0.37471126961626716
1.9445140752293204;0.39079199849407786
1.9402890699102666;0.40681484798665624
1.9359121437265612;0.4227779935760979
1.9313843524841627;0.4386796339597304
1.9267067782600373;0.45451799092370276
1.9218805264305738;0.4702913070063679
1.9169067290088888;0.4859978506491743
1.9117865430151544;0.5016359154526571
1.9065211496789363;0.5172038204198736
1.9011117538932487;0.5326999104985823
1.895559582198401;0.5481225546285557
1.889865882223968;0.5634701462632498
1.8840319241435322;0.578741107307045
1.878058999016385;0.5939338867698183
1.87194841818341;0.6090469612104074
1.8657015125471756;0.6240788348710933
1.8593196304833002;0.6390280361705081
1.852804138852898;0.6538931224471457
1.8461564223149864;0.66867268017982
1.8393778823815556;0.6833653245234639
1.8324699367761093;0.6979696996523297
1.8254340184404534;0.7124844772933951
1.818271574713619;0.7269083561454158
1.8109840671190585;0.7412400644275904
1.8035729708263186;0.7554783607533981
1.796039773770275;0.7696220332425333
1.7883859759974463;0.7836698997708083
1.7806130889473866;0.7976208050780571
1.7727226348275895;0.811473622799717
1.7647161459812437;0.8252272572978446
1.7565951641909279;0.838880642393878
1.7483612400038842;0.852432741363361
1.7400159320534763;0.8658825468993979
1.7315608067642791;0.8792290809002027
1.722997438118596;0.8924713942010224
1.714327405906402;0.9056085668395166
1.7055522955305942;0.9186397077078365
1.696673697374539;0.9315639543354051
1.687693206150769;0.9443804726460443
1.6786124204511195;0.9570884572337989
1.6694329434188264;0.9696871346675922
1.6601563804152497;0.9821757585700319
1.650784338772011;0.9945536103522565
1.6413184273902979;1.006819999501421
1.631760256161274;1.01897426334976
1.6221114354041855;1.031015766848678
1.6123735760682456;1.0429439036857309
1.6025482886515938;1.0547580950743785
1.5926371823447083;1.066457788919514
1.582641864795294;1.0780424600707155
1.572563941600152;1.0895116100592124
1.5624050158042526;1.100864766821068
1.5521666876401885;1.1121014847448085
1.5418505542429188;1.123221344658973
1.5314582086195125;1.1342239527147664
1.5209912394499798;1.1451089404500099
1.5104512306545201;1.1558759644900314
1.4998397609632157;1.1665247062278683
1.4891584035459553;1.1770548716075016
1.4784087258796053;1.1874661914045772
1.4675922889706552;1.1977584200397617
1.4567106470641626;1.2079313354445407
1.445765347307783;1.2179847387957592
1.4347579293914332;1.2279184541646966
1.423689925194842;1.2377323281497166
1.4125628586456038;1.2474262302184962
1.4013782452066066;1.2570000516775837
1.3901375915582144;1.2664537052950868
1.3788423953336333;1.2757871250692636
1.367494144828856;1.2850002658613322
1.356094318722898;1.2940931030204799
1.344644385824805;1.3030656323818366
1.3331458048224627;1.3119178700555096
1.3216000240008223;1.3206498512523552
1.3100084810224406;1.3292616303024147
1.2983726027024967;1.337753280288244
1.2866938047946146;1.3461248926704987
1.2749734917878466;1.354376576912003
1.2632130567149247;1.3625084601008226
1.251413880860388;1.370520687013648
1.2395773335844031;1.378413419767257
1.227704772332297;1.3861868367821624
1.215797542388661;1.393841132803399
1.2038569767341651;1.4013765185635343
1.1918843959136605;1.4087932204502696
1.1798811079153608;1.4160914801804099
1.1678484080611113;1.4232715544807384
1.1557875785617926;1.43033371401804
1.1436998885241054;1.4372782433021662
1.1315865942294285;1.4441054411696403
1.119448938824733;1.450815619963271
1.1072881522450986;1.4574091052046574
1.0951054511453635;1.463886235272482
1.082902038840867;1.4702473610870315
1.0706791052557356;1.4764928457980395
1.0584378265690455;1.4826230637896716
1.0461793653468436;1.4886384007505795
1.0339048707286749;1.4945392538529974
1.0216154782377758;1.5003260310860067
1.0093123097557042;1.505999150942678
0.9969964735038417;1.5115590421122131
0.9846690640316444;1.517006143177345
0.9723311622096;1.5223409023118897
0.9599838351013185;1.5275637766290497
0.9476281360640771;1.5326752321547323
0.9352651048158832;1.5376757436963724
0.9228957673965859;1.5425657944058822
0.910521136186435;1.5473458754927434
0.8981422099297778;1.5520164859420638
0.8857599737637424;1.5565781322377583
0.8733753992509258;1.5610313280847268
0.8609894443899548;1.5653765939320674
0.8486030536823206;1.5696144568966577
0.8362171581851638;1.5737454505520956
0.8238326755521002;1.5777701146002698
0.8114505100870028;1.581688994616981
0.7990715528015306;1.58550264180269
0.7866966814762388;1.5892116127385072
0.7743267607251907;1.5928164691374644
0.7619626420653888;1.5963177774106876
0.7496051639860044;1.5997161086418847
0.7372551520221278;1.6030120383735922
0.7249134188318781;1.6062061463273367
0.7125807642756892;1.6092990161825804
0.7002579754980504;1.6122912353606464
0.6879458270115406;1.6151833948136962
0.6756450807871786;1.6179760888060883
0.6633564863970473;1.620669914547781
0.6510807810427097;1.6232654721861741
0.638818689652351;1.6257633645990657
0.6265709249885569;1.6281641971651355
0.6143381877456486;1.6304685775757137
0.6021211666484598;1.6326771156512119
0.5899205385524119;1.634790423162246
0.5777369685523994;1.6368091136417555
0.565571110154268;1.638733802091548
0.553423605292811;1.6405651049700545
0.5412950844511625;1.6423036400045357
0.5291861667812436;1.6439500260072304
0.5170974602125223;1.645504882718029
0.5050295615614199;1.6469688306513424
0.4929830566412338;1.6483424909471658
0.480958520392801;1.6496264852045104
0.46895651704861246;1.6508214352834265
0.45697760014848693;1.6519279632705208
0.44502231268777687;1.652946691306541
0.4330911872360976;1.6538782414496065
0.4211847460517326;1.6547232355469723
0.40930350119603554;1.655482295110549
0.3974479546477132;1.6561560411961638
0.385618598461933;1.6567450942510533
0.37381591489925203;1.6572500739885527
0.3620403764563034;1.6576715993434794
0.3502924460248029;1.6580102883296604
0.3385725770082802;1.6582667579338528
0.3268812134380358;1.6584416240132667
0.3152187900886395;1.6585355011963279
0.30358573259384636;1.6585490027862002
0.2919824576253827;1.658482740638095
0.2804093729610622;1.658337325090574
0.2688668775713731;1.6581133648910218
0.2573553617605707;1.657811467098541
0.24587520728148266;1.6574322370015684
0.234426787449597;1.6569762780382988
0.22301046725635584;1.6564441917198838
0.21162660348824108;1.6558365775544739
0.2002755449054926;1.6551540329568815
0.1889576322723978;1.654397153202407
0.1776731984792584;1.6535665313571277
0.16642256866695418;1.6526627582096733
0.1552060603377703;1.6516864222090317
0.14402398346527792;1.6506381094047125
0.13287664060320462;1.6495184033892238
0.12176432700929399;1.6483278852414613
0.11068733079902318;1.6470671334697093
0.09964593297071359;1.6457367239675218
0.08864040754044492;1.6443372299623873
0.07767102165237255;1.6428692219684253
0.06673803568380955;1.6413332677414316
0.05584170334923356;1.639729932235872
0.04498227180315726;1.638059777563774
0.034159981769205816;1.636323362957734
0.023375067653463463;1.6345212447345243
0.012627757588724121;1.632653976254842
0.0019182735623254205;1.6307221078917806
-0.008753168484133576;1.6287261869987446
-0.01938635855658432;1.6266667578789566
-0.029981092511422773;1.6245443617565472
-0.040537171959211984;1.6223595367492822
-0.05105440413321448;1.620112817852141
-0.06153260181989984;1.6178047369066955
-0.07197158328436702;1.6154358225735221
-0.08237117216174142;1.6130066003150425
-0.09273119736532463;1.6105175923756936
-0.10305149299589149;1.6079693177633991
-0.1133318982521417;1.605362292232303
-0.12357225733685065;1.6026970282691575
-0.13377241931250533;1.5999740351038811
-0.14393223809585853;1.5971938186600034
-0.15405157236072808;1.5943568815475526
-0.16413028544013603;1.5914637230578317
-0.17416824524305588;1.5885148391532646
-0.1841653241723864;1.5855107224582212
-0.19412139904418463;1.5824518622507742
-0.20403635100816375;1.5793387444553504
-0.21391006546948896;1.5761718516362255
-0.22374243201187655;1.5729516629918223
-0.233533344313134;1.5696786543544474
-0.24328269986647683;1.5663532982936714
-0.2529904001463231;1.562976063987168
-0.26265635055008235;1.5595474172108035
-0.2722804602570204;1.5560678203736944
-0.28186264215555523;1.5525377325185323
-0.2914028127717114;1.5489576093225577
-0.30090089219872923;1.5453279030991425
-0.31035680402785254;1.5416490627999395
-0.3197704752802905;1.5379215340175652
-0.3291418363403777;1.5341457589887704
-0.338470820887977;1.5303221765996187
-0.3477573656808366;1.5264512225115017
-0.3570014106278694;1.5225333290568814
-0.36620289879554907;1.518568925189599
-0.37536177627133904;1.5145584365502838
-0.3844779921009139;1.510502285474266
-0.39355149822640556;1.506400890999894
-0.40258224942566867;1.5022546688772276
-0.4115702032525772;1.4980640315770672
-0.42051531997834396;1.4938293883002955
-0.4294175625338759;1.4895511449874872
-0.43827689645314655;1.4852297043287772
-0.4470932897309752;1.4808654658754488
-0.455866712810857;1.4764588260005147
-0.46459713862326024;1.472010177801525
-0.4732845424681965;1.4675199111871788
-0.48192890196159544;1.4629884128904729
-0.4905301969825578;1.4584160664820844
-0.49908840962149614;1.4538032523839555
-0.5076035241291481;1.449150347883056
-0.5160755268664704;1.4444577271452954
-0.5245044062554002;1.4397257612295595
-0.5328901527304905;1.434954818101841
-0.5412327586516109;1.430145262720701
-0.5495322182517131;1.4252974570615369
-0.5577885276721111;1.4204117599856954
-0.5660016848720798;1.4154885273361606
-0.5741716895829462;1.410528111955057
-0.5822985432634626;1.4055308637003217
-0.590382249055924;1.4004971294624649
-0.5984228117430269;1.3954272531813956
-0.6064202377054686;1.3903215758632865
-0.6143745348802697;1.3851804355974653
-0.6222857127198259;1.3800041675733028
-0.6301537821374326;1.3747931041419739
-0.6379787554530751;1.3695475748795962
-0.6457606464023122;1.3642679064535919
-0.6534994700755331;1.3589544227106976
-0.661195242878784;1.353607444699035
-0.6688479824963465;1.3482272906867012
-0.6764577078539433;1.3428142761803707
-0.6840244390825726;1.3373687139438755
-0.6915481974829523;1.3318909140167612
-0.6990290054905798;1.3263811837327941
-0.7064668866413853;1.3208398277384066
-0.7138618655339021;1.3152671480376
-0.7212139677864237;1.309663444073104
-0.7285232200256586;1.3040290126064586
-0.7357896498462636;1.2983641477909456
-0.7430132857780909;1.2926691411979068
-0.750194157255007;1.2869442818362675
-0.7573322945842414;1.2811898561720068
-0.7644277289162495;1.2754061481475685
-0.7714804922150901;1.2695934392011925
-0.7784906172292991;1.263752008286162
-0.7854581374632624;1.2578821318899474
-0.792383087149367;1.2519840840672443
-0.7992655012216913;1.2460581365227246
-0.8061054152864178;1.2401045585176804
-0.8129028655958339;1.2341236169235752
-0.8196578890222795;1.2281155762515714
-0.8263705230323292;1.222080698672262
-0.8330408056614139;1.2160192440353126
-0.8396687754888689;1.209931469889014
-0.8462544716134043;1.2038176314997293
-0.852797933628984;1.1976779818712324
-0.8592992016011123;1.191512771763922
-0.8657583160454033;1.1853222497240508
-0.872175317920198;1.1791066621860198
-0.8785502485788201;1.1728662533561585
-0.8848831497528875;1.1666012652608129
-0.8911740635342201;1.1603119377848323
-0.8974230323535177;1.1539985086906366
-0.903630098959385;1.1476612136371431
-0.9097953063977079;1.1413002861985413
-0.9159186979913626;1.1349159578829142
-0.9220003173202571;1.1285084581506886
-0.9280402082016902;1.1220780144329152
-0.9340384146710283;1.1156248521493644
-0.9399949809626813;1.109149194726434
-0.945909951491381;1.1026512636148569
-0.9517833708337438;1.0961312783072035
-0.9576152837454381;1.0895894564933606
-0.9634057351435796;1.083026014078676
-0.9691547700153784;1.0764411649123418
-0.9748624334436776;1.0698351209718138
-0.9805287705908684;1.0632080923832015
-0.9861538266825708;1.0565602874395221
-0.9917376469915724;1.0498919126188142
-0.9972802768220255;1.0432031726021005
-1.0027817614938892;1.0364942702912006
-1.0082421463276154;1.0297654068263813
-1.0136614766290635;1.0230167816038482
-1.0190397976746461;1.016248592293064
-1.0243771546966878;1.009461034853897
-1.029673592869;1.0026543035535878
-1.0349291573000983;0.9958285909989586
-1.0401438930961195;0.98898408831243
-1.0453178452291132;0.9821209849042023
-1.0504510585435554;0.9752394685302432
-1.0555435777633344;0.9683397253507041
-1.060595447479134;0.9614219399471462
-1.065606712136009;0.9544862953396398
-1.0705774160211603;0.9475329730037212
-1.0755076032518889;0.9405621528872156
-1.0803973177637356;0.9335740134269124
-1.0852466032987906;0.9265687315650987
-1.090055503394171;0.9195464827659435
-1.0948240613706592;0.9125074410317278
-1.0995523203214954;0.9054517789189238
-1.1042403231013187;0.8983796675541127
-1.1088881123596026;0.8912912767144515
-1.1134957305414548;0.8841867748601608
-1.1180632197663696;0.8770663289886187
-1.122590621878329;0.8699301047380676
-1.1270779784373954;0.862778266405633
-1.13152533071017;0.8556109769633411
-1.1359327196603917;0.8484283980740235
-1.1403001859396815;0.8412306901070983
-1.144627769878418;0.8340180121542357
-1.1489155114767458;0.8267905220448959
-1.1531634503957051;0.8195483763617492
-1.1573716259484836;0.8122917304559653
-1.161540077091779;0.8050207384623819
-1.1656688424172734;0.7977355533145394
-1.1697579601488592;0.7904363267655833
-1.1738074682088557;0.7831232094820721
-1.1778174041018572;0.7757963509442036
-1.1817878049191302;0.7684558994736208
-1.1857187073525681;0.7611020022711356
-1.18961014768737;0.7537348054316695
-1.193462161794827;0.7463544539590984
-1.1972747851252115;0.7389610917809971
-1.2010480527007716;0.7315548617632818
-1.2047819991088144;0.7241359057247556
-1.2084766584948863;0.7167043644515492
-1.2121320645560374;0.7092603777114639
-1.2157482505341695;0.7018040842682082
-1.2193252492094615;0.6943356218955369
-1.2228630928938709;0.6868551273912813
-1.2263618134588605;0.6793627366158282
-1.229821442347704;0.6718585845193584
-1.2332420104686355;0.6643428050833192
-1.2366235482407386;0.6568155313715031
-1.2399660855901051;0.649276895545252
-1.2432696519443334;0.6417270288773236
-1.2465342762271068;0.6341660617656816
-1.2497599868528482;0.6265941237472015
-1.2529468117214455;0.6190113435112977
-1.2560947782130483;0.6114178489134721
-1.2592039131829273;0.6038137669887762
-1.2622742429563991;0.5961992239651993
-1.2653057933238054;0.5885743452769734
-1.2682985895355499;0.5809392555778009
-1.2712526563005289;0.5732940787559693
-1.274168017838706;0.5656389379813129
-1.2770446977978844;0.5579739556719336
-1.2798827192529159;0.5502992535094575
-1.2826821047198442;0.5426149524630106
-1.285442876151712;0.5349211728022648
-1.2881650549344235;0.5272180341104297
-1.2908486618826673;0.5195056552971772
-1.2934937172358902;0.511784154611511
-1.296100240654325;0.5040536496545684
-1.2986682512150658;0.49631425739236784
-1.3011977674081894;0.4885660941684953
-1.3036888071329185;0.4808092757167345
-1.3061413876938281;0.4730439171736328
-1.3085555257970873;0.4652701330910166
-1.3109312375296185;0.4574880374725076
-1.313268538545702;0.4496977437268799
-1.3155674437014575;0.4418993647615453
-1.317827967305222;0.43409301292525365
-1.3200501230528068;0.4262788000459314
-1.3222339240244978;0.41845683744299855
-1.3243793826820796;0.4106272359396441
-1.326486510865878;0.40279010587507424
-1.3285553197918256;0.39494555711672136
-1.3305858200485468;0.3870936990724238
-1.3325780215944663;0.3792346407025636
-1.334531933754937;0.37136849053217674
-1.3364475652193906;0.36349535666302546
-1.3383249240385064;0.3556153467856397
-1.3401640176231466;0.3477285681918504
-1.341964852781937;0.33983512779913505
-1.3437274356673812;0.3319351321468848
-1.3454517717711707;0.3240286874077098
-1.3471378659360755;0.31611589940378726
-1.3487857223535455;0.3081968736187825
-1.3503953445613415;0.30027171520974577
-1.3519667354412013;0.29234052901897367
-1.3534998972165346;0.28440341958584425
-1.3549948314501525;0.2764604911586135
-1.3564515390420278;0.2685118477061876
-1.3578700202270872;0.2605575929298607
-1.3592502745730353;0.2525978302750249
-1.3605923009871552;0.2446326629464507
-1.361896097739274;0.2366621939300535
-1.3631616624039904;0.22868652598203604
-1.3643889918797947;0.2207057616490153
-1.3655780823906676;0.21272000328102814
-1.3667289294843497;0.2047293530431577
-1.3678415280306515;0.1967339129271273
-1.3689158722198043;0.1887337847628714
-1.369951955560853;0.18072907023007195
-1.3709497708800882;0.17271987086967447
-1.3719093103195208;0.1647062880953721
-1.3728305653353958;0.1566884232050667
-1.373713526696749;0.14866637739229513
-1.3745581844973878;0.14064025178300998
-1.375364528149275;0.13261014743699603
-1.3761325463623384;0.1245761653234425
-1.37686222715559;0.1165384063557797
-1.377553557856045;0.10849697140326367
-1.3782065250976663;0.10045196130252095
-1.3788211148203586;0.09240347686907091
-1.379397312269007;0.08435161890883482
-1.3799351019925605;0.07629648822961951
-1.3804344678431637;0.06823818565259065
-1.3808953929753336;0.06017681202372359
-1.3813178598451805;0.05211246822524071
-1.3817018502086724;0.04404525519090912
-1.382047345107251;0.035975273970307926
-1.3823543248866914;0.027902625664947965
-1.382622769194502;0.019827411447380004
-1.3828526569753508;0.011749732588079813
-1.3830439664704608;0.0036696904671718183
-1.383196675217049;-0.004412613413855626
-1.3833107600478078;-0.012497077420434433
-1.3833861970904284;-0.020583599773212106
-1.3834229617671665;-0.028672078536343692
-1.3834210287944508;-0.03676241160579202
-1.3833803721825326;-0.04485449669762748
-1.38330096523518;-0.05294823133633878
-1.3831827805472428;-0.061043512823560075
-1.3830257900006133;-0.06914023819191903
-1.3828299647743223;-0.0772383042861265
-1.3825952753399833;-0.08533760771142318
-1.382321691461231;-0.0934380448176913
-1.3820091821936205;-0.10153951168734651
-1.381657715884565;-0.10964190412322292
-1.3812672601733174;-0.1177451176364421
-1.38083778199099;-0.12584904743427816
-1.3803692475606169;-0.13395358840800412
-1.3798616223972544;-0.14205863512073108
-1.3793148713081251;-0.15016408179523202
-1.378728958392809;-0.1582698223016929
-1.3781038470493652;-0.16637575009706507
-1.3774394999703512;-0.17448175824773243
-1.3767358791380102;-0.18258773945933238
-1.3759929458287135;-0.19069358603087846
-1.3752106606134;-0.19879918984207748
-1.3743889833580591;-0.20690444234062375
-1.3735278732242562;-0.21500923452946197
-1.3726272886696989;-0.22311345695403015
-1.3716871874488483;-0.23121699968946804
-1.3707075266135713;-0.23931975232780298
-1.3696882625138362;-0.247421603965104
-1.3686293507984504;-0.2555224431886163
-1.3675307464183302;-0.2636221580570238
-1.3663924036488653;-0.27172063602838015
-1.3652142760566448;-0.2798177640408943
-1.3639963165072932;-0.28791342848093376
-1.3627384771716067;-0.2960075151557773
-1.3614407095267125;-0.3040999092801272
-1.3601029643572744;-0.3121904954625826
-1.3587251917567487;-0.3202791576920655
-1.3573073411286856;-0.32836577932421046
-1.3558493611880822;-0.3364502430677042
-1.3543511999627815;-0.3445324309705864
-1.352812804794922;-0.3526122244065025
-1.3512341223424325;-0.3606895040609211
-1.3496150985965798;-0.3687641498913412
-1.3479556788992244;-0.3768360410880078
-1.3462558078872477;-0.38490505615281945
-1.3445154295216057;-0.39297107284097715
-1.3427344870908011;-0.4010339681441673
-1.340912923212956;-0.4090936182760521
-1.3390506798379456;-0.41714989865769675
-1.3371476982495865;-0.4252026839029437
-1.3352039190678875;-0.43325184780372095
-1.333219282251355;-0.44129726331529473
-1.3311937270993617;-0.4493388025414585
-1.3291271922545669;-0.45737633671967004
-1.3270196157059282;-0.4654097362055421
-1.3248709348420618;-0.4734388704019247
-1.322681086405164;-0.48146360779743386
-1.320450006468759;-0.4894838159787606
-1.318177630467646;-0.4974993615855404
-1.3158638932010884;-0.5055101102946692
-1.3135087288360767;-0.5135159268045485
-1.311112070910666;-0.5215166748192502
-1.3086738523373833;-0.5295122170326128
-1.3061940054067123;-0.5375024151122538
-1.3036724617906477;-0.5454871296835125
-1.3011091525463272;-0.5534662203133107
-1.2985040081197317;-0.5614395454939458
-1.2958569583492443;-0.569406962626972
-1.293167932597065;-0.5773683279065375
-1.2904368595318143;-0.585323496476961
-1.2876636672410993;-0.5932723223308535
-1.2848482832277697;-0.6012146582986693
-1.2819906344147152;-0.6091503560315266
-1.2790906471497412;-0.6170792659839436
-1.276148247210524;-0.6250012373965002
-1.273163359809651;-0.6329161182784094
-1.2701359095997418;-0.6408237553900099
-1.2670658206786576;-0.6487239942251677
-1.2639530165947945;-0.6566166789935994
-1.2607974203524677;-0.6645016526031003
-1.2575989544841502;-0.6723787566047739
-1.2543575410753887;-0.680247831164386
-1.2510731015935108;-0.6881087151421532
-1.2477455569904385;-0.6959612460209501
-1.2443748277117037;-0.7038052598863314
-1.240960833703192;-0.7116405914077696
-1.2375034944180285;-0.7194670738197714
-1.2340027288236002;-0.7272845389028794
-1.2304584554087277;-0.7350928169645465
-1.2268705921909804;-0.7428917368198897
-1.2232390567241438;-0.7506811257723144
-1.2195637661058334;-0.7584608095940185
-1.2158446369852673;-0.7662306125063614
-1.2120815855711942;-0.7739903571601046
-1.2082745276399796;-0.781739864615518
-1.2044233785438525;-0.7894789543223569
-1.2005280532368903;-0.7972074440937571
-1.1965884665257933;-0.8049251500040534
-1.1926045327200951;-0.8126318864895531
-1.1885761656820204;-0.8203274663141173
-1.1845032789104457;-0.8280117005231246
-1.1803857855516375;-0.8356843984221058
-1.1762235984102447;-0.8433453675552061
-1.172016629960544;-0.850994413683478
-1.167764792357949;-0.8586313407629934
-1.1634679974507838;-0.8662559509227794
-1.1591261567923232;-0.8738680444425747
-1.1547391816531092;-0.8814674197303987
-1.1503069830335397;-0.8890538732999431
-1.1458294716767443;-0.8966271997477695
-1.1413065580817408;-0.9041871917303195
-1.1367381525168845;-0.9117336399407313
-1.1321241650336078;-0.9192663330854663
-1.1274645054918042;-0.9267850579251692
-1.122759083580087;-0.9342895992844952
-1.1180078087961332;-0.9417797398333166
-1.11321059047964;-0.9492552601647716
-1.1083673378283625;-0.956715938775235
-1.1034779599138493;-0.9641615520405594
-1.0985423656975108;-0.9715918741921424
-1.0935604640470158;-0.9790066772928295
-1.0885321637530316;-0.9864057312126379
-1.0834573735463047;-0.9937888036043107
-1.078336002115089;-1.0011556598786917
-1.0731679581229236;-1.0085060631799305
-1.0679531502267678;-1.0158397743605028
-1.0626914870954955;-1.0231565519560548
-1.0573828774287546;-1.0304561521600637
-1.0520272299761912;-1.0377383287983224
-1.0466244535616809;-1.0450028333130152
-1.0411744571824142;-1.0522494149039636
-1.0356771499174693;-1.0594778202663826
-1.030132440955502;-1.0666877935793033
-1.024540239642522;-1.0738790765354025
-1.0189004555038974;-1.0810514083153722
-1.0132129982667826;-1.0882045255621486
-1.0074777778829758;-1.0953381623549943
-1.0016947045522024;-1.1024520501834474
-0.9958636887458426;-1.1095459179211191
-0.989984641231094;-1.1166194917993555
-0.9840574730955876;-1.1236724953807495
-0.9780820957724471;-1.1307046495325201
-0.9720584210658114;-1.137715672399737
-0.9659863611768135;-1.1447052793784103
-0.9598658287300289;-1.1516731830884293
-0.9536967368003901;-1.1586190933463638
-0.9474789990230548;-1.1655427172109254
-0.9412125296854263;-1.1724437590121037
-0.9348972434725505;-1.1793219200737346
-0.928533055638127;-1.186176898811224
-0.9221198820416254;-1.1930083907104803
-0.9156576391792799;-1.1998160883008615
-0.9091462442156502;-1.2065996811280248
-0.9025856150157436;-1.2133588557266863
-0.8959756701777161;-1.2200932955932806
-0.8893163290661495;-1.2268026811585309
-0.8826075118459195;-1.2334866897599241
-0.8758491395166467;-1.2401449956140993
-0.8690411339477544;-1.2467772697891393
-0.8621834179141258;-1.2533831801767767
-0.8552759151323716;-1.2599623914645104
-0.8483185502977169;-1.2665145651076308
-0.8413112491319868;-1.2730393593136577
-0.8342539386480489;-1.2795364292839355
-0.8271465468840653;-1.286005426822436
-0.8199890029433409;-1.2924460003079594
-0.8127812371175598;-1.2988577947648878
-0.805523180928871;-1.3052404518363359
-0.7982147671726975;-1.3115936097573069
-0.7908559299612846;-1.3179169033278462
-0.7834466047679852;-1.3242099638862057
-0.7759867284723007;-1.3304724192820108
-0.7684762394056767;-1.3367038938494409
-0.7609150773980691;-1.3429040083804196
-0.7533031838252756;-1.349072380097827
-0.745640501657056;-1.3552086226287239
-0.7379269755060359;-1.3613123459776015
-0.7301625516774117;-1.3673831564996513
-0.7223471782194527;-1.3734206568740666
-0.714480805069553;-1.379424446242473
-0.7065633842070503;-1.3853941203577615
-0.6985948693388622;-1.3913292709172878
-0.6905752161300046;-1.3972294858443086
-0.6825043822704219;-1.4030943492826924
-0.6743823275319203;-1.4089234415729535
-0.6662090138260305;-1.4147163392284543
-0.657984405262811;-1.420472614911782
-0.6497084682105921;-1.426191837411309
-0.6413811713566833;-1.4318735716179372
-0.6330024857690407;-1.4375173785020332
-0.6245723849589159;-1.44312281509056
-0.6160908449444791;-1.4486894344444154
-0.6075578443154439;-1.454216785635974
-0.5989733642986906;-1.4597044137268436
-0.5903373888249043;-1.465151859745839
-0.5816499052365056;-1.470558661274044
-0.5729109017774549;-1.475924350487472
-0.5641203719861658;-1.4812484575584164
-0.5552783113657269;-1.4865305074555348
-0.5463847184897779;-1.4917700210561786
-0.537439595075533;-1.4969665151286289
-0.5284429460580726;-1.5021195023149059
-0.5193947796659097;-1.5072284911141511
-0.5102951074978205;-1.5122929858665863
-0.5011439446009546;-1.517312486738042
-0.4919413095502117;-1.5222864897050614
-0.4826872245288951;-1.5272144865405766
-0.47338171541062823;-1.5320959648001613
-0.46402481184255073;-1.5369304078088528
-0.45461654732978274;-1.541717294648551
-0.4451569593211599;-1.5464561001459884
-0.4356460892962445;-1.5511462948612742
-0.4260839828650169;-1.5557873452880855
-0.4164706898761891;-1.5603787141901657
-0.40680626445941565;-1.5649198596929346
-0.3970907651382709;-1.5694102356603317
-0.38732425492575406;-1.5738492917258846
-0.3775068014193778;-1.5782364732929777
-0.36763847689754203;-1.5825712215360448
-0.35771935841720354;-1.586852973402684
-0.3477495279128271;-1.5910811616166998
-0.33772907229663596;-1.5952552146820644
-0.32765808354864534;-1.5993745568601347
-0.3175366587485436;-1.6034386080047927
-0.3073649002950725;-1.6074467838464517
-0.2971429159818598;-1.6113984959285585
-0.2868708190903096;-1.6152931515829603
-0.276548728496551;-1.6191301539368916
-0.26617676877962315;-1.6229089019207827
-0.25575507033091577;-1.626628790276878
-0.24528376946484928;-1.6302892095686738
-0.23476300853080734;-1.6338895461911715
-0.22419293602654705;-1.6374291824128862
-0.21357370671917508;-1.6409074972263007
-0.20290548175337683;-1.6443238654088854
-0.19218842876749703;-1.647677657430363
-0.18142272201408918;-1.6509682397726109
-0.17060854247940496;-1.6541949749565408
-0.15974607800414353;-1.6573572215703003
-0.14883552340544448;-1.6604543342987939
-0.13787708060013665;-1.6634856639545266
-0.12687095872922716;-1.66645055750977
-0.11581737428364978;-1.6693483581300488
-0.10471655118903866;-1.672178405623005
-0.09356872095195837;-1.67494003629817
-0.0823741228394887;-1.6776325825131055
-0.07113300397641895;-1.6802553730412446
-0.05984561947645835;-1.6828077331196516
-0.04851223257466906;-1.6852889844984267
-0.037133114761105014;-1.687698445491767
-0.02570854591567671;-1.69003543103068
-0.01423881444422573;-1.6922992527173557
-0.002724217415821264;-1.6944892188811878
0.008834939379238904;-1.6966046349921815
0.02043834138049827;-1.6986448041215085
0.032085664832354435;-1.7006090257473234
0.043776576772957335;-1.7024965963965344
0.055510734900642955;-1.7043068097524046
0.06728778743207725;-1.706038956732594
0.07910737295930464;-1.7076923255693652
0.09096912030569604;-1.7092662018919549
0.10287264838079084;-1.710759868811107
0.11481756603404912;-1.712172607005773
0.12680347198809747;-1.713503694987937
0.13882995507120316;-1.7147524100252154
0.15089659340000433;-1.7159180267764245
0.1630029544298709;-1.716999817825748
0.17514859486846757;-1.7179970539228613
0.18733306052882825;-1.7189090040955606
0.19955588618157566;-1.7197349357651077
0.21181659540630346;-1.7204741148642897
0.22411470044209977;-1.7211258059581935
0.23644970203722857;-1.721689272367696
0.24882108933688993;-1.7221637763505424
0.2612283404476795;-1.722548580240074
0.27367092139655186;-1.7228429453250624
0.2861482859822896;-1.7230461319913626
0.2986598758474373;-1.7231574001782115
0.31120512033277514;-1.7231760095319293
0.32378343633135775;-1.723101219562935
0.3363942281421368;-1.7229322898060753
0.3490368873231528;-1.7226684799842678
0.36171079254431454;-1.7223090501754563
0.37441530944128054;-1.721853260984277
0.38714979135974564;-1.7213003745256343
0.3999135786392515;-1.7206496540863059
0.4127059977014122;-1.7199003636127155
0.4255263614854034;-1.719051768425306
0.4383739693131803;-1.7181031354189835
0.45124810675492977;-1.7170537332674696
0.46414804549474387;-1.715902832631555
0.47707304319653177;-1.7146497063712607
0.4900223433701486;-1.713293629761902
0.502995175237758;-1.7118338807140576
0.5159907543342533;-1.710269740416554
0.5290082828838705;-1.7086004938553923
0.5420469475398771;-1.706825428830465
0.5551059203033993;-1.7049438367917054
0.5681843584475705;-1.702955013110939
0.5812814044070554;-1.7008582573377244
0.5943961856687047;-1.698652873459625
0.6075278146633616;-1.6963381701669071
0.6206753886588052;-1.6939134611216684
0.6338379896538487;-1.6913780652313903
0.6470146846397604;-1.6887313070375571
0.6602045269047118;-1.685972517423473
0.6734065534878588;-1.6831010331628866
0.6866197858778554;-1.680116197452905
0.6998432301249267;-1.6770173602738205
0.7130758767816117;-1.673803878701254
0.7263167008466338;-1.670475117223327
0.7395646617119147;-1.6670304480628626
0.7528187031160869;-1.6634692515029876
0.7660777535017903;-1.65979091602449
0.7793407256794892;-1.6559948387842527
0.7926065165561684;-1.6520804260689328
0.8058740073055187;-1.6480470935422034
0.8191420633446727;-1.6438942665918554
0.8324095343146377;-1.6396213806816584
0.8456752540644228;-1.635227881707979
0.8589380406388586;-1.6307132263611588
0.8721966967101807;-1.6260768824584548
0.8854500107326739;-1.6213183292274664
0.8986967546539117;-1.616437057854371
0.9119356847793637;-1.6114325717993065
0.9251655419292684;-1.6063043871701868
0.9383850514860845;-1.6010520331098053
0.9515929234475019;-1.5956750521875593
0.9647878524850142;-1.5901730007957904
0.9779685180321804;-1.5845454495379527
0.9911335854621859;-1.5787919830469568
1.0042817051553188;-1.5729122009295433
1.0174115122339475;-1.5669057183644106
1.0305216271053932;-1.560772166279672
1.0436106555818074;-1.5545111917620962
1.0566771890070343;-1.5481224584702038
1.0697198043904583;-1.5416056470512327
1.0827370645478394;-1.5349604555619611
1.09572751871218;-1.5281865995541462
1.108689703489687;-1.5212838119161225
1.121622141150883;-1.5142518446757358
1.1345233405886368;-1.5070904688583846
1.1473917975866927;-1.4997994748591905
1.1602259950341005;-1.4923786728637853
1.1730244031482016;-1.4848278932718109
1.185785479706177;-1.4771469871231255
1.198507670333353;-1.4693358264685572
1.2111894099193556;-1.4613943033928605
1.22382912163237;-1.4533223319487867
1.236425217058541;-1.4451198487466252
1.2489760968686368;-1.4367868129205839
1.2614801511292104;-1.4283232065371523
1.2739357596237557;-1.419729035004444
1.286341292183859;-1.4110043274825133
1.2986951090303351;-1.402149137294657
1.31099556151884;-1.3931635415228578
1.323240992908238;-1.3840476405777555
1.3354297375065933;-1.3748015611497981
1.3475601216232427;-1.3654254554421674
1.3596304640057162;-1.355919501492112
1.3716390762629804;-1.346283903542282
1.3835842632997672;-1.3365188924107752
1.3954643237619975;-1.3266247258598889
1.4072775505254094;-1.3166016888068106
1.4190222316371341;-1.3064500913770007
1.4306966502236966;-1.2961702720537998
1.4422990850099147;-1.2857625978999412
1.4538278109511682;-1.2752274642786492
1.4652810997566643;-1.264565295159471
1.4766572204243629;-1.2537765434200268
1.4879544397875684;-1.2428616911436705
1.4991710230731705;-1.2318212499130816
1.5103052343952683;-1.2206557597204655
1.5213553373001127;-1.2093657885908862
1.5323195955376567;-1.1979519360870279
1.543196273574931;-1.1864148319319192
1.5539836372074263;-1.1747551361885484
1.5646799541837484;-1.162973539464437
1.5752834948417573;-1.151070763108947
1.5857925327561866;-1.1390475594033367
1.5962053453034897;-1.1269047114590893
1.6065202134190935;-1.1146430306377426
1.616735423502573;-1.1022633604094247
1.6268492679185957;-1.0897665759326531
1.6368600454912776;-1.0771535835723538
1.6467660621986822;-1.0644253209798222
1.6565656318776958;-1.051582757162063
1.6662570769392673;-1.0386268925405242
1.6758387290940389;-1.0255587589991872
1.6853089289709813;-1.0123794182601795
1.6946660268266276;-0.9990899618553963
1.7039083851936894;-0.9856915139566256
1.7130343785689572;-0.9721852297760066
1.722042394143293;-0.9585722954903978
1.7309308325453197;-0.9448539281600674
1.7396981085933174;-0.9310313756335366
1.748342652055316;-0.9171059164385875
1.7568629080287428;-0.9030788593323368
1.7652573351439103;-0.8889515409993071
1.7735244101587866;-0.87472532910713
1.7816626278482213;-0.8604016213816843
1.7896705013076855;-0.8459818450103138
1.7975465626980385;-0.8314674563954243
1.805289363995253;-0.8168599408915012
1.8128974777450926;-0.8021608125255626
1.8203694978227598;-0.7873716137010107
1.8277040376635743;-0.7724939137718022
1.8348997318806237;-0.7575293090857221
1.8419552399435268;-0.7424794239143218
1.8488692450623492;-0.7273459092577763
1.855640454890532;-0.7121304424300623
1.862267602228588;-0.696834726625712
1.8687494457285527;-0.6814604904681618
1.8750847705992142;-0.6660094875396546
1.881272388527493;-0.6504834957961184
1.887311134777649;-0.6348843166159363
1.8931998748244876;-0.6192137750044155
1.8989375032815232;-0.6034737188307856
1.9045229440212939;-0.5876660181935115
1.9099551507880368;-0.571792564827732
1.9152331078062699;-0.5558552714936756
1.9203558303852633;-0.539856071346073
1.9253223655054963;-0.5237969172869634
1.930131788900109;-0.5076797819132743
1.934783207810422;-0.4915066564498969
1.9392757641349214;-0.47527954959403396
1.9436086329857718;-0.4590004871449571
1.9477810231690127;-0.4426715112767684
1.95179217765555;-0.42629467979303676
1.9556413740429281;-0.40987206536332543
1.959327925007899;-0.3934057547415684
1.962851177961741;-0.37689784836299295
1.9662105127551013;-0.3603504609000068
1.9694053465176615;-0.3437657182041471
1.9724351325517169;-0.3271457572181221
1.9752993603382185;-0.31049272530515676
1.9779975557929204;-0.293808779429689
1.9805292815049609;-0.2770960853241633
1.9828941370347155;-0.26035681689643325
1.9850917592696182;-0.24359315587354102
1.987121822309542;-0.22680728993109464
1.9889840377592212;-0.21000141221552876
1.990678154898534;-0.1931777205059656
1.992203960825577;-0.1763384163302114
1.9935612805827585;-0.1594857040687591
1.994749976500634;-0.14262179095047733
1.9957699475452064;-0.12574888701217712
1.9966211314350348;-0.10886920175532523
1.9973035037241693;-0.09198494435369203
1.9978170777425173;-0.07509832281642322
1.9981619045462633;-0.05821154310719276
1.9983380728469962;-0.04132680825645376
1.9983457088216812;-0.024446318453375707
1.998184975975117;-0.007572270387063484
1.9978560751730978;0.009293145354922275
1.9973592443934927;0.026147744265655977
1.9966947585414305;0.04298934876585573
1.9958629292433423;0.05981578905933997
1.9948641046192643;0.07662490399033631
1.993698668998248;0.0934145405079859
1.9923670426576223;0.11018255494149179
1.990869681564335;0.12692681522207763
1.9892070770373185;0.14364520083597387
1.9873797554092338;0.1603356036172197
1.985388277666376;0.176995928538251
1.9832332390717187;0.19362409447995751
1.9809152691874277;0.2102180334465555
1.9784350311730166;0.22677569236783662
1.9757932211289193;0.243295034651302
1.9729905678248951;0.2597740402330788
1.970027832229411;0.27621070627975475
1.9669058070184366;0.2926030478834065
1.9636253160928212;0.30894909869671955
1.9601872148747046;0.32524691010477425
1.9565923890139898;0.3414945532486199
1.952841753671318;0.35769011995444566
1.9489362532087648;0.3738317228757937
1.9448768606117377;0.38991749608108434
1.9406645768925022;0.4059455956303127
1.9363004305624534;0.4219142000480489
1.9317854782039878;0.4378215095940574
1.927120802503583;0.4536657482094023
1.9223075116571127;0.46944516396957736
1.9173467389976662;0.48515802927007035
1.9122396423405774;0.5008026412829181
1.9069874033131924;0.5163773223991137
1.901591226849305;0.5318804205412231
1.8960523418905073;0.5473103086763221
1.8903719988809249;0.562665386365964
1.8845514693982326;0.5779440799191298
1.8785920456942224;0.5931448425793676
1.8724950399946296;0.608266154842704
1.8662617837873778;0.6233065247590379
1.859893627402506;0.6382644881143578
1.8533919406826198;0.6531386082233296
1.8467581101582569;0.6679274768846943
1.8399935389146216;0.6826297144050715
1.8330996460520346;0.6972439697398976
1.8260778659718278;0.7117689206730009
1.8189296476546395;0.7262032739783256
1.8116564543707645;0.7405457655264861
1.8042597641481821;0.7547951603085228
1.7967410669205195;0.7689502527228586
1.789101864566806;0.7830098665983796
1.781343670316371;0.796972855252865
1.7734680080492706;0.8108381015417956
1.7654764115931316;0.8246045178889352
1.7573704245830506;0.8382710463871438
1.749151600599996;0.851836658925004
1.7408215005731003;0.8653003568688625
1.7323816928927631;0.878661171150226
1.7238337527967955;0.8919181622220838
1.7151792617096155;0.9050704199902498
1.706419806581581;0.9181170637271111
1.6975569798875214;0.9310572422388568
1.6885923793802562;0.9438901339142455
