-0.5877852522924732;-0.8090169943749473
-0.5766096860278317;-0.8170514519605119
-0.5653534755324078;-0.8249743495218992
-0.5540168845597909;-0.8327854446759335
-0.5426001460627944;-0.8404844833774225
-0.5311034804613726;-0.8480711852538897
-0.519527095069765;-0.8555452468080805
-0.5078711829795286;-0.8629063394180688
-0.4961359234283462;-0.8701541106099698
-0.4843214822053592;-0.8772881823776274
-0.4724280135429831;-0.8843081515778508
-0.4604556556919945;-0.8912135857393001
-0.4484045400036142;-0.8980040311431539
-0.4362747843728292;-0.904679006885237
-0.4240664964144538;-0.9112380038129185
-0.4117797728900346;-0.9176804857388037
-0.3994147004644276;-0.9240058886605319
-0.38697135700733815;-0.9302136194804909
-0.3744498105116301;-0.9363030570355757
-0.3618501224760082;-0.9422735485855609
-0.34917234419968995;-0.9481244137194047
-0.3364165185687137;-0.9538549425022751
-0.3235826808099668;-0.95946439470796
-0.3106708601354931;-0.9649519978683256
-0.29768108187489345;-0.9703169446973596
-0.28461336493370293;-0.9755583965042586
-0.2714677236789375;-0.9806754809337759
-0.2582441686688957;-0.9856672911874805
-0.24494270532943002;-0.9905328869305015
-0.2315633337422769;-0.9952712943010411
-0.21810605271613778;-0.9998815024644779
-0.20457085873854722;-1.0043624642977547
-0.19095774650563105;-1.0087130957995918
-0.1772667103528986;-1.0129322742615727
-0.16349774457946853;-1.017018837968994
-0.14965084323441807;-1.0209715866452984
-0.135726001138019;-1.0247892801893497
-0.12172321451355833;-1.0284706379733826
-0.10764248381292377;-1.032014336106587
-0.09348381286980853;-1.0354190081042411
-0.07924720869309994;-1.0386832449631747
-0.06493268285022519;-1.0418055937627997
-0.05054025233355331;-1.044784556772403
-0.03606994338269636;-1.0476185882319737
-0.021521789311180636;-1.0503060958519361
-0.006895831053453354;-1.0528454401718224
0.00780788137670743;-1.0552349332016187
0.02258928756082837;-1.0574728372537083
0.03744831166136851;-1.0595573614675857
0.052384866387055626;-1.0614866639507774
0.06739885138825012;-1.0632588504361173
0.0824901517061538;-1.0648719729727
0.09765863563876874;-1.0663240283968682
0.11290414883051171;-1.06761295490476
0.12822652007110635;-1.0687366345113325
0.1436255583519777;-1.0696928911143648
0.1591010512520537;-1.0704794892267817
0.17465276143480324;-1.0710941320266507
0.1902804204136083;-1.071534458345391
0.20598373601516437;-1.071798044980366
0.2217623879193402;-1.0718824043728306
0.2376160259604263;-1.0717849833592208
0.2535442644012663;-1.0715031608203642
0.26954667658716214;-1.0710342454374266
0.28562280330098777;-1.0703754772985443
0.3017721468375618;-1.069524025491894
0.31799416914814116;-1.0684769868426591
0.33428828406818534;-1.0672313835947003
0.3506538536397222;-1.0657841618294883
0.36709019343519705;-1.0641321915058162
0.38359656678704457;-1.062272264504891
0.40017217929538085;-1.0602010933902517
0.41681617681806565;-1.0579153100486063
0.4335276452460608;-1.0554114642695258
0.4503056064931401;-1.052686022449585
0.46714900820411537;-1.049735366241631
0.48405672420362994;-1.0465557912225332
0.5010275547290165;-1.0431435055605625
0.5180602206648963;-1.039494628718966
0.5351533517040618;-1.035605191199183
0.5523054884174508;-1.031471132539966
0.5695150803477604;-1.0270882998151045
0.5867804795592266;-1.0224524467760587
0.6040999261381839;-1.0175592349130904
0.621471552711986;-1.0124042303810397
0.6388933804131145;-1.0069829027852606
0.656363311122118;-1.0012906249489353
0.6738791104215738;-0.9953226759135777
0.69143841465892;-0.9890742360321202
0.7090387243640167;-0.982540386537482
0.726677395288311;-0.975716110148499
0.7443516205989332;-0.9685962958019647
0.7620584355095938;-0.9611757333582708
0.7797947084104186;-0.9534491144534792
0.7975571283490145;-0.9454110363217165
0.8153422011442051;-0.9370559994757123
0.8331462422432457;-0.9283784077934227
0.8509653598925115;-0.9193725754906784
0.8687954501744817;-0.9100327256768332
0.8866321920178339;-0.9003529889313034
0.9044710304202699;-0.8903274116811625
0.9223071661515851;-0.8799499589707146
0.9401355524046923;-0.8692145107438307
0.9579508783492645;-0.8581148713181992
0.9757475533588975;-0.8466447786222521
0.9935197056346391;-0.8347978969422271
1.0112611657984614;-0.8225678277139212
1.0289654471591059;-0.8099481260145143
1.04662574407685;-0.7969322909964902
1.0642349163785916;-0.7835137770566128
1.0817854674655774;-0.7696860178458492
1.0992695401727957;-0.7554424170288183
1.11667890269464;-0.7407763580542169
1.1340049273037411;-0.72568123265704
1.1512385797633387;-0.7101504422924559
1.1683704061339375;-0.6941774081594646
1.1853905162053318;-0.6777555946853111
1.2022885705471837;-0.6608785125808505
1.219053763921492;-0.6435397471086309
1.235674810028825;-0.6257329769939375
1.2521399282844219;-0.6074519809470567
1.268436828599064;-0.588690678704322
1.2845526965364875;-0.569443138289622
1.300474179634387;-0.5497036024492377
1.3161873753679174;-0.5294665308876069
1.3316778145628152;-0.5087266042565586
1.3469304528258974;-0.48747877214200463
1.361929658687497;-0.4657182856768764
1.3766591976908582;-0.44344071208745456
1.3911022335478844;-0.42064199975583466
1.4052413111338211;-0.3973184965051496
1.419058350272553;-0.37346699152763635
1.4325346498690457;-0.34908476722594267
1.4456508774100505;-0.32416964257542413
1.4583870696285821;-0.2987200210809121
1.4707226386313084;-0.27273492613757566
1.4826363709532302;-0.24621406875315188
1.4941064369384434;-0.21915789770767982
1.5051104097304246;-0.19156764973802257
1.5156252684008933;-0.16344541316226086
1.525627420988387;-0.13479418542145633
1.5350927367868956;-0.10561793183433842
1.543996558984081;-0.07592165209253174
1.5523137443119657;-0.04571144113930963
1.560018709575391;-0.014994549568955372
1.5670854587827907;0.016220543317253665
1.5734876419212092;0.04792407080866827
1.5791986169788017;0.08010491908892661
1.5841914964396562;0.11275055062903923
1.588439226938926;0.1458469536886008
1.591914668378952;0.17937858596222095
1.5945906639757756;0.21332829967170377
1.5964401405305397;0.24767730641219687
1.5974362063642296;0.28240512758265296
1.5975522477548438;0.3174895288434714
1.5967620470690378;0.35290650806018925
1.5950399011176188;0.38863025729954637
1.5923607441985543;0.4246331159434824
1.588700279230596;0.4608855833509951
1.584035116236436;0.49735631200488944
1.5783429148392623;0.5340120991631023
1.5716025266691778;0.5708179041943894
1.5637941529909885;0.6077368701500193
1.5548994863247354;0.6447303847522942
1.544901874807912;0.6817581183879591
1.533786467621666;0.718778097346449
1.521540368473141;0.7557467873810668
1.5081527924741212;0.7926191864690173
1.4936151937066995;0.8293489471847701
1.4779214272668573;0.865888495382991
1.4610678556446925;0.902189179763145
1.4430534893408786;0.9382014278649853
1.4238800879445863;0.9738749164961901
1.403552252697459;1.0091587581458032
1.3820775268310679;1.0440017000483197
1.3594664339957467;1.0783523243465059
1.3357325572993244;1.1121592785243
1.3108925439636194;1.145371484417788
1.284966129709249;1.1779383821645477
1.2579761258547923;1.2098101595910349
1.2299483770496462;1.2409379795429891
1.2009117232453255;1.2712742373822858
1.1708979066219283;1.3007727589918145
1.1399414855605263;1.329389063786999
1.1080797108330078;1.3570805519954758
1.0753523848957338;1.3838067292501357
1.0418017055954294;1.4095294044987896
1.0074720910099284;1.4342128479674596
0.9724099776060301;1.4578239915062554
0.936663630316719;1.480332534395976
0.9002829017788231;1.5017111035843818
0.8633190220395976;1.521935338118887
0.8258243523459532;1.5409839778991303
0.7878521360819313;1.5588389336426136
0.7494562790802146;1.5754853081249285
0.7106910662850365;1.5909114305245338
0.6716109608229537;1.6051088378457576
0.6322703296597465;1.6180722517060409
0.592723232905892;1.6297995314458644
0.5530231988288337;1.6402916031057038
0.5132229934581709;1.6495523718774487
0.4733744525028334;1.6575886285203323
0.4335282569598832;1.6644099141356936
0.3937337925898954;1.6700284099939828
0.3540389727369569;1.6744587756638638
0.31449010441126796;1.6777180071646536
0.2751317693152897;1.6798252798067623
0.23600670464546092;1.6808017649589633
0.19715572599067058;1.6806704895509994
0.15861764366074677;1.6794561305701903
0.12042920898433795;1.6771848716338436
0.08262507294040189;1.6738842128635678
0.045237756852900664;1.6695828057553264
0.008297639128518292;1.6643102976044388
-0.028167039759663087;1.6580971498199213
-0.0641301753027147;1.6509745077017624
-0.09956776239172872;1.6429740285516898
-0.1344578742339187;1.6341277558046665
-0.1687806121448689;1.624467978312859
-0.20251805505629472;1.6140271027730746
-0.23565421108519638;1.6028375440904101
-0.26817493852248575;1.5909316064821741
-0.30006789650870197;1.5783413919937148
-0.3313224555654634;1.5650987033992354
-0.3619296343454563;1.5512349631634232
-0.39188201776320114;1.5367811390480521
-0.42117367406011724;1.5217676765823303
-0.44980008577408304;1.5062244400962692
-0.4777580552131768;1.4901806633115353
-0.505045638642051;1.4736649014881567
-0.5316620566007331;1.4567049980677789
-0.5576076215703134;1.4393280504000607
-0.5828836622090356;1.4215603848555496
-0.607492444840499;1.4034275400381515
-0.6314371050522508;1.384954247463435
-0.6547215803502268;1.3661644233543007
-0.6773505405256885;1.34708116319058
-0.6993293178144933;1.3277267407569167
-0.7206638572981507;1.3081226069669933
-0.7413606483966781;1.2882893968248637
-0.7614266731163789;1.2682469358241695
-0.7808693554793883;1.2480142492750843
-0.7996965074520088;1.2276095756372185
-0.8179162858069277;1.2070503789955747
-0.8355371465553865;1.1863533653311926
-0.8525678035256852;1.1655344994177554
-0.8690171909809656;1.1446090219899392
-0.8848944264039605;1.1235914697794447
-0.9002087779906809;1.102495694220694
-0.9149696335723392;1.0813348818195117
-0.9291864713774244;1.0601215755486981
-0.9428688343523773;1.0388676945356101
-0.9560263052194726;1.0175845564047967
-0.9686684844251879;0.9962828976020414
-0.9808049699586439;0.9749728936139832
-0.9924453384434604;0.9536641807382801
-1.0035991277428735;0.9323658782862698
-1.0142758218164407;0.9110866071134077
-1.0244848364578203;0.8898345106157269
-1.0342355083789847;0.8686172727340563
-1.0435370823950705;0.8474421389818451
-1.0523987011010623;0.8263159357074927
-1.0608293973082672;0.8052450866993758
-1.0688380861753506;0.7842356310843825
-1.0764335571056094;0.7632932423594528
-1.0836244683064555;0.7424232444566224
-1.090419342584616;0.7216306265183905
-1.0968265619074504;0.7009200603662784
-1.1028543639851713;0.6802959153341203
-1.1085108394793;0.6597622722453551
-1.1138039294907773;0.639322937849065
-1.11874142365951;0.6189814585486103
-1.1233309588173437;0.5987411332032648
-1.1275800180611988;0.5786050254810338
-1.1314959302748253;0.5585759761934839
-1.135085869993355;0.538656614719899
-1.1383568575687606;0.518849369706825
-1.1413157597299783;0.49915647993554496
-1.1439692903819072;0.4795800044264193
-1.1463240115683748;0.4601218319203091
-1.1483863347383327;0.44078369014005164
-1.1501625222513363;0.42156715473399153
-1.1516586889252403;0.4024736575733545
-1.1528808036884826;0.383504494610245
-1.1538346917374915;0.36466083391941084
-1.1545260365389267;0.34594372297435494
-1.1549603820382044;0.32735409573313634
-1.1551431344275251;0.3088927787037869
-1.1550795641547367;0.2905604969111553
-1.1547748091560182;0.27235788108103964
-1.1542338769504914;0.25428547296541765
-1.1534616471657346;0.23634373089097255
-1.1524628732298259;0.2185330342638106
-1.1512421850473065;0.20085368868498635
-1.1498040921228763;0.18330593120957228
-1.1481529857889403;0.16588993455251447
-1.1462931417546944;0.14860581136279102
-1.1442287217803095;0.13145361778254494
-1.1419637767013355;0.11443335758962224
-1.1395022491276654;0.09754498596490657
-1.1368479757256564;0.08078841284115916
-1.1340046896295815;0.06416350617652444
-1.1309760221585545;0.0476700948456017
-1.127765505808881;0.03130797179045975
-1.1243765765715166;0.015076896811021335
-1.1208125761577534;-0.0010234008106574898
-1.1170767541975914;-0.016993219796148915
-1.1131722699645705;-0.03283288451257797
-1.109102195137152;-0.048542742672094845
-1.104869515819732;-0.06412316319187222
-1.1004771346223625;-0.07957453416032245
-1.095927872622692;-0.09489726089946005
-1.0912244710966925;-0.11009176411681737
-1.0863695939155393;-0.12515847819302167
-1.0813658293459198;-0.14009784952916957
-1.0762156919437365;-0.15491033498899956
-1.070921624280778;-0.16959640038424406
-1.0654859986320322;-0.18415651903723795
-1.0599111190014212;-0.19859117052227054
-1.0541992227414945;-0.21290083937448864
-1.0483524822437127;-0.22708601389577976
-1.0423730064513936;-0.24114718495875054
-1.0362628424653895;-0.2550848449298311
-1.0300239772237623;-0.2688994866996411
-1.023658338966257;-0.28259160268462197
-1.0171677987191503;-0.2961616839041583
-1.0105541715522055;-0.3096102189785228
-1.0038192181449184;-0.3229376933983152
-0.9969646462243209;-0.33614458877448794
-0.98999211186012;-0.34923138205692567
-0.9829032207918617;-0.36219854483410274
-0.9756995297321657;-0.3750465426745989
-0.9683825475100498;-0.38777583440735436
-0.9609537355622159;-0.40038687097382614
-0.9534145100924746;-0.4128800955684682
-0.945766242999084;-0.42525594291727076
-0.9380102629122903;-0.4375148386866933
-0.9301478562950688;-0.4496571989864066
-0.9221802685226974;-0.4616834299016804
-0.9141087046726564;-0.4735939267817395
-0.9059343302744008;-0.48538907353458616
-0.8976582729499317;-0.49706924286827975
-0.8892816230838447;-0.5086347955938176
-0.8808054347435629;-0.5200860802229893
-0.8722307265874149;-0.5314234325942414
-0.8635584827497783;-0.542647175512551
-0.854789653415473;-0.5537576179854004
-0.8459251558187688;-0.5647550551158204
-0.8369658751997731;-0.575639767975465
-0.8279126654821011;-0.5864120231148761
-0.8187663500416287;-0.5970720722437739
-0.8095277224577253;-0.6076201519229706
-0.8001975472302948;-0.6180564832255468
-0.7907765603554399;-0.6283812711078718
-0.781265470181818;-0.6385947045013016
-0.7716649580622528;-0.6486969559574224
-0.7619756789933303;-0.6586881813073779
-0.7521982622609363;-0.6685685193765163
-0.7423333120718767;-0.678338091704804
-0.7323814081433361;-0.6879970021708999
-0.722343106256788;-0.6975453365406543
-0.7122189389402228;-0.7069831625154814
-0.7020094160067627;-0.7163105293193561
-0.6917150251151211;-0.725527467405571
-0.6813362323211789;-0.7346339881727623
-0.6708734826189049;-0.7436300836813967
-0.660327200466428;-0.7525157262245693
-0.6496977903084866;-0.7612908680817059
-0.63898563709202;-0.7699554413392532
-0.628191106767025;-0.778509357518379
-0.6173145467816565;-0.7869525072708484
-0.6063562865698024;-0.7952847600720934
-0.5953166380328251;-0.803505963899844
-0.5841958960283122;-0.8116159447801975
-0.572994338824207;-0.8196145066039245
-0.5617122285632831;-0.8275014307874743
-0.5503498117249315;-0.8352764759077719
-0.5389073195799352;-0.8429393773568219
-0.5273849686413915;-0.8504898469901674
-0.5157829611229632;-0.8579275727395028
-0.5041014854126825;-0.8652522181678264
-0.4923407164725352;-0.8724634222163508
-0.48050081629800995;-0.8795607987735775
-0.4685819343634059;-0.8865439362727535
-0.4565842080649464;-0.893412397285566
-0.4445077631641044;-0.9001657181066354
-0.4323527142770236;-0.9068034082615953
-0.4201191653157163;-0.9133249500785323
-0.4078072098808333;-0.9197297983236506
-0.39541693174730064;-0.926017379693114
-0.38294840532110747;-0.9321870923413365
-0.370401696099936;-0.938238305398022
-0.35777686113819834;-0.9441703584737268
-0.34507394951700165;-0.9499825611537521
-0.33229300291725955;-0.9556741923749646
-0.31943405621004783;-0.9612444997784761
-0.3064971376743088;-0.9666926994586563
-0.29348226962725366;-0.9720179752628151
-0.2803894689478452;-0.9772194782018016
-0.26721874760565567;-0.9822963258509733
-0.25397011320069696;-0.9872476017359748
-0.24064356951490637;-0.9920723547030482
-0.2272391171450046;-0.9967695982448451
-0.2137567543075859;-1.0013383097439204
-0.20019647706301763;-1.005777429947736
-0.18655828005972203;-1.0100858622163988
-0.17284215719534338;-1.0142624717945339
-0.1590481022749275;-1.0183060850739682
-0.14517610968857672;-1.0222154888379267
-0.1312261751095558;-1.0259894294863965
-0.11719829626005139;-1.0296266122367126
-0.10309247403359065;-1.0331257002639804
-0.08890871279042185;-1.0364853139251788
-0.07464702124938327;-1.0397040298935158
-0.06030741339324884;-1.0427803802737823
-0.045889909339963106;-1.0457128517043082
-0.03139453624518196;-1.0484998844373667
-0.016821329237443252;-1.0511398713976878
-0.0021703324075040137;-1.0536311572227652
0.012558399679403642;-1.0559720373783552
0.027364801402609995;-1.0581607570568785
0.04224879505956056;-1.0601955101342273
0.0572102895649076;-1.0620744381500338
0.07224917925043814;-1.0637956292355026
0.0873653426171414;-1.065357117017982
0.10255864103751079;-1.0667568795020195
0.11782891740421811;-1.0679928379274983
0.13317599416184916;-1.0690628558594706
0.14859967209453068;-1.0699647378851955
0.1640997292156921;-1.0706962282140473
0.17967591885107664;-1.0712550095917395
0.19532796794795096;-1.0716387020586842
0.21105557531317315;-1.071844861686256
0.22685840977738775;-1.0718709792909824
0.2427361082825082;-1.071714479126692
0.2586882733639293;-1.0713727179429349
0.2747144708116197;-1.0708429838284255
0.2908142285548194;-1.0701224940657892
0.30698703382711;-1.0692083941692074
0.32323233074862223;-1.0680977565246488
0.33954951781167253;-1.0667875790098749
0.3559379452583835;-1.065274783600428
0.37239691234628963;-1.063556214962294
0.38892566409240753;-1.0616286395013033
0.40552338743026867;-1.0594887449410513
0.4221892097420968;-1.0571331369957844
0.43892219492858464;-1.054558338734609
0.4557213399026864;-1.0517607892910528
0.4725855709949935;-1.0487368425069241
0.48951374020397664;-1.0454827655832988
0.5065046212854747;-1.0419947377407017
0.5235569054298957;-1.0382688493566998
0.5406691956681883;-1.0343011032010012
0.5578400043027346;-1.030087409611321
0.5750677477390038;-1.02562358626705
0.592350741407029;-1.0209053574514946
0.6096871946494578;-1.0159283530269685
0.6270752053916626;-1.0106881074629666
0.6445127545862619;-1.0051800589221596
0.6619977003631528;-0.9993995486520459
0.6795277710602032;-0.9933418239387386
0.6971005597592806;-0.9870020341487095
0.7147135176834152;-0.9803752303555079
0.732363947084642;-0.973456366017418
0.7500489940300286;-0.9662402970555493
0.7677656408829253;-0.9587217821110663
0.7855106988280685;-0.9508954829382665
0.8032808006912622;-0.942755964906154
0.821072391011333;-0.9342976981036283
0.83888171783896;-0.9255150583522341
0.8567048237475848;-0.9164023285388314
0.8745375364338259;-0.9069537002224919
0.8923754589605112;-0.8971632755242106
0.9102139600278008;-0.8870250739310277
0.9280481634392108;-0.8765330344246489
0.945872936865112;-0.8656810142680486
0.9636828808368331;-0.8544627954806148
0.9814723171242586;-0.8428720892546996
0.9992352767060529;-0.8309025408973746
1.0169654876633847;-0.8185477356109085
1.0346563664482442;-0.8058012080036121
1.0523010006997977;-0.792656445605954
1.0698921360824343;-0.7791068967374236
1.0874221633336714;-0.7651459796205238
1.1048831041803175;-0.7507670916795892
1.1222665968710595;-0.7359636196890484
1.1395638841199633;-0.7207289530443712
1.1567658040527904;-0.7050565006758951
1.1738627649187725;-0.6889396963355819
1.190844733728306;-0.6723720163264277
1.2077012212731477;-0.6553469957557105
1.224421266604145;-0.6378582458141387
1.2409934213399736;-0.6198994724206517
1.2574057423767975;-0.6014644991414547
1.2736457759689364;-0.5825472887954455
1.2897005366765655;-0.5631419649734205
1.3055564971867872;-0.5432428388527726
1.321199574934531;-0.5228444367059423
1.3366151190362443;-0.5019415276198745
1.3517878975205015;-0.48052915057329937
1.3667020863318053;-0.4586026534616844
1.3813412582014253;-0.43615772606705566
1.3956883725905784;-0.41319043704159397
1.409725768076008;-0.38969727319160363
1.4234351721343772;-0.365675179370603
1.436797681853062;-0.34112160405423164
1.4497937618571282;-0.316034545745271
1.462403247072774;-0.29041260163695437
1.4746053451993903;-0.2642550191774817
1.4863786445032205;-0.23756174175830733
1.4977011230556667;-0.21033346168020306
1.5085501587429306;-0.1825716834039644
1.518902546405308;-0.15427877778404522
1.5287345181316787;-0.1254580439411777
1.5380217680541441;-0.09611377460056257
1.5467394815091102;-0.06625131478843285
1.5548623697106645;-0.03587712963402784
1.5623647093907085;-0.0049988671442209864
1.5692203868137609;0.02637459328904316
1.5754029512216483;0.058233059566645644
1.580885672747298;0.09056496706682549
1.5856416046718147;0.12335731541497698
1.589643655589691;0.15659560579458337
1.5928646701040827;0.19026377946944187
1.5952775129848842;0.22434416276339947
1.5968551544241094;0.25881743349221925
1.5975707790978588;0.2936625512081156
1.5973978931148878;0.32885671721277626
1.596310429665324;0.36437534837659824
1.5942828723641336;0.4001920453545441
1.5912903910304956;0.43627856256436104
1.5873089715627542;0.4726047992445046
1.582315537059823;0.5091388090959232
1.5762881143827157;0.5458467933353717
1.5692059824481042;0.5826931215102991
1.5610498025887434;0.6196403700248215
1.5518017760065825;0.6566493665443337
1.5414458178516204;0.6936792445882966
1.5299677025746339;0.7306875185205641
1.5173551825551919;0.7676301668155331
1.503598176103383;0.8044617422239481
1.488688909815518;0.84113549235227
1.4726220280760596;0.877603478321141
1.4553947247927876;0.9138167263129668
1.4370068869370367;0.9497254081110038
1.417461192651677;0.9852790142355646
1.3967631793717505;1.020426510818714
1.374921332960905;1.055116560920608
1.3519471523710018;1.089297736645625
1.3278552070263345;1.122918749051877
1.3026631468833967;1.1559286760184155
1.2763917010683719;1.1882771713207567
1.2490646586771255;1.2199147056497976
1.2207088304903595;1.2507928135713908
1.191354003066303;1.2808643212999176
1.1610328384998239;1.3100835819653451
1.1297807736312546;1.3384066964443737
1.0976359008469885;1.365791720347499
1.0646388071154176;1.3921988792386926
1.0308324262225699;1.417590754603727
0.99626185048691;1.4419324593916318
0.9609741239012297;1.4651917967224113
0.9250180500583054;1.4873394016127304
0.8884439514888762;1.5083488557643936
0.8513034425144139;1.5281967883939334
0.8136492013455822;1.5468629584700935
0.7755347093551018;1.5643302953880578
0.7370140182838365;1.5805849441533273
0.6981415028454657;1.5956162686858064
0.658971614186106;1.609416830210092
0.6195586498646347;1.621982372555783
0.5799565212675643;1.6333117483558643
0.5402185335376114;1.6434068499783328
0.5003971760867696;1.6522725298008878
0.4605439305595248;1.6599164717642172
0.4207090817553385;1.6663490850314135
0.380941553456043;1.671583364574767
0.34128876195839775;1.6756347374427398
0.30179646743607286;1.6785209208866454
0.2625086687611032;1.680261750429969
0.22346749812857347;1.6808790143745858
0.18471312627795536;1.6803962875536174
0.1462837109227103;1.6788387542183751
0.10821533002760977;1.6762330370537135
0.07054194848899858;1.672607026839178
0.03329540315548618;1.6679897149162373
-0.003494619997863588;1.6624110247489021
-0.03980057025984145;1.6559016577995007
-0.07559701857256361;1.648492938622517
-0.1108606374513182;1.6402166634724877
-0.14557015504979165;1.6311049700787552
-0.17970631616694213;1.6211901981564572
-0.21325182853329108;1.6105047686495242
-0.24619130099593256;1.599081074033747
-0.27851118151188214;1.5869513624634592
-0.310199686248341;1.5741476488419854
-0.34124672637557235;1.5607016242593028
-0.37164383188346883;1.5466445699710085
-0.40138407479249333;1.5320072939579898
-0.43046198743441355;1.516820059552944
-0.4588734838534631;1.5011125319066967
-0.48661578250096227;1.484913734314047
-0.5136873207418418;1.468251996494563
-0.5400876787015424;1.451154922158166
-0.5658175062890158;1.4336493648260895
-0.5908784407467248;1.4157613986312207
-0.6152730360116074;1.397516301832129
-0.6390046958010358;1.3789385459791887
-0.6620775976274842;1.3600517839527912
-0.6844966297082958;1.3408788462874974
-0.7062673315931901;1.3214417413800106
-0.7273958273261939;1.3017616572798354
-0.7478887705935992;1.2818589671743894
-0.7677532932461009;1.2617532374333167
-0.7869969482902518;1.2414632390196474
-0.8056276634136758;1.221006959481134
-0.8236536974328964;1.2004016166023084
-0.8410835932333554;1.1796636761549348
-0.8579261391917593;1.15880886807663
-0.874190333099504;1.1378522037211356
-0.8898853442664052;1.116807997264979
-0.905020482185128;1.0956898843148721
-0.9196051673162717;1.0745108411923012
-0.9336489013792941;1.053283208001596
-0.9471612423968371;1.032018708318786
-0.960151781557985;1.010728469292263
-0.9726301205194015;0.9894230449204984
-0.9846058519669433;0.9681124358522044
-0.9960885417463533;0.9468061094055297
-1.0070877120150055;0.9255130220881239
-1.0176128264683846;0.9042416388242798
-1.0276732769333357;0.8829999522935289
-1.0372783713173013;0.861795504466401
-1.046437322676492;0.8406354040817963
-1.055159239475275;0.8195263444344199
-1.0634531171800792;0.7984746226284211
-1.0713278311850234;0.7774861602800418
-1.0787921294619112;0.7565665161216744
-1.0858546268938625;0.7357209035191647
-1.0925238013092757;0.7149542085193537
-1.0988079889068068;0.6942710044685142
-1.1047153801918705;0.6736755657708581
-1.1102540174630973;0.6531718829245686
-1.1154317937537406;0.6327636782313222
-1.1202564496671896;0.6124544170130858
-1.124735572223087;0.5922473206865209
-1.1288765948993027;0.5721453799244928
-1.1326867973098937;0.552151366569467
-1.1361733041630402;0.5322678440589806
-1.1393430858567546;0.5124971785904848
-1.142202960212835;0.4928415502255207
-1.1447595922260814;0.4733029621664451
-1.1470194950640284;0.45388325023527637
-1.1489890318519194;0.43458409219729877
-1.1506744176645025;0.4154070166701402
-1.152081720133565;0.3963534109683562
-1.1532168614902774;0.377424529138754
-1.1540856212665505;0.35862149967588536
-1.15469363778479;0.33994533259685183
-1.15504641004897;0.32139692625327043
-1.1551493003513071;0.30297707390668116
-1.1550075372216078;0.28468646999260416
-1.1546262163753014;0.26652571595024704
-1.1540103033005547;0.24849532588124526
-1.1531646353967941;0.23059573191070074
-1.1520939261651715;0.21282728928715822
-1.1508027681011967;0.19519028124005414
-1.149295632324884;0.1776849236100315
-1.147576872098566;0.1603113692597459
-1.1456507251056063;0.14306971227278642
-1.1435213178616206;0.12595999153219942
-1.1411926669303665;0.1089821947236215
-1.1386686804291106;0.09213626209664781
-1.1359531608876279;0.07542208978807888
-1.1330498076270634;0.05883953304028751
-1.1299622207919897;0.042388408639119884
-1.1266939019307038;0.02606849846415583
-1.1232482563062947;0.009879552246425904
-1.1196285953085383;-0.006178709856414523
-1.1158381388467644;-0.022106594884112873
-1.1118800184957969;-0.03790443529363761
-1.1077572782669851;-0.05357258590304825
-1.1034728770281284;-0.06911142195204634
-1.0990296905641024;-0.08452133707516933
-1.0944305139162014;-0.09980274165437339
-1.089678063739097;-0.11495606131568833
-1.0847749793692227;-0.12998173449020808
-1.0797238250259755;-0.1448802110248868
-1.0745270916327578;-0.15965195059399112
-1.0691871989983213;-0.1742974216410565
-1.063706497495074;-0.1888170998763401
-1.058087269472571;-0.20321146659194889
-1.0523317310928646;-0.2174810075595374
-1.0464420339712848;-0.23162621182107182
-1.0404202670963367;-0.24564757101091989
-1.034268458153164;-0.25954557790840627
-1.027988575003315;-0.2733207253307746
-1.0215825272344605;-0.28697350523411697
-1.015052167648839;-0.30050440784924526
-1.0083992939268398;-0.3139139212911304
-1.0016256496753844;-0.3272025300381478
-0.9947329258357698;-0.34037071424907045
-0.987722762008285;-0.3534189490175759
-0.9805967477076437;-0.36634770358825564
-0.9733564237143159;-0.3791574409132343
-0.9660032837252519;-0.3918486180303722
-0.9585387748603544;-0.4044216838149578
-0.9509642990103955;-0.4168770788372148
-0.9432812139888043;-0.42921523484619056
-0.9354908346157756;-0.4414365741819754
-0.9275944338410325;-0.45354150949336974
-0.919593243912851;-0.4655304437876474
-0.9114884571386722;-0.4774037688979606
-0.9032812269543199;-0.489161865373917
-0.894972668885203;-0.5008051020406629
-0.8865638614741757;-0.5123338355347397
-0.8780558472299766;-0.5237484101815738
-0.8694496335568197;-0.5350491579190607
-0.8607461935038919;-0.54623639708172
-0.851946466651508;-0.5573104323527835
-0.8430513599309408;-0.5682715543935811
-0.8340617484221212;-0.5791200394659566
-0.8249784761237631;-0.589856149354726
-0.8158023567085576;-0.600480131116716
-0.8065341742738846;-0.6109922162707933
-0.7971746840568724;-0.6213926206899124
-0.7877246131378152;-0.6316815442729989
-0.7781846611270756;-0.641859170615909
-0.7685555008152419;-0.6519256669584416
-0.7588377788314439;-0.6618811838208988
-0.7490321163021161;-0.6717258544407824
-0.7391391094654377;-0.6814597946106916
-0.7291593302832056;-0.6910831023728503
-0.7190933270394709;-0.7005958577138981
-0.708941624876561;-0.7099981224885292
-0.6987047263942396;-0.7192899399976388
-0.6883831122363121;-0.7284713345701516
-0.6779772416217825;-0.7375423113473116
-0.6674875528845247;-0.746502855978433
-0.6569144640021097;-0.7553529343181808
-0.6462583730732434;-0.7640924922927028
-0.6355196588617235;-0.7727214554552808
-0.6246986813087366;-0.7812397286340116
-0.613795782016033;-0.7896471956629736
-0.6028112847339385;-0.7979437190601478
-0.5917454958392753;-0.8061291397128203
-0.5805987047587899;-0.8142032767304328
-0.5693711844998112;-0.8221659268892096
-0.5580631921125171;-0.8300168642969068
-0.5466749691393091;-0.8377558400811516
-0.5352067420725591;-0.845382582026942
-0.5236587228096761;-0.8528967942043489
-0.5120311091060761;-0.8602981565858131
-0.5003240850019943;-0.8675863247531083
-0.4885378211619802;-0.8747609299453262
-0.47667247549150316;-0.8818215779626082
-0.4647281935345354;-0.8887678489520584
-0.4527051089054153;-0.8955992970440129
-0.44060334373474364;-0.9023154499230723
-0.4284230091167075;-0.9089158083872423
-0.4161642055583858;-0.9153998458946982
-0.4038270234460618;-0.921767008201229
-0.3914115435213282;-0.9280167130321796
-0.37891783729231276;-0.93414834924876
-0.3663459675184037;-0.9401612764964238
-0.3536959886812129;-0.9460548247049934
-0.3409679474599518;-0.9518282935663797
-0.32816188321300677;-0.9574809519979687
-0.3152778284662775;-0.9630120375912511
-0.3023158095529341;-0.9684207561426285
-0.2892758471144854;-0.9737062810695153
-0.2761579564175372;-0.9788677526801076
-0.26296214799653966;-0.9839042776408256
-0.24968842819674697;-0.9888149283528971
-0.2363367997284851;-0.9935987423123227
-0.22290726223348434;-0.9982547214529334
-0.209399812872561;-1.0027818314729686
-0.19581444735603787;-1.0071790011851303
-0.18215116021529254;-1.011445121774448
-0.16840994527861733;-1.0155790460558545
-0.1545907964939135;-1.0195795877446763
-0.1406937086073797;-1.0234455206925341
-0.12671867786135838;-1.0271755781038334
-0.11266570271206934;-1.030768451732474
-0.09853478464372858;-1.0342227910630029
-0.084325929760512;-1.0375372025173009
-0.07003914859601526;-1.0407102485304005
-0.05567445705013591;-1.0437404466722802
-0.04123187742757358;-1.0466262687527152
-0.026711439338220427;-1.0493661398941565
-0.012113180627376352;-1.0519584375824358
0.002562851663277501;-1.0544014906949355
0.01731660001446028;-1.0566935785439144
0.03214799429374053;-1.058832930004978
0.04705695243932957;-1.0608177222454476
0.06204337876835911;-1.0626460797376078
0.07710716266117004;-1.064316073193257
0.09224817732126572;-1.065825718458713
0.1074662784905804;-1.0671729753856483
0.12276130311878847;-1.0683557466774327
0.1381330671652018;-1.0693718769173
0.1535813632131547;-1.0702191516063853
0.16910596138990713;-1.0708952953309576
0.18470660669214184;-1.071397970796572
0.20038301725681296;-1.0717247775847458
0.2161348826147311;-1.0718732508740267
0.23196186187843898;-1.0718408601370262
0.2478635818625866;-1.071625007813204
0.26383963319387427;-1.0712230287641369
0.27988956863829206;-1.0706321887529398
0.29601290320562545;-1.0698496821298173
0.31220911052350275;-1.0688726310122891
0.3284776204438831;-1.0676980838961578
0.34481781655654936;-1.0663230142472524
0.3612290336072342;-1.0647443190740096
0.3777105547480343;-1.0629588175245719
0.3942616060366756;-1.0609632511188951
0.41088135531624737;-1.058754281164739
0.42756890986497553;-1.056328486856671
0.44432331219588345;-1.0536823644435827
0.46114353653624357;-1.0508123258847855
0.47802848515680624;-1.047714697511132
0.49497698476266544;-1.0443857190465153
0.5119877825521914;-1.0408215423540954
0.5290595417920341;-1.0370182296671995
0.5461908376831511;-1.0329717525816846
0.5633801529081783;-1.0286779908205637
0.58062587300614;-1.0241327310183996
0.5979262804862571;-1.0193316666717023
0.6152795475810122;-1.0142703993579811
0.6326837347857377;-1.0089444336783362
0.6501367837952372;-1.00334917794004
0.6676365115135106;-0.9974799435312109
0.6851806039440159;-0.9913319442433901
0.7027666096672125;-0.9849002962192743
0.7203919321140928;-0.9781800210807339
0.7380538239892274;-0.9711660413209541
0.7557493797908434;-0.9638531811151849
0.7734755281619566;-0.956236166897506
0.7912290240938114;-0.9483096276179633
0.809006440783814;-0.9400680953859303
0.8268041599797382;-0.9315060122009663
0.844618364210405;-0.922617726066026
0.8624450279028746;-0.9133974911680242
0.8802799075735316;-0.9038394711781097
0.8981185319989491;-0.8939377412001736
0.9159561920295408;-0.8836862899926443
0.933787929987109;-0.8730790276704764
0.9516085287296572;-0.8621097895528231
0.9694125003888315;-0.850772334786201
0.9871940746354365;-0.8390603537194812
1.0049471865716455;-0.8269674731281174
1.0226654655244003;-0.8144872620558291
1.040342222698137;-0.8016132381993283
1.0579704363499352;-0.7883388747960383
1.0755427391565202;-0.774657608267752
1.0930514043962845;-0.7605628464806496
1.1104883334279738;-0.7460479827354469
1.127845042308935;-0.731106409063718
1.145112644420511;-0.7157315194889962
1.1622818367724883;-0.6999167262627756
1.1793428847886525;-0.6836554735491048
1.1962856100487365;-0.6669412546303896
1.2130993778239811;-0.6497676303051263
1.2297730752177767;-0.6321282415790503
1.2462950984169767;-0.6140168306655304
1.2626533371686968;-0.5954272613602227
1.2788351641931683;-0.5763535438717585
1.2948274264806365;-0.5567898623197629
1.3106164187963907;-0.5367305930915045
1.326187874229789;-0.5161703350823347
1.3415269504459482;-0.49510393900812677
1.3566182228704422;-0.47352654028014207
1.3714456836269844;-0.451433595237146
1.38599271182884;-0.4288209117480124
1.4002420706677752;-0.4056846888110575
1.414175898818309;-0.3820215566672409
1.4277757092485108;-0.35782861874648497
1.4410224009743202;-0.33310349533217976
1.4538962375367461;-0.3078443715611047
1.466376854591668;-0.28205004640283776
1.4784432635691138;-0.25571998282172803
1.490073855797093;-0.22885435650429725
1.5012464132792454;-0.20145411739999328
1.5119381193882582;-0.17352104617208033
1.52212557810207;-0.14505781190624326
1.5317848531767317;-0.11606802403934524
1.5408914728292227;-0.086556305935239
1.5494204651897594;-0.05652835715327024
1.5573463953661966;-0.02599101685256635
1.5646434100566349;0.00504768477158643
1.5712852819254435;0.036578450227206794
1.5772454634168067;0.06859065195784542
1.5824971473017084;0.10107226937102191
1.5870133331082592;0.13400982453511368
1.5907669007146061;0.16738831852713718
1.5937306898666266;0.2011911811964452
1.5958775874045115;0.23540022124211593
1.5971806246557387;0.2699955618582542
1.5976130783522866;0.3049555999145994
1.5971485747169838;0.34025697191335885
1.5957612134297967;0.37587451032584207
1.5934256903457522;0.4117812174020468
1.5901174156844549;0.44794825704216623
1.5858126593074282;0.48434493669641226
1.5804886950907084;0.5209387058944357
1.574123932785058;0.5576951743293369
1.5666980695979098;0.5945781346419091
1.5581922549240872;0.6315495942002577
1.5485892340639325;0.6685698261986842
1.5378734872222322;0.7055974333437719
1.5260314088451201;0.7425894265187469
1.5130514520689577;0.7795013178387522
1.4989242504164888;0.8162872202442757
1.4836427855816452;0.8528999810029871
1.4672025224712726;0.8892913223788592
1.4496015119551269;0.9254119757180904
1.4308405165850093;0.961211860293848
1.4109231226790815;0.9966402764924528
1.3898558167839532;1.0316460799148346
1.3676480521925174;1.0661778756646632
1.3443123174902114;1.100184267591302
1.3198641682160523;1.1336140711124076
1.2943222418897202;1.1664165074433235
1.267708252537667;1.1985414610006802
1.2400469706668644;1.229939717221785
1.211366178028715;1.2605632056195437
1.181696591339581;1.2903652319940275
1.1510717817412766;1.3193006820863762
1.1195280538551886;1.347326258571446
1.0871043156224436;1.3744006942325653
1.0538419365701055;1.4004849536248323
1.019784559905484;1.4255424162113965
0.9849779303924902;1.4495390455542585
0.9494696851978711;1.47244354133119
0.913309133128183;1.4942274729085725
0.8765470454108515;1.5148653973483537
0.8392354039615638;1.5343349420182382
0.8014271690334633;1.5526168804792728
0.7631760367061536;1.5696951797664849
0.7245361853377082;1.5855570146890297
0.6855620412453919;1.6001927854283295
0.6463080329497825;1.6135960839072296
0.6068283567652528;1.6257636549899455
0.567176752092149;1.6366953462965315
0.5274062849611724;1.6463940100513705
0.4875691400569852;1.65486542178444
0.4477164315137403;1.6621181610077769
0.40789802701683325;1.6681634792407085
0.3681623769995881;1.673015174127956
0.32855637937803683;1.6766894274258664
0.28912524197458545;1.6792046536585938
0.24991236849187937;1.6805813376442376
0.2109592717895976;1.6808418607870705
0.17230547994116185;1.6800103342042423
0.13398848423322116;1.6781124244730343
0.09604368963171236;1.6751751812221745
0.058504374069200504;1.6712268665778724
0.021401683466662276;1.666296790486149
-0.01523538359664435;1.6604151439009855
-0.05137996374937236;1.6536128439506343
-0.08700730618605829;1.6459213844207639
-0.12209475030418691;1.6373726848442383
-0.15662167906578922;1.627998961933829
-0.19056947458417572;1.6178325956031232
-0.2239214638502776;1.606906007981462
-0.25666285500649866;1.5952515574261823
-0.2887806728289217;1.5829014267810044
-0.3202636873286445;1.5698875353164576
-0.35110233937094765;1.5562414514633396
-0.3812886635848127;1.5419943106856715
-0.4108162112308479;1.5271767529740874
-0.4396799684426262;1.5118188555278533
-0.4678762774330566;1.4959500810316104
-0.4954027570491094;1.4795992321792448
-0.5222582200412366;1.4627944074924402
-0.5484426004562281;1.4455629738817197
-0.5739568759249208;1.427931538154318
-0.5988029843445052;1.4099259180169093
-0.6229837613211078;1.3915711333892715
-0.6465028681307718;1.372891393181348
-0.6693647162830505;1.3539100852864283
-0.6915744109471209;1.3346497757779257
-0.7131376877431405;1.315132208809125
-0.7340608457082498;1.2953783092040445
-0.754350698354955;1.2754081893706681
-0.7740145196005905;1.2552411580701466
-0.7930599871457619;1.2348957328681305
-0.8114951401331092;1.21438965190678
-0.8293283342348462;1.1937398886705506
-0.8465681949065236;1.1729626704819163
-0.863223581760959;1.1520734939972965
-0.8793035520288491;1.1310871434774985
-0.8948173231887091;1.11001771282318
-0.9097742434726385;1.088878623346398
-0.9241837627603174;1.0676826437751585
-0.9380554034091245;1.0464419137180836
-0.951398736451463;1.0251679626909354
-0.9642233588634945;1.0038717305725866
-0.9765388714218378;0.9825635911097981
