-0.0;1.0
-0.013763758708822562;0.9999311796909328
-0.027527186633889592;0.9997247039368772
-0.041289927924808824;0.9993805316761946
-0.05505164479477798;0.9988985943082355
-0.06881199412150105;0.9982787945664997
-0.08257062979302501;0.9975210087728036
-0.09632720243587695;0.9966250845627935
-0.11008135986477399;0.9955908421323731
-0.12383274576703965;0.9944180731165506
-0.13758099840440652;0.9931065420211727
-0.15132575172937116;0.9916559802313435
-0.16506663278733175;0.990066097887136
-0.17880326353085849;0.9883365752258347
-0.19253525762533005;0.9864670635887094
-0.20626222162596777;0.9844571860660553
-0.21998375390716046;0.9823065373107023
-0.23369944285696348;0.980014683267267
-0.24740886835748213;0.977581161369444
-0.2611115969841411;0.9750054796873295
-0.27480718729942566;0.9722871179097512
-0.28849518731857776;0.969425526895146
-0.30217513344839586;0.9664201284937733
-0.3158465480104634;0.9632703149361942
-0.32950893600189024;0.9599754480026708
-0.34316178915769163;0.956534860290485
-0.35680458309715896;0.9529478544941373
-0.37043677627570476;0.9492137032042988
-0.3840578115887526;0.9453316488633141
-0.39766711654857395;0.9413009036484827
-0.4112640979652666;0.9371206490771893
-0.4248481431969842;0.93279003594451
-0.43841861937468585;0.9283081841574489
-0.45197487116959056;0.923674182096313
-0.4655162203550383;0.9188870865632706
-0.47904196624056783;0.9139459230163246
-0.4925513841035079;0.9088496851480129
-0.5060437242651692;0.9035973346888136
-0.5195182081964737;0.898187800854176
-0.5329740295963309;0.8926199803881256
-0.546410354603148;0.886892737502873
-0.5598263198533858;0.8810049035601347
-0.5732210312559036;0.8749552768581743
-0.5865935590074715;0.8687426222741307
-0.5999429402325502;0.8623656711998768
-0.613268178163792;0.8558231213446968
-0.6265682401635642;0.8491136364933446
-0.6398420559651407;0.8422358463400944
-0.6530885115732683;0.8351883466245514
-0.6663064537305919;0.8279696985329249
-0.6794946878302437;0.820578428554924
-0.6926519758917878;0.8130130283362483
-0.7057770339360139;0.8052719546959481
-0.718868525188729;0.7973536303275961
-0.7319250662175371;0.7892564423801739
-0.7449452234124622;0.780978742622027
-0.7579275109349122;0.7725188473640939
-0.7708703867375412;0.7638750379413112
-0.7837722457500425;0.7550455619406449
-0.7966314272764743;0.7460286306851409
-0.8094462100220622;0.7368224199769489
-0.8222148099849068;0.7274250700855959
-0.8349353744418992;0.7178346872117394
-0.847605976304618;0.7080493448140441
-0.8602246218231127;0.6980670799979638
-0.8727892443772135;0.6878858950514894
-0.8852977022330012;0.6775037575139731
-0.8977477708922577;0.666918602868965
-0.9101371391878681;0.6561283354267633
-0.9224634136142493;0.6451308252272615
-0.9347241125099073;0.6339239098501669
-0.9469166608851661;0.6225053966400506
-0.9590383879971978;0.6108730627881738
-0.9710865263334479;0.5990246543154768
-0.9830582076055572;0.5869578873813968
-0.9949504536291995;0.5746704532404548
-1.0067601759040887;0.5621600169006504
-1.018484175019068;0.549424215908477
-1.0301191352257841;0.5364606626889096
-1.0416616147097055;0.5232669512965216
-1.05310804608868;0.5098406545800377
-1.06445473398762;0.4961793240875146
-1.0756978493162177;0.48228049316405974
-1.0868334181623678;0.46814168633286296
-1.097857323641069;0.45376041415194124
-1.1087653019157089;0.43913417460417814
-1.119552935785702;0.42426045746856345
-1.1302156426596064;0.40913675676706074
-1.1407486773848625;0.3937605626434027
-1.151147126668901;0.37812936488311616
-1.1614059021858305;0.3622406586707771
-1.1715197289525825;0.3460919588843583
-1.18148314596344;0.3296807930900306
-1.1912904995147582;0.3130047074452561
-1.200935935323682;0.296061277149614
-1.210413394020745;0.27884810685260664
-1.2197166054221533;0.2613628349221626
-1.2288390790130037;0.2436031489776486
-1.2377740990831523;0.2255667876385528
-1.246514719853607;0.20725154230587306
-1.2550537568277345;0.18865527380110975
-1.2633837800887828;0.1697759206592811
-1.2714971094053154;0.15061149808974947
-1.279385806494653;0.13116011530797628
-1.2870416676917087;0.11141999227939486
-1.2944562185722306;0.09138945466072847
-1.3016207070228747;0.07106695217421781
-1.3085260969695902;0.05045108354923186
-1.3151630614318863;0.0295405897443136
-1.321521976479331;0.008334372143654865
-1.32759291763301;-0.01316847515051351
-1.333365651084245;-0.03496867035989667
-1.338829628051129;-0.05706672785300769
-1.3439739843148841;-0.07946292257763075
-1.3487875324971017;-0.10215728267753922
-1.3532587572778603;-0.12514957362833357
-1.3573758157957452;-0.1484392694997393
-1.3611265289674437;-0.17202554287228675
-1.3644983846837129;-0.19590723221804374
-1.3674785365844555;-0.22008281763532225
-1.370053797194053;-0.24455040779924148
-1.3722106497321516;-0.26930769781324576
-1.3739352403739657;-0.29435195461016733
-1.3752133827217432;-0.31967998752568083
-1.3760305728925954;-0.3452881070539762
-1.3763719784442414;-0.371172111870878
-1.3762224596480073;-0.39732724497476957
-1.3755665790652574;-0.42374816033247115
-1.3743885972255627;-0.45042890175899447
-1.372672511804479;-0.47736285096023207
-1.3704020546137394;-0.5045427027444281
-1.3675607112181545;-0.5319604274487496
-1.3641317547503828;-0.559607231427775
-1.3600982629045408;-0.5874735158013297
-1.3554431466620591;-0.6155488380472147
-1.3501491760334365;-0.643821886995259
-1.3441990190995894;-0.672280427483238
-1.3375752790841977;-0.70091126529067
-1.3302605392148934;-0.729700217700896
-1.3222374026520405;-0.7586320638669609
-1.3134885449495366;-0.7876905118010867
-1.3039967747120025;-0.8168581698199123
-1.2937450829042327;-0.8461165001772863
-1.282716710712909;-0.875445793118409
-1.2708952226907675;-0.9048251453644653
-1.2582645716470862;-0.93423241695616
-1.244809180702065;-0.9636442183095856
-1.2305140285527112;-0.9930358983767793
-1.2153647321163563;-1.0223815099983975
-1.1993476406554526;-1.0516538158694495
-1.1824499329076603;-1.080824289451593
-1.1646597177843778;-1.1098630955437414
-1.1459661361549234;-1.1387391207800508
-1.1263594692136505;-1.1674199910919192
-1.1058312550240879;-1.1958720753674499
-1.0843743911759682;-1.2240605451337307
-1.0619832528749877;-1.2519494133786204
-1.0386538200455913;-1.2795015689420404
-1.0143837759778493;-1.3066788638380429
-0.9891726233909253;-1.3334421891087729
-0.9630218046224375;-1.3597515518276206
-0.9359348066480127;-1.3855661728284805
-0.9079172759253205;-1.4108445968089067
-0.8789770971193379;-1.4355448249133238
-0.8491245037422114;-1.4596244420800275
-0.8183721527571628;-1.4830407617715478
-0.7867351996322856;-1.505750983791719
-0.7542313707350528;-1.5277123615410773
-0.7208809946058533;-1.548882376000211
-0.6867070632939256;-1.5692189269930923
-0.6517352305089008;-1.5886805167161149
-0.6159938336900608;-1.6072264585933742
-0.5795138756052425;-1.6248170745676358
-0.5423289896655972;-1.641413900319715
-0.5044754040933607;-1.656979905291581
-0.46599185535868304;-1.671479677209385
-0.426919516678243;-1.6848796549653906
-0.38730187892886403;-1.6971483004484262
-0.34718462698541086;-1.708256310236082
-0.30661549445327296;-1.7181767935900791
-0.2656440958520634;-1.7268854315264306
-0.22432174449690528;-1.7343606627820605
-0.18270126081601176;-1.740583789296862
-0.1408367481585952;-1.7455391384287313
-0.09878338255011293;-1.7492141416922222
-0.05659716684596668;-1.7515994337530205
-0.01433468795852924;-1.752688920672856
0.0279471176981623;-1.752479804748461
0.0701912452624827;-1.7509726279549553
0.11234083726753447;-1.7481712459113743
0.15433947260649317;-1.7440828159979842
0.1961313862918447;-1.7387177420563944
0.23766172081153727;-1.732089601472836
0.2788767687495661;-1.7242150553862738
0.3197241630023877;-1.715113736742456
0.3601531261907945;-1.7048081115380596
0.4001146222957893;-1.6933233456883459
0.43956156496269905;-1.6806871249928195
0.47844896039533424;-1.6669294933572263
0.5167340476285884;-1.6520826630902326
0.5543764334619898;-1.6361808086524634
0.5913381734342285;-1.6192598921487946
0.6275838738760466;-1.6013574220349986
0.6630807408389838;-1.5825122813876225
0.697798628291682;-1.5627644928038875
0.7317100630854327;-1.5421550249299316
0.764790248829974;-1.5207255953849774
0.7970170546254306;-1.4985184524599477
0.8283709948564645;-1.475576216133546
0.8588351760920852;-1.4519416626356367
0.8883952562269553;-1.4276575768465782
0.9170393661961441;-1.4027665741665085
0.94475803662267;-1.3773109496971851
0.971544117102223;-1.3513325445837967
0.9973926653791337;-1.3248726019575048
1.022300869210061;-1.2979716627406621
1.0462679157490296;-1.270669448077358
1.0692949005065466;-1.2430047698964655
1.0913847040198712;-1.2150154465813559
1.1125418760186627;-1.186738229440121
1.1327725318009725;-1.1582087424748386
1.1520842184263396;-1.1294614326343455
1.1704858210385594;-1.1005295247940747
1.1879874334106375;-1.0714449957894563
1.2046002591412996;-1.0422385460319252
1.220336501694045;-1.012939587444923
1.2352092576084421;-0.9835762375791962
1.2492324259936134;-0.9541753124828621
1.2624206030129164;-0.9247623422897107
1.2747890005121425;-0.8953615711893553
1.2863533538593;-0.8659959831543455
1.2971298432794067;-0.8366873167292816
1.3071350179319157;-0.8074560894296152
1.3163857225258737;-0.7783216303083307
1.324899030625012;-0.749302104529702
1.3326921853416591;-0.7204145463165772
1.339782539798746;-0.6916748954701982
1.346187500067825;-0.6630980376512725
1.3519244843515816;-0.6346978325822786
1.3570108716521567;-0.6064871599467933
1.361463963664087;-0.5784779549857577
1.3653009493441868;-0.5506812457677022
1.3685388690035378;-0.5231071957578185
1.3711945867414723;-0.49576513926697297
1.3732847631440703;-0.4686636213990337
1.374825831705039;-0.44181043606745585
1.3758339786741693;-0.415212661857484
1.376325124726448;-0.3888767001102189
1.3763149096588319;-0.3628083091625736
1.3758186792199647;-0.3370126390931188
1.3748514740322029;-0.3114942662170865
1.373428020388674;-0.28625722410788496
1.3715627232073513;-0.2613050363332807
1.3692696601370826;-0.23664074585951675
1.3665625771151595;-0.21226694327175305
1.363454885866489;-0.18818579550042752
1.3599596628812352;-0.16439907400804055
1.3560896480555522;-0.14090817868160072
1.3518572454946174;-0.11771416320223961
1.3472745252641867;-0.09481775602706913
1.342353225382766;-0.07221938493360533
1.3371047547919868;-0.04991919867121341
1.331540196997775;-0.02791708484058482
1.3256703142247201;-0.0062126889992184
1.31950555204729;0.015194565179078587
1.313056044431157;0.036305459709440435
1.306331619016185;0.05712096787089988
1.2993418029842063;0.07764223687725073
1.292095829012767;0.09787057386774291
1.2846026412323688;0.11780743295838642
1.2768709016795963;0.13745440208650067
1.2689089968291078;0.15681319078695613
1.2607250440284807;0.17588561904367128
1.252326898009165;0.19467360675117595
1.243722157749808;0.21317916345441915
1.2349181730816239;0.23140437902681787
1.2259220511112872;0.24935141511139858
1.2167406630618252;0.26702249665805705
1.2073806508582017;0.2844199042186148
1.197848433479414;0.30154596684220386
1.1881502134266264;0.31840305532682683
1.1782919831980043;0.33499357586878703
1.168279531417899;0.3513199642596846
1.15811844879239;0.36738468050035084
1.1478141345814934;0.3831902035630166
1.137371802495801;0.398739026681701
1.126796486648144;0.41403365291781746
1.1160930465491192;0.42907659129236886
1.1052661722395174;0.44387035313944917
1.0943203911283454;0.4584174481942822
1.083260072817496;0.47272038151620155
1.072089434406271;0.48678165048425887
1.0608125445080805;0.5006037421473883
1.0494333284221744;0.5141891306587523
1.0379555737519663;0.5275402748571262
1.026382934679298;0.5406596161736091
1.0147189365389804;0.5535495766720718
1.0029669792652414;0.5662125571538185
0.9911303422734445;0.5786509355839031
0.9792121888579801;0.5908670656297034
0.967215570006938;0.6028632752930486
0.9551434282771318;0.6146418656793144
0.9429986008824502;0.6262051096676798
0.9307838239668383;0.6375552511207621
0.918501736119309;0.6486945039893163
0.9061548817170726;0.6596250514973749
0.89374571418189;0.6703490454003558
0.8812765987615322;0.6808686050911701
0.8687498161160023;0.691185817362156
0.8561675652104297;0.7013027358617012
0.8435319661930295;0.7112213806713088
0.8308450631212592;0.7209437378912139
0.8181088264482831;0.7304717591625485
0.8053251559686265;0.7398073616908131
0.7924958832460443;0.7489524279670688
0.7796227740612268;0.75790880562072
0.7667075306989948;0.7666783072090494
0.7537517941582407;0.7752627100461219
0.7407571465305975;0.783663756375214
0.7277251130696872;0.7918831532763271
0.7146571642604712;0.7999225726936489
0.7015547177462556;0.8077836513572407
0.6884191402606918;0.8154679908556026
0.6752517495566023;0.8229771578385126
0.6620538161775872;0.8303126840701247
0.6488265652017486;0.837476066555118
0.6355711778475808;0.8444687674668356
0.6222887931705026;0.8512922144768649
0.6089805096668899;0.8579478009934155
0.5956473867811708;0.8644368862903999
0.5822904463911762;0.8707607957209325
0.568910674249526;0.8769208209506263
0.5555090213316525;0.8829182200473362
0.5420864049079458;0.888754216841305
0.5286437102081922;0.894430002308092
0.5151817915958713;0.8999467345299746
0.5017014737549643;0.9053055388276174
0.48820355287275274;0.9105075080047799
0.47468879778806844;0.9155537026045681
0.4611579510486283;0.9204451507979948
0.44761172993210724;0.9251828482541826
0.43405082763156644;0.929767759299868
0.4204759142072912;0.9342008167492643
0.4068876375676496;0.9384829221196179
0.3932866244236552;0.9426149458622823
0.3796734812167393;0.9465977275916434
0.3660487950325278;0.9504320758046296
0.35241313447192363;0.9541187683813849
0.3387670504994445;0.9576585530447338
0.32511107727932975;0.9610521473623018
0.3114457329853941;0.9643002389397276
0.2977715205898773;0.9674034856129783
0.2840889286426972;0.9703625155957016
0.27039843210687753;0.9731779273087386
0.2567004929974553;0.9758502899576614
0.24299556111716636;0.978380143628777
0.22928407477413187;0.9807679993894622
0.21556646147183575;0.9830143394367464
0.201843138584452;0.9851196172423775
0.18811451405469118;0.9870842575951677
0.17438098710730868;0.9889086565613011
0.1606429487726058;0.9905931819244714
0.1469007825649358;0.9921381731683454
0.1331548651084892;0.9935439415687544
0.1194055667504435;0.9948107702881622
0.10565325216522245;0.9959389144642438
0.09189828103237599;0.9969286011718705
0.07814100860402046;0.9977800295309396
0.06438178622735664;0.998493370864366
0.05062096196870381;0.999068768691282
0.03685888119280378;0.9995063387720088
0.023095887137686656;0.9998061691463334
0.009332321493303097;0.999968320156677
-0.004431474936252872;0.9999928243681372
-0.01819516175737338;0.9998796866868078
-0.03195839841191224;0.9996288843585381
-0.045720843588930145;0.9992403669449086
-0.05948215465375625;0.9987140563111097
-0.07324198707655272;0.9980498466065842
-0.0869999938338825;0.9972476042209787
-0.10075582476391777;0.9963071677027479
-0.11450912609440832;0.995228347789272
-0.12825953981760632;0.9940109273283464
-0.14200670309339575;0.9926546612142618
-0.1557502476519856;0.9911592763195534
-0.1694897991910237;0.9895244714194277
-0.18322497669050267;0.987749917081466
-0.1969553918039224;0.9858352555782411
-0.2106806483263815;0.9837801008234286
-0.2244003415030012;0.981584038246148
-0.238114057382112;0.9792466246778353
-0.2518213721587199;0.9767673882322716
-0.26552185150766006;0.9741458281789158
-0.27921504990590473;0.9713814148096945
-0.29290050980261084;0.9684735892717051
-0.30657776076102644;0.9654217633905254
-0.3202463191348379;0.9622253195951235
-0.33390568714652735;0.9588836107218308
-0.3475553521174248;0.9553959598452018
-0.3611947856877516;0.9517616601042422
-0.37482344301885906;0.9479799745227988
-0.38844076197694366;0.9440501358242838
-0.402046162224778;0.9399713462582313
-0.41563904412571434;0.9357427774614895
-0.4292187882539621;0.9313635701650959
-0.44278475435028264;0.926832834023162
-0.4563362803591109;0.92214964741243
-0.4698726814626941;0.9173130572226408
-0.48339324908860637;0.9123220786433899
-0.4968972498896505;0.9071756949477721
-0.5103839246544608;0.9018728572957422
-0.5238524868942005;0.8964124846984439
-0.5373021221475334;0.8907934635641166
-0.5507319867502735;0.8850146475220014
-0.5641412065829636;0.879074857238797
-0.5775288758381734;0.8729728802042243
-0.5908940557498047;0.8667074705175597
-0.6042357732831305;0.8602773486756349
-0.6175530197703103;0.8536812013779471
-0.630844749167054;0.8469176816999646
-0.6441098769351086;0.8399854085433957
-0.6573472785986726;0.8328829663955586
-0.6705557880925558;0.8256089052690568
-0.6837341961610959;0.8181617405397611
-0.6968812487046828;0.8105399527941053
-0.709995645072201;0.8027419876866101
-0.7230760362966123;0.7947662558103841
-0.7361210229676142;0.7866111331177009
-0.749129153484948;0.7782749605784964
-0.7620989223372435;0.7697560437002506
-0.7750287679129395;0.7610526527763558
-0.7879170704025875;0.7521630228754291
-0.8007621496306134;0.7430853538545664
-0.8135622628143404;0.73381781039816
-0.826315602247993;0.7243585220839723
-0.8390202927123187;0.7147055841013027
-0.8516743889025636;0.7048570576900868
-0.8642758732652264;0.6948109690609088
-0.8768226531388932;0.6845653102827696
-0.889312557998951;0.6741180396041541
-0.9017433366122843;0.663467081814498
-0.9141126540963457;0.6526103286578034
-0.926418088879772;0.6415456393013172
-0.9386571295095347;0.6302708414802667
-0.950827171293821;0.6187837334152296
-0.9629255131589122;0.6070820819832072
-0.9749493540958578;0.595163624513386
-0.9868957895653933;0.5830260698040476
-0.9987618077927081;0.5706670991382946
-1.0105442859408977;0.5580843673967294
-1.0222399861597695;0.5452755042720588
-1.0338455515817127;0.5322381161122689
-1.045357502522008;0.5189697902079292
-1.0567722315648227;0.5054680923994698
-1.0680859992488947;0.49173056993195274
-1.079294929525277;0.4777547538432929
-1.0903950050192577;0.4635381611398181
-1.1013820621471644;0.44907829714287506
-1.112251786084647;0.43437265801481384
-1.1229997056763787;0.419418733705347
-1.1336211895339572;0.4042140144376695
-1.1441114392888576;0.3887559907178057
-1.154465484031214;0.3730421569136673
-1.1646781749542805;0.3570700159837116
-1.1747441795641056;0.34083708378038435
-1.1846579757479312;0.3243408936776337
-1.1944138459579199;0.3075790012825504
-1.2040058716969737;0.2905489890616345
-1.2134279261363887;0.2732484730704716
-1.2226736680762502;0.25567510859359
-1.231736535456429;0.23782659650626872
-1.240609738696667;0.21970069009948165
-1.2492862539137704;0.20129520234370818
-1.2577588190501432;0.1826080171120733
-1.266019926602795;0.16363709709415447
-1.2740618138196027;0.14438048941897172
-1.281876457601348;0.12483633736259481
-1.289455567694979;0.10500289075268296
-1.2967905798660102;0.0848785170373748
-1.3038726495020159;0.06446171307768302
-1.3106926501388882;0.04375111797428337
-1.317241161625695;0.022745526012406495
-1.3235084641004617;0.0014439007626646377
-1.329484532868779;-0.020154609932522355
-1.3351590324754459;-0.04205065815775354
-1.3405213109650862;-0.0642446792107989
-1.3455603979287034;-0.08673687377954423
-1.3502650071207933;-0.10952718893679667
-1.3546235191082194;-0.13261529899916336
-1.358623982498998;-0.15600058450506102
-1.3622541113768039;-0.1796821102606552
-1.3655012828996165;-0.20365860223697344
-1.3683525355643618;-0.22792842326285281
-1.3707945767803753;-0.2524895501978961
-1.3728137826897402;-0.2773395470961669
-1.3743961937842928;-0.30247553542255307
-1.3755275224319794;-0.3278941663761975
-1.3761931582219988;-0.35359159077165553
-1.3763781736870244;-0.3795634289331991
-1.376067329888177;-0.4058047412831783
-1.3752450904572022;-0.4323099903067665
-1.373895631971967;-0.45907300733725864
-1.3720028575587333;-0.4860869567244639
-1.3695504138224985;-0.5133442995776615
-1.3665217222113075;-0.5408367672425359
-1.362899990199214;-0.5685553130923905
-1.358668236885358;-0.596490073767205
-1.353809323833211;-0.6246303314285014
-1.3483059873793788;-0.652964473495816
-1.342140871793705;-0.6814799602650958
-1.3352965678858888;-0.7101632874883945
-1.3277556582812866;-0.7389999410864947
-1.3195007631646243;-0.767974363347201
-1.3105145930663966;-0.7970699147981402
-1.3007800073269755;-0.8262688359209778
-1.2902800721893968;-0.8555522168053545
-1.278998128703711;-0.8848999626764376
-1.2669178616945258;-0.9142907664090639
-1.254023363881684;-0.9437020951556526
-1.2402992269178614;-0.973110155969242
-1.2257306234004581;-1.0024898814526326
-1.210303394404413;-1.0318149151978708
-1.194004144712793;-1.061057603487375
-1.176820344236373;-1.0901889929888644
-1.158740428439047;-1.1191788357099037
-1.139753887041737;-1.1479956119525707
-1.1198513932566083;-1.1766065379851143
-1.0990249138140364;-1.2049775965546001
-1.0772678098228812;-1.2330735778049877
-1.054574955239698;-1.260858126062686
-1.0309428643629206;-1.2882937953575393
-1.006369802159923;-1.315342118527113
-0.9808558765889965;-1.3419636862104405
-0.9544031774336184;-1.3681182391304443
-0.9270158840397766;-1.3937647720983017
-0.8987003481347691;-1.4188616418055462
-0.8694651951090726;-1.4433666952967703
-0.8393214327602578;-1.4672374164571012
-0.8082825248076101;-1.4904310721168408
-0.7763644379215924;-1.5129048491429928
-0.7435857290666046;-1.5346160540699143
-0.7099675897943891;-1.5555222943246554
-0.6755338650872589;-1.575581638587294
-0.6403110708566508;-1.5947528168274943
-0.6043284039514033;-1.612995450734528
-0.5676177197618725;-1.6302702514538339
-0.530213495122053;-1.6465391865416168
-0.49215277033598565;-1.6617657114066082
-0.45347507680974636;-1.6759149789215875
-0.4142223483388343;-1.688954059153677
-0.37443879530971197;-1.70085212962577
-0.3341707807060002;-1.7115806436613201
-0.29346666290798207;-1.7211135140872589
-0.25237661956031543;-1.72942729052522
-0.21095247655029342;-1.7365013166805923
-0.1692474886247542;-1.7423178617574517
-0.12731612804701825;-1.7468622398711455
-0.0852138664986008;-1.750122907440693
-0.042996918353596744;-1.7520915426928612
-0.0007220118253613642;-1.7527631092599882
0.041553866540095304;-1.7521358875247406
0.08377373250189005;-1.7502114814292073
0.1258808428199423;-1.746994820234924
0.16781895742561398;-1.7424941099311142
0.20953258245382467;-1.736720781293749
0.25096720295725056;-1.729689422459904
0.2920695177467192;-1.7214176585823355
0.33278765428385926;-1.7119260515511776
0.3730713707702174;-1.701237957251678
0.4128722429007452;-1.6893793631687757
0.4521438413133643;-1.6763787412926285
0.4908418763747858;-1.6622668517017456
0.5289243356246643;-1.6470765573307555
0.566351606392723;-1.630842636337952
0.6030865556606897;-1.6136015653133278
0.639094620523796;-1.5953913221102596
0.6743438590641764;-1.576251176559619
0.7088049784835148;-1.556221480005739
0.7424513719626794;-1.5353434631612508
0.7752591026946368;-1.5136590351898462
0.8072068918600679;-1.491210587880938
0.8382760975872975;-1.4680408054433969
0.8684506525691796;-1.4441924909057575
0.8977170175406255;-1.4197083885681288
0.9260641081121715;-1.3946310266103166
0.9534832084152048;-1.3690025727503505
0.9799678905622472;-1.3428646845574888
1.0055139114265033;-1.316258393938246
1.0301191105791545;-1.2892239898147444
1.053783305058128;-1.2618009074487488
1.0765081756616033;-1.2340276500870102
1.098297153412329;-1.2059416990318699
1.1191553051231335;-1.1775794475189203
1.1390892189093078;-1.1489761483042598
1.1581068859272996;-1.1201658563837857
1.1762175907441437;-1.0911813987214962
1.1934317988804475;-1.062054344013085
1.2097610446148044;-1.0328149778729636
1.2252178315708506;-1.0034922966454327
1.2398155246527116;-0.9741139976957016
1.2535682549908962;-0.9447064822994705
1.266490831729908;-0.9152948657487572
1.278598642462783;-0.8859029857619863
1.289907572557468;-0.8565534210056658
1.300433931905103;-0.8272675144279356
1.310194371053441;-0.7980653980984408
1.3192058143684589;-0.7689660213914848
1.3274853995317653;-0.7399871815523252
1.335050409036214;-0.7111455586829407
1.3419182169842254;-0.6824567498517176
1.3481062411766715;-0.653935304159978
1.3536318900922695;-0.6255947634770863
1.3585125217354097;-0.5974476991192167
1.3627654067180242;-0.5695057486152693
1.3664076888460126;-0.5417796584474744
1.3694563545686833;-0.5142793210697808
1.3719282057687816;-0.48701381155192663
1.3738398321236218;-0.4599914296010197
1.3752075894046631;-0.4332197353256925
1.376047580430403;-0.4067055843971457
1.3763756369901705;-0.3804551676423664
1.376207305430272;-0.3544740445164189
1.3755578343538257;-0.3287671758760994
1.3744421641446858;-0.30333896010495487
1.3728749183506963;-0.27819326371047787
1.3708703967805476;-0.25333345118532047
1.3684425708223087;-0.22876241718142049
1.3656050793556862;-0.20448261395426415
1.3623712260624379;-0.18049607806207174
1.3587539790328114;-0.15680445848806746
1.354765970114944;-0.13340904087922242
1.3504194954355166;-0.11031077107179668
1.3457265183088836;-0.08751027959739485
1.340698670665977;-0.06500790224802733
1.335347255629179;-0.042803700191832716
1.3296832520286548;-0.020897480490578622
1.3237173208477746;0.0007111829933322822
1.3174598066853156;0.022022935079741176
1.3109207434676857;0.043038621768328705
1.304109861848409;0.06375927330666938
1.2970365940993605;0.08418608967453753
1.2897100789103704;0.10432042706457642
1.2821391681936865;0.12416378424046927
1.2743324354613779;0.14371778920544415
1.26629817985828;0.16298418826765448
1.2580444329134248;0.18196483478453007
1.249578966310142;0.20066167853956357
1.2409092986280386;0.21907675591487957
1.232042700627892;0.2372121808443418
1.2229862022961178;0.25507013613115476
1.2137466007744375;0.2726528654835882
1.2043304656097154;0.2899626658625425
1.1947441451342817;0.30700188040062876
1.1849937733902869;0.32377289190839587
1.1750852769777218;0.340278116837484
1.1650243801568536;0.35651999929132194
1.1548166112235632;0.37250100572487355
1.1444673092298405;0.38822362029049085
1.1339816293474887;0.40369033998993187
1.1233645484020063;0.41890367027490955
1.11262087084636;0.4338661212596407
1.101755234828977;0.4485802043866994
1.0907721163873334;0.46304842826792486
1.0796758348671016;0.4772732956270718
1.0684705578033884;0.4912573002196319
1.0571603073085838;0.5050029251699585
1.0457489652676877;0.5185126407417562
1.0342402757607223;0.5317889003746826
1.0226378505013103;0.5448341391836498
1.0109451731482562;0.5576507719012205
0.9991656049777011;0.5702411925753714
0.9873023882197834;0.5826077720455738
0.9753586494873806;0.5947528557846139
0.9633374040424456;0.6066787628905084
0.9512415596122539;0.6183877848810503
0.9390739210843694;0.6298821860914896
0.9268371930629045;0.6411642011434021
0.9145339833591595;0.6522360340720613
0.902166806456535;0.6630998576607547
0.8897380868429635;0.6737578129250736
0.8772501626023939;0.6842120095218532
0.8647052878349161;0.6944645237299127
0.8521056357545012;0.7045173983034035
0.8394533015474098;0.7143726420432948
0.826750305233088;0.7240322298396156
0.8139985944546289;0.7334981028406087
0.80120004677673;0.7427721671075114
0.7883564722830556;0.7518562937844999
0.7754696159832152;0.7607523188839083
0.7625411601994101;0.7694620437124152
0.7495727268073883;0.777987234641942
0.736565879370324;0.7863296225773914
0.723522125271566;0.7944909031436587
0.7104429177528258;0.8024727366717649
0.6973296578658741;0.8102767487789039
0.6841836963940318;0.8179045299753479
0.6710063357000261;0.8253576356386186
0.6577988315081995;0.832637586197026
0.6445623946166085;0.8397458673054593
0.6312981924724571;0.8466839305072461
0.6180073509141324;0.8534531926200601
0.6046909557116348;0.8600550360108656
0.5913500540764045;0.8664908087713911
0.5779856561378075;0.8727618248217925
0.5645987362969972;0.8788693643462437
0.5511902343400766;0.8848146750691797
0.5377610571693656;0.8905989707340742
0.5243120799776426;0.8962234317804465
0.5108441474833244;0.9016892056033224
0.4973580751530167;0.9069974067149325
0.4838546502757991;0.9121491171762429
0.4703346328797362;0.9171453873243509
0.45679875724806185;0.9219872349796657
0.4432477328485126;0.926675645985854
0.4296822453701201;0.9312115744181109
0.41610295774668316;0.9355959427530428
0.40251051099608054;0.9398296423270336
0.38890552501724174;0.9439135338208215
0.37528859991115954;0.9478484467164051
0.3616603167259659;0.9516351797791488
0.3480212383380303;0.9552745012398356
0.3343719103192505;0.9587671489580695
0.3207128616056752;0.9621138308122128
0.3070446052559804;0.9653152249402451
0.293367639534896;0.9683719795257402
0.27968244855515445;0.9712847131308331
0.2659895030394298;0.9740540148442258
0.25228926106945837;0.97668044441874
0.2385821686431721;0.9791645326106002
0.22486866042091236;0.9815067812723557
0.21114916058948185;0.9837076632843673
0.19742408345451798;0.9857676227848247
0.18369383411506146;0.987687075282262
0.16995880912726008;0.9894664077605093
0.15621939698290424;0.9911059789319812
0.14247597884211644;0.9926061192485663
0.12872892925372054;0.9939671309081191
0.1149786167117473;0.9951892879921513
0.10122540427087157;0.9962728365369008
0.0874696501521759;0.9972179945992637
0.07371170820809168;0.9980249524291228
0.05995192862365106;0.9986938724295923
0.046190658538032295;0.9992248891731066
0.032428242593472136;0.9996181094679317
0.018665023519389347;0.9998736123844453
0.00490134270394639;0.999991449281535
-0.008862459376897558;0.9999716439364389
-0.022626042403635693;0.9998141924073503
-0.036389065642175984;0.9995190630339088
-0.05015118739710032;0.9990861964491967
-0.06391206442826715;0.9985155055555276
-0.0776713513638235;0.9978068754907315
-0.09142870010879736;0.9969601635847918
-0.1051837593275567;0.9959751993736463
-0.11893617419735722;0.9948517848375588
-0.13268558526512736;0.9935896938766506
-0.14643162799997966;0.9921886723713944
-0.1601739322300309;0.9906484381421926
-0.17391212152952332;0.9889686808644265
-0.18764581259780125;0.9871490619747237
-0.20137461462941061;0.985189214568379
-0.21509812872373868;0.9830887433801309
-0.22881594730700988;0.9808472247986056
-0.2425276533095656;0.9784642064335592
-0.2562328195670357;0.9759392071163243
-0.2699310081455017;0.9732717167722276
-0.2836217696499216;0.9704611962774762
-0.2973046425191131;0.9675070773080903
-0.3109791523065926;0.9644087621808733
-0.3246448108872154;0.9611656238498665
-0.33830111570859667;0.9577770057284856
-0.35194754910562875;0.954242221284937
-0.36558357746745895;0.9505605539891675
-0.3792086504317904;0.9467312571276539
-0.39282220006026725;0.9427535536113931
-0.4064236399941607;0.9386266357773074
-0.4200123645830973;0.9343496651888649
-0.43358774766940256;0.9299217727159288
-0.4471491419321979;0.9253420580939689
-0.4606958780660353;0.9206095896031314
-0.4742272636865297;0.9157234039616217
-0.48774258233216083;0.9106825061064558
-0.5012410924391695;0.9054858689697742
-0.5147220262887361;0.9001324332508384
-0.528184588867038;0.8946211072320955
-0.5416279561110275;0.8889507670731098
-0.555051274519359;0.883120255950884
-0.568453659878241;0.8771283839000632
-0.581834195895116;0.8709739276991592
-0.59519193292528;0.8646556306497284
-0.6085258866613428;0.8581722023551449
-0.6218350367845552;0.8515223184992178
-0.6351183253659637;0.8447046208253081
-0.64837465462644;0.8377177176864903
-0.6616028867424368;0.8305601826148596
-0.6748018418973559;0.8232305545175995
-0.6879702965908613;0.8157273375883728
-0.7011069819861592;0.808049001142242
-0.7142105822069236;0.8001939794573032
-0.7272797325826413;0.7921606716235177
-0.7403130172990801;0.7839474420484939
-0.7533089669028585;0.7755526210814743
-0.7662660579683895;0.7669745029898877
-0.7791827103664508;0.7582113467499974
-0.7920572851344645;0.7492613760573987
-0.8048880823118812;0.7401227793188605
-0.8176733387082751;0.7307937096633409
-0.8304112256025787;0.7212722849730648
-0.8430998452757749;0.7115565897293442
-0.8557372287638318;0.7016446747656283
-0.8683213345818512;0.6915345553336486
-0.880850045308759;0.6812242125714884
-0.8933211648344617;0.6707115937867039
-0.9057324155204667;0.6599946127785522
-0.9180814352720876;0.6490711502007734
-0.9303657744893764;0.6379390540427847
-0.9425828917533661;0.6265961430507097
-0.954730151400913;0.6150402052953476
-0.9668048205059466;0.6032689980156631
-0.9788040649920018;0.5912802494141906
-0.9907249459941081;0.5790716596391182
-1.0025644161021008;0.566640901858739
-1.0143193158656216;0.5539856235912225
-1.025986369868778;0.5411034480067911
-1.0375621821103955;0.527991975097437
-1.0490432320672902;0.5146487832916141
-1.0604258703658804;0.5010714310719888
-1.0717063143257333;0.48725745871067205
-1.0828806431683808;0.47320439168890605
-1.093944792870967;0.4589097459429399
-1.1048945520120774;0.4443710246309085
-1.1157255564585618;0.42958572283680296
-1.1264332841517373;0.4145513305855653
-1.1370130497663304;0.3992653358862562
-1.1474599994029757;0.3837252285235738
-1.157769106175974;0.36792850712997743
-1.1679351629930106;0.35187267873590355
-1.177952776980318;0.33555526382226347
-1.1878163636336252;0.31897380128294806
-1.19752014066175;0.3021258532155586
-1.2070581217776866;0.28500901022768366
-1.2164241128432034;0.2676209025578115
-1.2256117032987321;0.2499592014975419
-1.2346142590831586;0.23202162475885035
-1.243424916638097;0.2138059449096011
-1.252036576101256;0.19530999672734384
-1.2604418943714473;0.17653168498416988
-1.2686332810581396;0.15746899690971586
-1.2766028918963088;0.1381200117315388
-1.2843426188255556;0.11848290618119814
-1.2918440848316177;0.09855596735810676
-1.2990986372216866;0.07833760407279897
-1.306097341991734;0.057826358160027395
-1.312830977590204;0.037020916901659616
-1.3192900269729568;0.015920127312789703
-1.3254646718757885;-0.005476990248923258
-1.3313447864905685;-0.027171227278756423
-1.3369199355584864;-0.04916316844681144
-1.3421793713593688;-0.07145317297546765
-1.3471120215721568;-0.09404136178855821
-1.351706487738253;-0.11692759632612637
-1.3559510409963795;-0.14011145853052942
-1.3598336222789225;-0.16359222972155074
-1.363341843041907;-0.18736886838590677
-1.3664629750400723;-0.21143998706128364
-1.3691839523566907;-0.2358038278531716
-1.3714913708209564;-0.2604582368271149
-1.3733714940379143;-0.2854006376972953
-1.3748102625104341;-0.3106280044646117
-1.3757932829940973;-0.33613683099248787
-1.3763058386260805;-0.36192310098669733
-1.3763328950319598;-0.3879822562000491
-1.3758591141353769;-0.4143091658301288
-1.374868874595309;-0.44089809658248513
-1.373346265759077;-0.4677426704503346
-1.37127510858316;-0.49483583096695394
-1.3686389722570371;-0.5221698057009649
-1.3654211978965292;-0.5497360716220533
-1.3616049337185978;-0.5775253266846585
-1.3571731458426768;-0.6055274383444357
-1.3521086532203273;-0.6337314083942556
-1.3463941600801215;-0.6621253345331848
-1.3400122879051435;-0.6906963733691186
-1.3329456203250363;-0.7194306969662089
-1.3251767449481586;-0.7483134534605665
-1.3166883028442686;-0.7773287316797781
-1.3074630507589908;-0.8064595421568871
-1.2974839081490708;-0.8356877603588031
-1.2867340224644048;-0.8649940971483692
-1.2751968364018733;-0.8943580692751217
-1.2628561542312458;-0.9237579839850214
-1.2496962225209531;-0.9531709034079544
-1.235701810568134;-0.982572625408346
-1.22085829639593;-1.0119376682287224
-1.2051517582931686;-1.0412392575141647
-1.188569071766115;-1.0704493180734116
-1.1710980033977947;-1.0995384799761634
-1.1527273107595561;-1.1284760894353412
-1.133446859030384;-1.1572302139891946
-1.1132477266336764;-1.1857676687953704
-1.0921223094549433;-1.2140540502698336
-1.0700644467973204;-1.2420537736280173
-1.0470695360567948;-1.269730123828119
-1.0231346331173403;-1.2970453184650654
-0.9982585805217719;-1.3239605785190427
-0.9724421251360136;-1.350436212025852
-0.9456880141967368;-1.3764317062126705
-0.918001104551487;-1.4019058350285243
-0.8893884772490441;-1.4268167816808264
-0.8598595237746606;-1.4511222644506396
-0.8294260210688118;-1.4747796699173206
-0.7981022303760477;-1.4977462220109108
-0.7659049594100735;-1.519979142200357
-0.7328536022684587;-1.5414358015974916
-0.6989701967029854;-1.5620739275837219
-0.6642794506874654;-1.5818517969892747
-0.6288087467305045;-1.6007284049659183
-0.5925881384621166;-1.6186636835712533
-0.5556503277598503;-1.6356187239411266
-0.5180306242736494;-1.6515559620839544
-0.47976688504021164;-1.6664393751613247
-0.4408994234367494;-1.680234723420264
-0.40147090970131816;-1.6929097409802267
-0.36152626892481043;-1.7044343018006725
-0.3211125253244433;-1.714780624707483
-0.2802786462554514;-1.7239234540217516
-0.23907536275022354;-1.731840229606241
-0.19755497131637995;-1.7385112298925374
-0.15577114907418046;-1.7439196893005875
-0.11377871660847019;-1.7480519188795707
-0.07163340736618531;-1.7508974022638697
-0.029391634456585623;-1.7524488755130685
0.012889769012448468;-1.7527023648241198
0.05515378863322608;-1.7516572222378393
0.09734348726049957;-1.7493161256856775
0.13940226212465084;-1.7456850572911657
0.18127408345611637;-1.740773275863742
0.2229037466983972;-1.7345932357670835
0.264237105089413;-1.7271605117410782
0.3052212936478801;-1.7184936946082765
0.34580494270336093;-1.7086142538111844
0.38593837780846835;-1.697546413920041
0.42557379879183416;-1.6853169829732135
0.4646654465932938;-1.6719551833048372
0.5031697555580172;-1.6574924788639245
0.5410454708607727;-1.6419623685787044
0.5782537689761673;-1.6254001983391084
0.6147583406116642;-1.6078429532504053
0.6505254554394322;-1.5893290474729747
0.6855240262876067;-1.5698981219860433
0.7197256233428491;-1.549590834008893
0.7531044964942738;-1.5284486536957982
0.7856375720827895;-1.5065136656690303
0.8173044209587794;-1.4838283775116976
0.8480872363981583;-1.460435529545931
0.8779707737484791;-1.4363779232943161
0.9069422891634491;-1.4116982528830178
0.9349914722910585;-1.3864389431304225
0.9621103535059363;-1.3606420133939834
0.9882932182621408;-1.3343489336057728
1.0135365062677426;-1.3076005061414693
1.0378387052832396;-1.280436758167331
1.0612002443267576;-1.2528968326958667
1.083623380372837;-1.2250189119860788
1.1051120836704105;-1.1968401352575648
1.125671922721255;-1.1683965327128027
1.1453099504264137;-1.1397229772485427
1.1640345862101342;-1.1108531319775519
1.1818555064970155;-1.0818194209540037
1.1987835332426657;-1.0526530022933203
1.2148305232931267;-1.0233837470426432
1.2300092692432505;-0.9940402339490226
1.2443333937240368;-0.96464974305456
1.2578172552550804;-0.935238260165147
1.2704758572417947;-0.9058304867562659
1.2823247550757648;-0.8764498528572605
1.2933799812661186;-0.8471185375301623
1.3036579658217107;-0.8178574914972123
1.3131754518015222;-0.7886864626544875
1.3219494395989488;-0.7596240258148346
1.3299971208887604;-0.7306876143537607
1.3373358117159062;-0.7018935564541549
1.3439829062541557;-0.6732571077097623
1.3499558256103072;-0.6447924881971888
1.3552719651154128;-0.6165129239735445
1.359948658793676;-0.5884306814365298
1.3640031407728748;-0.5605571062007304
1.3674525067952683;-0.5329026664522749
1.3703136868822325;-0.5054769873601447
1.3726034176784259;-0.47828888942082715
1.3743382155048032;-0.4513464308984199
1.3755343566447966;-0.42465694130157605
1.3762078585224269;-0.39822705764191674
1.376374462421408;-0.3720627642266656
1.3760496200696668;-0.34616942437240883
1.375248481850469;-0.3205518136971957
1.373985886995675;-0.2952141562494806
1.3722763555124813;-0.27016015389176384
1.3701340818171592;-0.24539301621092235
1.3675729306365076;-0.22091549254948115
