1.175570504584946;-1.618033988749895
1.189199899520253;-1.6080271545600813
1.202728143583892;-1.5978848353396475
1.2161534658925623;-1.5876083878833243
1.229474134143442;-1.5771991875946112
1.2426884396018636;-1.566658639272212
1.2557946983109987;-1.5559881762349905
1.2687912513807922;-1.5451892600868675
1.2816764657413766;-1.5342633800507353
1.294448735085401;-1.5232120517313812
1.3071064805836194;-1.5120368163992826
1.3196481511988645;-1.5007392411969884
1.3320722245243533;-1.489320918141005
1.3443772063563117;-1.4777834634379632
1.3565616308964057;-1.4661285168354514
1.3686240629252415;-1.4543577410812962
1.3805630976716543;-1.4424728212560651
1.3923773605912473;-1.4304754637801957
1.404065507423495;-1.4183673955495861
1.4156262260121548;-1.4061503638880344
1.4270582362289332;-1.3938261356210147
1.4383602897993426;-1.3813964960484306
1.4495311702058322;-1.3688632479594618
1.4605696943744169;-1.3562282116265778
1.4714747125665968;-1.34349322381423
1.4822451081480237;-1.3306601368221227
1.492879797269216;-1.3177308174957871
1.5033777306055196;-1.3047071470313316
1.5137378931379457;-1.2915910200246294
1.523959303584065;-1.278384343510506
1.5340410138261693;-1.265089036003202
1.5439821115747705;-1.2517070273231319
1.5537817196410892;-1.2382402575995117
1.5634389961733888;-1.2246906765072374
1.5729531348135053;-1.2110602424953822
1.5823233606145368;-1.1973509213936067
1.591548933750345;-1.183564686162089
1.6006291510691493;-1.1697035163250535
1.609563344840994;-1.155769396992478
1.6183508829091997;-1.1417643180878467
1.6269911678541615;-1.1276902736083705
1.6354836332685234;-1.1135492609801698
1.643827749818131;-1.0993432800917584
1.652023023598661;-1.085074332580799
1.6600689957827897;-1.0707444210784343
1.6679652426578007;-1.056355548440783
1.6757113728253872;-1.0419097175572485
1.6833070272159314;-1.0274089305867564
1.6907518829878598;-1.0128551874043108
1.6980456514181739;-0.9982504852689051
1.7051880778277781;-0.98359681807784
1.7121789411997057;-0.968896175741742
1.7190180501752728;-0.9541505449791076
1.725705247256653;-0.9393619068946693
1.7322404085106187;-0.9245322363208993
1.7386234425912919;-0.9096635014264003
1.7448542905659716;-0.8947576630095629
1.7509329241606544;-0.879816674741808
1.7568593447788972;-0.8648424829461384
1.762633585253452;-0.8498370247336032
1.7682557101354437;-0.8348022270185337
1.7737258144450587;-0.8197400064582369
1.7790440234198608;-0.8046522687999955
1.7842104898847009;-0.7895409102822286
1.7892253953432058;-0.7744078158105611
1.7940889509154343;-0.7592548572627863
1.7988013959302167;-0.7440838938193566
1.8033629974697543;-0.7288967714654961
1.8077740498884278;-0.7136953225113979
1.8120348744575816;-0.69848136551522
1.8161458190100739;-0.6832567052889535
1.8201072569664758;-0.6680231314203023
1.8239195869462026;-0.6527824183607609
1.827583232182894;-0.6375363251009589
1.831098639908118;-0.6222865948491614
1.8344662812553305;-0.6070349545123943
1.8376866541654349;-0.5917831129846631
1.8407602781683545;-0.5765327627059128
1.8436876947632779;-0.5612855789861212
1.8464694673641842;-0.5460432195151592
1.8491061807404032;-0.5308073240865987
1.8515984404727506;-0.5155795143313064
1.8539468739186955;-0.5003613931200672
1.8561521285896116;-0.4851545445700291
1.8582148709574775;-0.46996053396650234
1.8601357864857584;-0.4547809074187804
1.8619155790939277;-0.4396171916585286
1.8635549706165668;-0.42447089385274966
1.8650547006644194;-0.40934350137829034
1.866415526424267;-0.3942364816181846
1.867638221139202;-0.379151281943676
1.8687235740228811;-0.3640893295234146
1.8696723897476766;-0.3490520312020029
1.8704854879190906;-0.3340407733942026
1.8711637026670358;-0.3190569219549586
1.8717078827655724;-0.304101821892848
1.8721188902309083;-0.28917679758641474
1.872397600026914;-0.2742831526576704
1.8725448996430394;-0.25942216990004763
1.8725616885924141;-0.2445951112454325
1.8724488779030177;-0.22980321774804896
1.8722073902770247;-0.2150477092499749
1.8718381589820603;-0.20032978468972967
1.8713421273581405;-0.18565062211855798
1.870720248468628;-0.17101137865861324
1.8699734846332703;-0.15641319053310163
1.8691028069623297;-0.14185717310929535
1.8681091951857922;-0.12734442071187801
1.86699363732851;-0.11287600657743849
1.8657571286490364;-0.09845298343078239
1.8644006715064787;-0.08407638330950604
1.862925274937466;-0.0697472176421517
1.8613319542345923;-0.05546647733957523
1.8596217305312004;-0.04123513289562238
1.8577956303929648;-0.027054134496845367
1.8558546856696958;-0.012924411763187246
1.853799933118436;0.0011531261497283174
1.851632413639681;0.015177589850056142
1.84935317212829;0.029148109906376632
1.8469632571272445;0.04306383672861288
1.84446372049237;0.056923940443632345
1.8418556170692058;0.07072761076687425
1.8391400043824242;0.08447405687035998
1.8363179415431898;0.09816250699713865
1.8333904891816628;0.1117922083913818
1.8303587099929801;0.1253624274147475
1.8272236679207696;0.1388724492271299
1.8239864278619298;0.15232157762510393
1.8206480553818167;0.1657091348774551
1.8172096164401483;0.1790344615581198
1.8136721771244226;0.19229691637574203
1.8100368026737128;0.2054958757708314
1.806304557619069;0.21863073386452714
1.8024765060414223;0.2317009024398206
1.7985537109490994;0.2447058106364759
1.794537234028347;0.25764490476054036
1.7904281354021718;0.2705176480920946
1.7862274733976045;0.28332352069150385
1.7819363043162215;0.2960620192022756
1.7775556818642546;0.3087326565100443
1.773086657200039;0.3213349616499973
1.7685302788814035;0.33386847966926464
1.763887592514858;0.3463327713633736
1.7591596405547978;0.35872741307047845
1.754347462109834;0.37105199646509335
1.7494520927562718;0.38330612835154837
1.7444745643535176;0.3954894304537976
1.7394159046968292;0.40760153908853974
1.734277137505241;0.4196421050644148
1.729059282300041;0.4316107935015514
1.7237633541880153;0.4435072835814658
1.718390363708396;0.4553312683368802
1.7129413166861247;0.46708245444218927
1.7074172140914088;0.47876056200477146
1.701819051898114;0.49036532435054125
1.6961478208078258;0.5018964876820646
1.6904045062772137;0.5133538110100403
1.6845900884085319;0.524737065955464
1.6787055417932528;0.5360460365050767
1.6727518354008453;0.5472805188045279
1.6667299324728957;0.5584403209530496
1.6606407904225169;0.569525262799805
1.6544853607323209;0.5805351757304444
1.648264588777421;0.5914699023158149
1.6419794138383803;0.6023292962853829
1.635630769012351;0.6131132223165057
1.629219581114628;0.6238215558007587
1.6227467706038943;0.6344541826456511
1.6162132515118988;0.6450109990783883
1.6096199313774882;0.6554919114518098
1.602967711179841;0.6658968360377538
1.5962574852351317;0.6762256987032651
1.5894901411994706;0.6864784348890274
1.582666560009237;0.6966549893949788
1.5757876158250443;0.7067553161677815
1.568854175987599;0.7167793781147256
1.561867100977108;0.7267271469199599
1.5548272443761522;0.7365986028631453
1.547735452833331;0.7463937346108972
1.5405925660259514;0.7561125389623522
1.533399416644891;0.7657550208144465
1.5261568303656365;0.7753211929364092
1.5188656258260906;0.7848110757900135
1.5115266146078243;0.7942246973587489
1.5041406012201226;0.803562092979512
1.4967083830867258;0.8128233051768864
1.4892307505389601;0.8220083834428564
1.4817084868088826;0.8311173840571439
1.4741423680166588;0.840150370034551
1.466533163171081;0.8491074109114606
1.4588816341688435;0.8579885825881092
1.451188535795979;0.8667939671738415
1.443454615731393;0.8755236528348772
1.4356806145527308;0.8841777336436116
1.4278672657648315;0.8927563093636559
1.4200152957942547;0.9012594853532495
1.4121254239918342;0.9096873724510453
1.4041983626549237;0.9180400868062812
1.396234817042994;0.9263177497383372
1.388235485394836;0.9345204875987055
1.3802010589472944;0.9426484316354059
1.3721322219585044;0.950701717853663
1.3640296517603427;0.9586804868226448
1.355894018744383;0.9665848836220573
1.3477259863917015;0.9744150577048589
1.339526211305525;0.9821711627590414
1.3312953432391705;0.9898533565836526
1.3230340251251027;0.9974618009671008
1.314742893105033;1.0049966615677577
1.306422576570729;1.012458107784033
1.2980736982245122;1.0198463126019992
1.2896968740632748;1.0271614525472113
1.2812927134306045;1.034403707550094
1.2728618190554475;1.0415732608323098
1.264404787089015;1.0486702987985856
1.255922207142417;1.0556950109306442
1.2474146623249471;1.0626475896832506
1.2388827293029612;1.0695282303635343
1.2303269783486748;1.0763371310224064
1.2217479733398613;1.0830744923947395
1.2131462718219592;1.089740517783275
1.204522425050952;1.096335412963046
1.1958769780364213;1.1028593860879923
1.1872104695850128;1.1093126475994817
1.178523432344604;1.115695410136498
1.1698163928800691;1.122007888426952
1.161089871697024;1.1282502992155514
1.1523443832712241;1.1344228611899165
1.1435804361084854;1.1405257948883925
1.1347985327914045;1.1465593226185211
1.1259991700262837;1.1525236683772384
1.117182838690218;1.1584190577727733
1.1083500238837765;1.1642457179457961
1.099501205035448;1.1700038774691988
1.0906368558684574;1.1756937663108902
1.0817574444605198;1.181315615756802
1.072863433305442;1.1868696583346696
1.0639552793612814;1.1923561277453676
1.0550334340984149;1.1977752587958133
1.046098343547457;1.2031272873334307
1.0371504483469955;1.2084124501821505
1.0281901837910863;1.2136309850799403
1.0192179798764724;1.2187831306178416
1.0102342613589037;1.2238691261770274
1.0012394480164377;1.2288892117908738
0.9922339544425174;1.2338436281817462
0.9832181900775567;1.2387326167111068
0.9741925593294302;1.243556419298089
0.9651574616223649;1.2483152783656866
0.9561132914455359;1.2530094367882347
0.9470604384013436;1.2576391378401588
0.9379992872533228;1.262204625145979
0.9289302179736636;1.2667061426315425
0.9198536057902913;1.2711439344764726
0.9107698212359466;1.2755182450674005
0.9016792303874646;1.279829318920545
0.892582194739263;1.2840774006664084
0.8834790711621342;1.2882627350212787
0.8743702120432375;1.292385566729506
0.8652559653339871;1.2964461405221424
0.8561366745975536;1.3004447010766162
0.847012679055964;1.3043814929774136
0.8378843136367617;1.3082567606777524
0.8287519090192125;1.312070748462225
0.8196157916800185;1.315823700410389
0.8104762839385435;1.3195158603612898
0.8013337041349016;1.3231474718824352
0.7921883666088083;1.3267187782343761
0.7830405816017262;1.3302300223341321
0.7738906553998055;1.3336814467258786
0.7647388903795381;1.3370732935498941
0.7555855850529979;1.3404058045123166
0.7464310341126354;1.3436792208556936
0.7372755284756237;1.346893783330301
0.7281193553277234;1.3500497321662162
0.7189627981666619;1.353147307046119
0.7098061368449956;1.356186747078805
0.7006496476920361;1.3591682907914937
0.6914936035668355;1.3620921761072504
0.6823382737373114;1.3649586402836231
0.6731839240118479;1.3677679199094888
0.6640308167830212;1.3705202508826497
0.6548792110698513;1.3732158683878233
0.6457293625596201;1.3758550068752475
0.6365815236492425;1.3784379000398783
0.6274359434861715;1.380964780801165
0.6182928680088381;1.38343588128338
0.6091525399866013;1.385851432796489
0.6000151991020974;1.388211665836995
0.5908810820344333;1.3905168100898977
0.5817504223539308;1.3927670943458774
0.5726234506281753;1.3949627465150423
0.5635003944646293;1.397103993612584
0.5543814785494885;1.3991910617434107
0.5452669246861248;1.4012241760872473
0.5361569518330948;1.4032035608841928
0.5270517761417203;1.4051294394207159
0.5179516109932213;1.4070020340160692
0.5088566670354063;1.408821566009109
0.49976715224135493;1.4105882557602292
0.49068327199839806;1.412302322673827
0.4816052290265925;1.4139639851096322
0.47253322345999865;1.415573460401435
0.4634674528881528;1.4171309648503563
0.4544081123914415;1.418636713714739
0.44535539457608;1.4200909212003983
0.43630948960870297;1.4214938004512132
0.4272705852505521;1.422845563540049
0.4182388668912687;1.4241464214599902
0.4092145175822758;1.4253965841158764
0.4001977180799642;1.4265962603257134
0.391188646924794;1.4277456578564927
0.3821874803917147;1.4288449833397365
0.3731943925473583;1.4298944422880082
0.36420955528941545;1.4308942390953117
0.3552331383785741;1.431844577031105
0.34626530947009726;1.4327456582345863
0.33730623414505084;1.4335976837092335
0.32835607594116817;1.4344008533175863
0.3194149963833616;1.435155365776263
0.3104831550138687;1.4358614186511935
0.3015607094283134;1.4365192083612517
0.29264781535666634;1.4371289302412162
0.2837446266088231;1.4376907784285256
0.2748512951215075;1.4382049458830508
0.26596797099897923;1.4386716243994055
0.25709480254147027;1.4390910046038559
0.2482319362732858;1.4394632759514008
0.23937951697055654;1.4397886267230071
0.23053768768865412;1.4400672440229898
0.22170658978925695;1.440299313776526
0.2128863629670779;1.4404850207272921
0.20407714527624146;1.44062454843521
0.19527907315632168;1.440718079274294
0.18649228145802832;1.4407657944305847
0.1777169034685509;1.440767873900161
0.1689530710156151;1.4407244966059323
0.1602009144927459;1.4406358403966966
0.1514605627185447;1.4405020817975063
0.14273214305665086;1.440323396152046
0.13401578144165727;1.4400999576243247
0.1253116024035951;1.4398319391987604
0.11661972909214277;1.439519512680366
0.10794028330054813;1.4391628486950248
0.09927338548927689;1.4387621166898472
0.09061915480937624;1.4383174849336016
0.08197770912556727;1.437829120517207
0.07334916503905495;1.4372971893542816
0.06473363791006878;1.43672185618174
0.05613124188012363;1.4361032845604222
0.04754208990049423;1.435441636891608
0.038966293820921954;1.434737074581551
0.030403964308442222;1.433989757791159
0.02185521088611976;1.4331998454796366
0.01332014197178491;1.4323674954487655
0.004798864899278929;1.431492864345053
-0.003708514060526788;1.4305761076619428
-0.012201889678947704;1.429617379742074
-0.02068115774892515;1.4286168337795881
-0.02914621506469737;1.4275746218224725
-0.03759695940169071;1.4264908947749346
-0.04603328949663313;1.4253658023998033
-0.054455105027891686;1.424199493320946
-0.06286230659602249;1.422992115025698
-0.07125479570454299;1.4217438138672953
-0.0796324747225053;1.4204547351435657
-0.08799524686088904;1.4191250231192607
-0.09634301619989932;1.4177548208383215
-0.10467568764542251;1.4163442702305042
-0.11299316691000974;1.41489351211719
-0.12129536049458865;1.4134026862150098
-0.1295821756703539;1.411871931139503
-0.13785352046084606;1.4103013844087975
-0.14610930362420438;1.4086911824473112
-0.15434943463560308;1.407041460589467
-0.1625738236698568;1.4053523530834184
-0.1707823815842046;1.4036239930947803
-0.1789750199012582;1.4018565127103582
-0.187151650792124;1.4000500429418734
-0.1953121870590134;1.3982047137378881
-0.20345654210983755;1.3963206540957833
-0.21158462995463276;1.3943979919086797
-0.21969636518783925;1.3924368539873107
-0.22779166296960401;1.3904373660956355
-0.23587043900977928;1.388399652955396
-0.2439326095520637;1.386323838250687
-0.2519780913582873;1.3842100446325414
-0.26000680169284146;1.382058393723518
-0.26801865830724225;1.3798690061222971
-0.2760135794248354;1.3776420014082738
-0.2839914837256298;1.37537749814615
-0.2919522903312676;1.3730756138905174
-0.2998959187901169;1.3707364651904326
-0.3078222890624965;1.3683601675939754
-0.3157313215106342;1.365946835694601
-0.32362293688665844;1.3634965831585126
-0.33149705630459486;1.3610095226060908
-0.33935360123311487;1.3584857656801768
-0.34719249348166453;1.3559254230533893
-0.3550136551864803;1.353328604433316
-0.36281700879671164;1.3506954185677107
-0.3706024770606597;1.3480259732496929
-0.3783699830121212;1.3453203753229461
-0.38611944995683717;1.342578730686916
-0.39385080145905027;1.339801144301999
-0.4015639613281579;1.336987720194729
-0.409258853605467;1.3341385614629486
-0.41693540255104133;1.3312537702809724
-0.4245935326314199;1.3283334479085334
-0.43223316851989624;1.3253776947612783
-0.43985423506556043;1.3223866103266486
-0.447456657281431;1.319360293173501
-0.455040360336102;1.3162988409786616
-0.46260526954124154;1.3132023505325388
-0.47015131033916946;1.3100709177447423
-0.47767840829052327;1.306904637649701
-0.48518648906200074;1.3037036044122827
-0.4926754784141891;1.300467911333408
-0.5001453021894643;1.2971976508556635
-0.5075958862999685;1.2938929145689082
-0.515027156715657;1.2905537932158737
-0.5224390394524209;1.2871803766977532
-0.5298314605602722;1.2837727540797828
-0.5372043460822614;1.2803310136001884
-0.5445576222140028;1.2768552427776487
-0.5518912149896219;1.2733455282022175
-0.5592050504918727;1.2698019556830482
-0.5664990547806966;1.2662246102256005
-0.5737731538820624;1.2626135760376525
-0.5810272737768518;1.258968936535302
-0.5882613403897793;1.255290774348966
-0.5954752795783543;1.2515791713293687
-0.6026690171218806;1.2478342085535243
-0.6098424787105008;1.2440559663307114
-0.6169955899342748;1.240244524208441
-0.624128276272302;1.2363999609784166
-0.6312404630818784;1.232522354682489
-0.6383320755884692;1.2286117826202494
-0.6454030388927642;1.2246683213932497
-0.6524532779373945;1.2206920468624585
-0.6594827174953931;1.216683034152341
-0.6664912821660021;1.2126413576706343
-0.6734788963642084;1.2085670911145414
-0.6804454843103188;1.2044603074769318
-0.6873909700195814;1.2003210790525438
-0.6943152772918498;1.19614947744419
-0.7012183297012968;1.1919455735689646
-0.7081000505861668;1.1877094376644544
-0.7149603630385762;1.183441139294954
-0.7217991898943551;1.1791407473576834
-0.7286164537262417;1.174808330098066
-0.7354120768430742;1.1704439551413612
-0.7421859812592019;1.1660476894424647
-0.7489380886923217;1.1616195993135858
-0.7556683205548832;1.1571597504341373
-0.7623765979442904;1.15266820785723
-0.7690628416331549;1.1481450360161733
-0.7757269720595937;1.143590298730994
-0.7823689093175803;1.1390040592149595
-0.7889885731473381;1.1343863800811194
-0.7955858829257842;1.1297373233488555
-0.8021607576570194;1.125056950450447
-0.8087131159628693;1.1203453222376436
-0.8152428760635688;1.1156024990151794
-0.821749955772282;1.1108285405368046
-0.8282342724997452;1.1060235059739347
-0.8346957432358193;1.1011874539472264
-0.841134284540156;1.0963204425335222
-0.8475498125329138;1.0914225292727944
-0.853942242885521;1.0864937711751055
-0.8603114908114793;1.0815342247275952
-0.8666574710572177;1.076543945901484
-0.8729800978929844;1.071522990159105
-0.8792792851037857;1.0664714124609527
-0.8855549459803671;1.0613892672727592
-0.891806993306681;1.0562766085744393
-0.8980353393025039;1.0511334898924047
-0.9042398956835277;1.0459599642708355
-0.9104205736454198;1.0407560842825327
-0.9165772838407829;1.0355219020435107
-0.922709936370038;1.0302574692203907
-0.9288184407723439;1.0249628370378248
-0.9349027060165425;1.019638056285948
-0.940962640492142;1.0142831773278576
-0.9469981520003254;1.0088982501071242
-0.9530091477449946;1.0034833241553285
-0.9589955343238401;0.9980384485996316
-0.9649572177194498;0.9925636721703678
-0.9708941032744399;0.9870590432201618
-0.9768060956544539;0.9815246097518074
-0.9826930989151794;0.9759604193715117
-0.988555016460989;0.9703665193200052
-0.9943917510327566;0.9647429564827561
-1.0002032046987914;0.9590897773979961
-1.0059892788457945;0.9534070282647824
-1.0117498741698299;0.9476947549510998
-1.0174848906673206;0.9419530030019958
-1.0231942276260582;0.9361818176477593
-1.028877783616233;0.9303812438121325
-1.034535456481482;0.9245513261205652
-1.0401671433299122;0.918692108908553
-1.04577274049313;0.9128036362667675
-1.0513521435404203;0.9068859520229318
-1.0569052472976874;0.9009390997182882
-1.0624319458163358;0.8949631226415993
-1.0679321323641373;0.8889580638379598
-1.0734056994161127;0.8829239661176578
-1.0788525386454175;0.8768608720650874
-1.0842725409142415;0.870768824047707
-1.0896655962647104;0.8646478642250512
-1.0950315939097996;0.8584980345577912
-1.1003704222242554;0.8523193768168466
-1.1056819687355244;0.846111932592542
-1.1109661201112764;0.8398757433102454
-1.1162227621208098;0.83361085029521
-1.1214517796728238;0.8273172946937919
-1.1266530567968818;0.8209951175006827
-1.1318264766272692;0.8146443595817019
-1.1369719213937475;0.8082650616836841
-1.142089272412306;0.8018572644444248
-1.1471784100759164;0.7954210084026976
-1.1522392138452895;0.7889563340083279
-1.1572715622396275;0.7824632816323387
-1.1622753328273805;0.7759418915771578
-1.167250402217;0.7693922040868921
-1.1721966460476974;0.762814259357663
-1.1771139389716128;0.7562080975772714
-1.1820021546361679;0.7495737589643083
-1.1868611657055201;0.7429112836740576
-1.1916908438366405;0.7362207118591301
-1.1964910596691387;0.7295020836832977
-1.201261682815868;0.7227554393327427
-1.2060025818535218;0.7159808190273932
-1.2107136243132317;0.7091782630323376
-1.2153946766711519;0.7023478116693264
-1.2200456043390457;0.6954895053283546
-1.224666271654861;0.6886033844793312
-1.2292565418733068;0.6816894896838247
-1.2338162771563415;0.6747478616076775
-1.2383453385561756;0.6677785411081136
-1.2428435860130727;0.6607815691737163
-1.2473108783496059;0.653756986899654
-1.251747073257159;0.6467048355401335
-1.2561520272864037;0.6396251565212652
-1.2605255958377766;0.6325179914540296
-1.2648676331519422;0.6253833821473536
-1.2691779923002564;0.6182213706212843
-1.2734565251752157;0.6110319991202761
-1.2777030824809028;0.6038153101265773
-1.2819175137234236;0.5965713463737272
-1.2860996672013383;0.5893001508601518
-1.2902493899960654;0.5820017668625935
-1.294366527973117;0.5746762381118337
-1.298450925753734;0.5673236085256969
-1.3025024267144987;0.5599439223608734
-1.306520872977063;0.5525372242171293
-1.3105061053985925;0.5451035590523653
-1.3144579635621993;0.5376429721977933
-1.318376285767373;0.5301555093732204
-1.3222609090204005;0.5226412167024553
-1.3261116690247825;0.5151001407288304
-1.3299284001716423;0.5075323284308471
-1.3337109355301293;0.49993782723793867
-1.337459106837816;0.49231668504636295
-1.341172744508333;0.4846689503095345
-1.3448516776267514;0.4769946720757092
-1.3484957338942611;0.4692938998072991
-1.3521047396436146;0.4615666835053167
-1.3556785198303112;0.4538130737294436
-1.3592168980231683;0.44603312161559516
-1.362719696394894;0.43822687889367395
-1.366186735712669;0.4303943979055007
-1.3696178353287314;0.4225357316229416
-1.3730128131709691;0.4146509336662225
-1.376371485733517;0.40674005832244287
-1.3796936680673646;0.3988031605642797
-1.3829791737709667;0.3908402960688999
-1.3862278149808653;0.3828515212370716
-1.389439402362316;0.37483689321248737
-1.3926137450999259;0.3667964699012893
-1.3957506508956414;0.35873031000884703
-1.398849926060614;0.3506384732944928
-1.401911375356034;0.3425210202441463
-1.4049348020009136;0.33437801213039675
-1.4079200076940566;0.3262095111057026
-1.4108667926053655;0.3180155802246669
-1.4137749553671919;0.3097962834666188
-1.416644293065729;0.30155168575849445
-1.4194746012324475;0.293281852998037
-1.4222656738355755;0.28498685207730856
-1.4250173032716256;0.2766667509065226
-1.4277292803569677;0.2683216184382055
-1.43040139431945;0.25995152469168065
-1.4330334327900685;0.25155654077789397
-1.4356251817946877;0.24313673892457413
-1.4381764257458092;0.2346921925017413
-1.4406869474343966;0.22622297604755603
-1.4431565280772263;0.21772916525984415
-1.4455849473377436;0.2092108370045737
-1.447971983150319;0.20066806944765234
-1.4503174118002984;0.19210094202719086
-1.4526210079198512;0.18350953547882548
-1.4548825444808438;0.1748939318633091
-1.4571017927878047;0.16625421459446618
-1.4592785224709894;0.1575904684675024
-1.4614125014795403;0.1489027796876886
-1.4635034960747486;0.14019123589941127
-1.4655512708234184;0.13145592621560265
-1.4675555885913325;0.12269694124754237
-1.469516210536827;0.11391437313504968
-1.4714328961044696;0.10510831557705919
-1.4733054030188502;0.09627886386259206
-1.4751334872784814;0.08742611490211566
-1.4769169031601788;0.07855016725620577
-1.478655403390328;0.06965112111466941
-1.4803487388888237;0.06072907840407689
-1.481996658778993;0.05178414281608651
-1.483598910441732;0.04281641982298856
-1.4851552395111833;0.03382601671120855
-1.4866653898705902;0.024813042615218647
-1.4881291036483322;0.015777608551865635
-1.489546121214144;0.006719827455106783
-1.4909161811755207;-0.0023601857888262967
-1.4922390203743123;-0.011462314305845211
-1.493514373883511;-0.02058643919799001
-1.4947419750042352;-0.029732439506991434
-1.495921555262911;-0.038900192177390144
-1.4970528444086555;-0.04808957201922221
-1.4981355704108648;-0.05730045167025723
-1.4991694594570106;-0.06653270155779845
-1.5001542360599407;-0.07578618984745253
-1.5010896231411057;-0.08506078239424308
-1.5019753416540225;-0.09435634274617774
-1.502811110771328;-0.10367273208255288
-1.5035966478939577;-0.11300980917227389
-1.5043316686517814;-0.12236743033271968
-1.5050158869045438;-0.13174544938812113
-1.5056490147431156;-0.14114371762746258
-1.5062307624910574;-0.1505620837618859
-1.5067608387065017;-0.16000039388160647
-1.507238950184359;-0.16945849141232683
-1.5076648019588528;-0.17893621707115803
-1.5080380973063845;-0.18843340882202736
-1.5083585377487396;-0.19794990183058128
-1.508625823056632;-0.20748552841857568
-1.5088396512535982;-0.2170401180177448
-1.5089997186365411;-0.2266134971237286
-1.5091057201322162;-0.23620548926121174
-1.509157348828696;-0.2458159149196515
-1.5091542959813742;-0.25544459150506255
-1.5090962511480073;-0.26509133329577816
-1.5089829021969228;-0.27475595139320946
-1.5088139353157153;-0.28443825367206904
-1.5085890350204345;-0.2941380447300446
-1.508307884165276;-0.30385512583693297
-1.5079701639527778;-0.3135892948832124
-1.5075755539445335;-0.32334034632806424
-1.5071237320724273;-0.33310807114682883
-1.5066143746503984;-0.3428922567779062
-1.5060471563867401;-0.35269268706907997
-1.5054217503969454;-0.3625091422232747
-1.5047378282170996;-0.3723413987437321
-1.5039950598178338;-0.3821892293786167
-1.503193113804926;-0.39205240310510525
-1.5023316576321615;-0.4019306851154111
-1.5014103568954524;-0.41182383660422217
-1.5004288756962336;-0.42173161478571164
-1.499386876682249;-0.431653772840334
-1.4982840210678383;-0.4415900598564793
-1.4971199686549688;-0.451540220771549
-1.4958943778550275;-0.46150399631244904
-1.4946069057113789;-0.4714811229355084
-1.4932572079227018;-0.48147133276580234
-1.4918449388671156;-0.4914743535358919
-1.490369751627104;-0.5014899085239654
-1.4888312980152463;-0.5115177164913929
-1.487229228600772;-0.5215574916196731
-1.4855631927369386;-0.5316089434467831
-1.4838328385892556;-0.5416717768029176
-1.4820378140439658;-0.5517456916758775
-1.4801777635738105;-0.5618303837667902
-1.4782523337051603;-0.571925543501494
-1.4762611684119553;-0.5820308563638756
-1.4742039106823033;-0.5921460028183414
-1.4720802025541413;-0.602270658243663
-1.4698896851521712;-0.6124044928662666
-1.4676319987260735;-0.6225471716929558
-1.4653067826899966;-0.6326983544430821
-1.4629136756633256;-0.6428576954801447
-1.4604523155127251;-0.6530248437428363
-1.4579223393954632;-0.66319944267552
-1.455323383804007;-0.6733811301581553
-1.4526550846118993;-0.6835695384356537
-1.4499170771209116;-0.693764294046678
-1.4471089961094727;-0.7039650177518793
-1.4442304758823759;-0.7141713244615685
-1.441281150486258;-0.724382823295588
-1.438260654032141;-0.7345991177279811
-1.4351686200486127;-0.7448198049477873
-1.4320046818374716;-0.7550444760272442
-1.4287684725607215;-0.7652727158716022
-1.4254596253043963;-0.7755041031486387
-1.422077773143935;-0.7857382102178381
-1.4186225492111058;-0.7959746030592239
-1.4150935867624785;-0.8062128412018585
-1.411490519249449;-0.8164524776519948
-1.4078129803615518;-0.8266930588109225
-1.4040606039252796;-0.8369341243409637
-1.4002330242619336;-0.8471752071924792
-1.3963298761911782;-0.8574158335050255
-1.3923507950748908;-0.8676555225218407
-1.388295416893917;-0.8778937865150435
-1.3841633783262628;-0.888130130710458
-1.379954316826729;-0.8983640532120535
-1.3756678707079861;-0.9085950449260065
-1.3713036792230897;-0.9188225894843803
-1.3668613826725853;-0.9290461631889538
-1.3623406231174686;-0.9392652354903891
-1.3577410437538062;-0.9494792682794947
-1.3530622889214927;-0.9596877157389104
-1.3483040044226486;-0.9698900244675789
-1.3434658376215503;-0.9800856334099343
-1.3385474375463828;-0.9902739737850382
-1.33354845499281;-1.0004544690156763
-1.3284685426293634;-1.010626534657403
-1.3233073551046475;-1.0207895783275545
-1.3180645491563654;-1.0309429996342045
-1.3127397840016155;-1.041086190413518
-1.3073327213305281;-1.0512185345272493
-1.3018430250891495;-1.0613394074255897
-1.2962703618178364;-1.0714481763210761
-1.290614400774545;-1.0815442001230386
-1.2848748140601611;-1.0916268293722438
-1.2790512767458675;-1.101695406175747
-1.27314346700256;-1.1117492641419426
-1.2671510662323051;-1.1217877283158224
-1.2610737592018424;-1.1318101151144302
-1.2549112343886133;-1.1418157325603855
-1.2486631843557632;-1.151803880553698
-1.2423293051490618;-1.1617738497568644
-1.235909296781261;-1.171724922016052
-1.2294028634014313;-1.1816563703338412
-1.222809713447877;-1.1915674588160248
-1.216129559803396;-1.201457442619044
-1.2093621199528812;-1.2113255678980555
-1.2025071161432725;-1.2211710717556201
-1.1955642755458453;-1.2309931821910365
-1.1885333304976802;-1.2407911182279363
-1.1814140190317302;-1.2505640907043953
-1.174206084409715;-1.2603113007525863
-1.1669092754853858;-1.2700319401936375
-1.159523346940809;-1.2797251916340733
-1.1520480594683782;-1.2893902284319931
-1.144483179955417;-1.299026214664429
-1.1368284816713579;-1.3086323050959
-1.129083744457516;-1.3182076451481446
-1.121248754919441;-1.327751370871044
-1.113323306636589;-1.337262608980378
-1.105307200630856;-1.3467404780392713
-1.0972002452307323;-1.3561840869350017
-1.0890022562759563;-1.3655925348634035
-1.0807130574084753;-1.374964911687655
-1.0723324802840453;-1.3843002979329775
-1.0638603647865803;-1.3935977647832316
-1.0552965592452475;-1.402856374079418
-1.0466409206543101;-1.4120751783200787
-1.0378933148957104;-1.421253220663607
-1.0290536169644122;-1.430389534934528
-1.0201217112013072;-1.4394831468347684
-1.0110974915209674;-1.4485330731849846
-1.0019808616410915;-1.4575383209042265
-0.9927717353219805;-1.4664978878115864
-0.9834700366056852;-1.4754107626601634
-0.9740757000578961;-1.4842759251738131
-0.9645886710125898;-1.4930923460866758
-0.955008905819416;-1.5018589871854933
-0.9453363720938418;-1.5105748013547016
-0.9355710489700408;-1.519238732624308
-0.925712927176952;-1.527849717046344
-0.915762009171907;-1.5364066833219836
-0.9057183099223811;-1.5449085504638296
-0.8955818569125422;-1.5533542290382458
-0.8853526903960286;-1.5617426212908954
-0.875030863659998;-1.570072621235835
-0.8646164432917125;-1.5783431147484126
-0.8541095094476421;-1.5865529796619864
-0.8435101561250992;-1.5947010858684478
-0.8328184914363899;-1.6027862954225687
-0.8220346377226808;-1.610807462996317
-0.8111587312071391;-1.618763437321899
-0.8001909233630876;-1.6266530589977088
-0.7891313808426256;-1.6344751613640291
-0.7779802856690355;-1.642228570827095
-0.7667378355083991;-1.6499121070239249
-0.7554042439428598;-1.6575245829928424
-0.7439797407455152;-1.6650648053496961
-0.7324645721534919;-1.6725315744711886
-0.7208590007309275;-1.6799236848523182
-0.7091633059494751;-1.6872399251766814
-0.6973777847069943;-1.6944790784184252
-0.6855027513974028;-1.7016399221341634
-0.6735385381841877;-1.70872122867795
-0.6614854952749778;-1.7157217654221824
-0.6493439911971821;-1.7226402949844333
-0.6371144130746922;-1.7294755754602136
-0.6247971665865056;-1.7362263609664932
-0.6123926754047109;-1.7428914026894384
-0.5999013831334425;-1.7494694475503456
-0.5873237529646957;-1.7559592390592191
-0.5746602678511477;-1.7623595176814888
-0.5619114307620773;-1.7686690211323008
-0.5490777649389968;-1.774886484678034
-0.536159814150993;-1.781010641445036
-0.5231581429241268;-1.7870402227449569
-0.5100733356184464;-1.7929739588283164
-0.4969059977538084;-1.7988105788234063
-0.48365675663171565;-1.8045488109395658
-0.47032626110391884;-1.81018738298937
-0.45691518179631885;-1.8157250227515584
-0.4434242113310654;-1.821160458341735
-0.4298540645468523;-1.8264924185908462
-0.41620547871740615;-1.831719633431436
-0.4024792132061972;-1.8368408344087916
-0.388676048709009;-1.841854755285387
-0.3747967897373443;-1.8467601319773141
-0.36084226387182927;-1.8515557031712664
-0.3468133218590959;-1.8562402107731353
-0.33271083778099736;-1.8608124003489321
-0.3185357092201105;-1.8652710215738855
-0.30428885742152345;-1.86961482868971
-0.2899712273754305;-1.873842580966952
-0.27558378614335366;-1.8779530431036457
-0.2611275249551095;-1.8819449857869113
-0.24660345955364646;-1.8858171861910358
-0.23201262972393155;-1.8895684284504193
-0.21735609938820244;-1.8931975041640714
-0.2026349566952574;-1.8967032129081884
-0.18785031410378109;-1.9000843627568145
-0.17300330845972112;-1.9033397708105793
-0.15809510019666118;-1.9064682634801053
-0.14312687250203743;-1.9094686767692812
-0.1280998340818654;-1.9123398576153263
-0.11301521795353689;-1.9150806640830575
-0.097874281392235;-1.917689965904609
-0.08267830592366499;-1.9201666450424457
-0.06742859730840595;-1.9225095962597534
-0.05212648551788057;-1.9247177276982084
-0.036773324563936866;-1.9267899613820887
-0.021370490422011043;-1.9287252326154483
-0.005919383433469927;-1.9305224920212884
0.00957857187701898;-1.9321807060754055
0.025121927431891344;-1.9336988573896432
0.04070921172356961;-1.9350759453054076
0.056338929948185665;-1.9363109864931178
0.07200956415014503;-1.9374030155575885
0.08771957337751611;-1.9383510856493475
0.10346739482234302;-1.939154268102235
0.11925144446528646;-1.939811652586333
0.13507011498713267;-1.940322350026566
0.1509217771359842;-1.9406854920626115
0.1668047800029177;-1.940900231623445
0.18271745128797132;-1.9409657435284453
0.1986580975792194;-1.9408812250921768
0.21462500464491763;-1.940645896732847
0.23061643788708433;-1.9402590023240396
0.24663064409679875;-1.9397198072877542
0.26266584986128183;-1.9390276025922453
0.2787202622114599;-1.9381817048431174
0.2947920693110396;-1.9371814563281833
0.3108794408618496;-1.9360262255870913
0.32698052852401993;-1.9347154079815576
0.34309346635098037;-1.9332484262662022
0.3592163712393219;-1.9316247311599886
0.37534734388100716;-1.9298437999757825
0.3914844692590954;-1.9279051371284355
0.40762581631658046;-1.9258082779970103
0.42376943893648106;-1.9235527876224447
0.4399133764865792;-1.9211382611994405
0.4560556543775427;-1.9185643245747297
0.47219428463683194;-1.9158306347421756
0.48832726649837305;-1.9129368803347049
0.5044525869910778;-1.9098827816053483
0.5205682214477931;-1.9066680875516213
0.5366721343086001;-1.9032925813751607
0.552762279734187;-1.89975607978046
0.5688366022527314;-1.8960584328012222
0.5848930374414514;-1.892199524188947
0.6009295126238;-1.8881792717941137
0.6169439475822838;-1.8839976279399548
0.6329342552869471;-1.879654579788821
0.648898341771412;-1.8751501470729552
0.6648341071831578;-1.8704843833256917
0.6807394475538402;-1.8656573792378761
0.6966122549409394;-1.8606692610285274
0.7124504182065028;-1.8555201906896257
0.7282518238100927;-1.8502103662191451
0.7440143566159216;-1.844740021842329
0.7597359007142181;-1.8391094282211993
0.7754143398036403;-1.8333188920044818
0.7910475559575937;-1.8273687530348999
0.8066334339104088;-1.8212593894161835
0.8221698609074428;-1.8149912162057307
0.8376547272574345;-1.8085646850792256
0.853085927182972;-1.801980284389405
0.8684613596823569;-1.7952385392090493
0.8837789294028459;-1.7883400113582035
0.8990365475141822;-1.7812852994068964
0.9142321297950577;-1.7740750364705362
0.9293635992698097;-1.766709891544055
0.9444288891743108;-1.759190571069148
0.9594259422655331;-1.7515178176134247
0.9743527116834851;-1.7436924097405813
0.9892071618204575;-1.7357151618615934
1.0039872691975624;-1.7275869240669433
1.0186910233486064;-1.7193085819398575
1.0333164268892279;-1.7108810560301986
1.0478614935683623;-1.7023053005201274
1.062324253779157;-1.6935823047752951
1.0767027538842728;-1.684713092463343
1.0909950567185407;-1.6756987211094627
1.1051992423694328;-1.6665402817384039
1.1193134089561116;-1.657238898494125
1.1333356732693163;-1.6477957284644449
1.1472641712743568;-1.6382119617068966
1.161097059424872;-1.62848881991187
1.1748325152137238;-1.6186275563000456
1.1884687379100236;-1.6086294551879554
1.202003949312046;-1.5984958315026352
1.215436394497694;-1.5882280302756275
1.2287643413888871;-1.577827426152024
1.2419860803451128;-1.5672954228779137
1.2550999280648392;-1.5566334526371772
1.2681042268178175;-1.5458429755083785
1.280997345027396;-1.53492547886021
1.293777677892197;-1.523882476725029
1.3064436479986832;-1.5127155091519422
1.3189937051258602;-1.5014261421266262
1.3314263266430577;-1.4900159670280024
1.3437400194658178;-1.4784865989123404
1.355933319873988;-1.466839676341776
1.3680047940177789;-1.4550768606799342
1.3799530384159553;-1.4431998353661801
1.3917766804408607;-1.4312103051724667
1.403474377730217;-1.4191099963494913
1.4150448189605926;-1.4069006555794963
1.426486725325951;-1.3945840482973222
1.4377988502770158;-1.3821619584703928
1.4489799798843865;-1.3696361878165078
1.4600289331854026;-1.357008555006881
1.4709445625044641;-1.3442808948703704
1.4817257528846606;-1.3314550589347336
1.4923714229579497;-1.318532913699032
1.502880525659818;-1.3055163391070672
1.513252048085565;-1.2924072283108667
1.5234850116972583;-1.2792074868509018
1.5335784725118553;-1.2659190318255478
1.543531521250539;-1.2525437911069828
1.5533432829215612;-1.2390837041146996
1.5630129174590934;-1.2255407195001637
1.5725396199343082;-1.2119167939918312
1.581922620454298;-1.1982138920694754
1.591161184212161;-1.1844339851409247
1.6002546115167449;-1.1705790507123803
1.6092022377913002;-1.1566510716791618
1.6180034334139743;-1.1426520372376998
1.6266576038486833;-1.1285839401216005
1.635164189584207;-1.1144487758559025
1.6435226660232396;-1.10024854235561
1.6517325433836982;-1.0859852391328413
1.6597933665793054;-1.0716608665020895
1.6677047151138418;-1.0572774249946308
1.6754662031882779;-1.042836916204509
1.6830774791771794;-1.0283413398895653
1.6905382254956305;-1.0137926935940822
1.6978481584310683;-0.999192972181349
1.7050070279112894;-0.9845441670998794
1.712014617252436;-0.9698482656520625
1.7188707430134724;-0.9551072505592201
1.7255752552904295;-0.940323100597463
1.7321280365373457;-0.9254977878591071
1.73852900149482;-0.9106332776367364
1.7447780969338904;-0.8957315279270567
1.7508753013118832;-0.8807944887792113
1.7568206244099087;-0.8658241016493788
1.7626141072182842;-0.8508222991132289
1.768255822267111;-0.8357910051966244
1.7737458719321781;-0.820732133063807
1.7790843884786223;-0.8056475850303638
1.784271533706296;-0.7905392520809067
1.789307498518118;-0.7754090133155638
1.794192502472474;-0.760258735405988
1.7989267937643139;-0.7450902724226326
1.803510649411658;-0.7299054658516281
1.8079443732821001;-0.7147061428765532
1.812228296233232;-0.6994941164027355
1.8163627756695426;-0.6842711846292022
1.8203481950493583;-0.6690391306024539
1.8241849633787903;-0.6537997217820952
1.8278735153347947;-0.638554709926515
1.831414311136375;-0.6233058308758107
