1.486289650954788;1.338261212717717
1.4749129755418426;1.3507699454014652
1.463412130444625;1.3631639192865581
1.4517886501329116;1.3754415150144472
1.44004408355055;1.3876011535408592
1.4281800064120178;1.399641282333205
1.416198020205728;1.411560376482165
1.40409975193001;1.4233569389644694
1.3918868533519222;1.4350295013225598
1.3795609996784495;1.446576624472444
1.3671238887694208;1.4579968993405013
1.354577241309947;1.4692889471973105
1.341922799730144;1.4804514203870334
1.3291623275697184;1.4914830018308953
1.3162976088111957;1.5023824051606542
1.3033304471149736;1.513148376823673
1.2902626651691431;1.5237796958831522
1.2770961037252058;1.5342751736940998
1.2638326207324302;1.5446336538697638
1.250474091100267;1.554854014087103
1.2370224057851793;1.5649351659140516
1.2234794707872252;1.5748760545289557
1.2098472061804257;1.584675658521258
1.196127545930514;1.5943329915682598
1.1823224369203518;1.603847102224015
1.1684338380226238;1.6132170735892568
1.1544637191492075;1.6224420228904388
1.1404140608751152;1.6315211031897552
1.126286853515801;1.640453503067793
1.1120840962310985;1.64923844595711
1.0978077961307136;1.657875189473232
1.0834599678235204;1.6663630280454498
1.0690426325017002;1.6747012920890418
1.0545578171570933;1.6828893481605438
1.0400075537975637;1.6909265990327786
1.0253938784877608;1.6988124794892376
1.0107188307126693;1.7065464599871234
0.9959844526518483;1.7141280481432188
0.9811927883374213;1.721556787385959
0.9663458828702295;1.7288322570253283
0.9514457817715116;1.735954071343913
0.9364945307309697;1.7429218758250793
0.9214941740120045;1.749735353079693
0.906446753914158;1.7563942211372001
0.8913543100584652;1.7628982330157361
0.8762188786192284;1.7692471766792
0.861042492426077;1.7754408722323567
0.8458271802028956;1.7814791718552057
0.8305749646152977;1.7873619635185938
0.8152878621608538;1.7930891688515909
0.7999678824353016;1.7986607429892807
0.7846170275508924;1.8040766741277505
0.7692372933451002;1.809336979625231
0.7538306665329644;1.8144417099285182
0.7383991240831681;1.8193909482095072
0.7229446329307246;1.824184809352362
0.7074691492927104;1.8288234397064635
0.6919746190935683;1.8333070153669675
0.676462977847428;1.837635741175895
0.6609361486216848;1.8418098522693775
0.6453960410274018;1.845829614262316
0.6298445512899224;1.8496953219996097
0.6142835616257565;1.8534072992375923
0.5987149419109837;1.8569658961748123
0.5831405477532237;1.860371490346889
0.5675622187078718;1.8636244873818526
0.5519817787539207;1.8667253196347404
0.5364010358464023;1.8696744456826484
0.5208217814895113;1.872472349796022
0.5052457906971543;1.8751195415773367
0.48967482203593915;1.8776165556082105
0.47411061625694256;1.87996395032643
0.45855489642395336;1.882162307648419
0.4430093676517043;1.8842122323538868
0.42747571685055485;1.8861143514393013
0.4119556122204972;1.8878693139681373
0.3964507012450395;1.8894777937815905
0.38096261278709886;1.890940484471691
0.36549295637705187;1.892258099688816
0.3500433217309736;1.893431373036279
0.33461527853443535;1.894461057485084
0.3192103762344085;1.8953479248051939
0.30383014334427194;1.8960927664629683
0.28847608761984517;1.8966963920079767
0.27314969610635015;1.8971596278780627
0.2578524347928891;1.8974833173940793
0.24258574846791087;1.8976683202062699
0.22735106058974003;1.8977155117367819
0.2121497730768429;1.8976257830179093
0.19698326612620495;1.8974000404717795
0.18185289835430649;1.8970392043970696
0.16676000661632762;1.8965442088637874
0.1517059059388624;1.89591600119153
0.13669188946964375;1.8951555414157195
0.12171922839100241;1.8942638018675357
0.10678917162236962;1.8932417672630457
0.09190294618197542;1.8920904333314963
0.07706175709182496;1.8908108065092197
0.06226678735016572;1.8894039035123324
0.04751919795116392;1.8878707508341377
0.03282012792206383;1.8862123842373988
0.01817069397388045;1.8844298488778495
0.003571990924191748;1.8825241982337784
-0.01097490823512768;1.8804964936173723
-0.025468952343009367;1.878347803823213
-0.03990911199040113;1.8760792046670263
-0.05429437942879274;1.8736917785268576
-0.06862376873799558;1.8711866141537068
-0.08289631583744261;1.868564806343694
-0.09711107780211194;1.865827454942948
-0.11126713302307431;1.8629756646968525
-0.12536358108554707;1.8600105448374993
-0.13939954263396231;1.8569332086739923
-0.15337415922844028;1.8537447731900292
-0.16728659319298245;1.8504463586491908
-0.18113602785787614;1.84703908842045
-0.19492166741856765;1.843524088614026
-0.2086427361591227;1.8399024873950154
-0.22229847863221186;1.8361754148145646
-0.23588815950448808;1.8323440024779716
-0.24941106339782365;1.8284093832242487
-0.26286649472786466;1.8243726908181819
-0.27625377754029967;1.8202350596552452
-0.2895722550132057;1.8159976237152498
-0.30282128938047015;1.8116615165025227
-0.3160002621045883;1.8072278715767343
-0.32910857347381567;1.8026978217742557
-0.34214564241063855;1.7980724989314425
-0.35511090627843434;1.7933530336185755
-0.3680038206866756;1.788540554884726
-0.3808238592935553;1.7836361900104534
-0.39357051330331044;1.778641063579055
-0.4062432914299429;1.7735562976215549
-0.4188417199055029;1.7683830118751571
-0.4313653421116134;1.763122323196061
-0.443813718363947;1.7577753453312628
-0.45618642569582096;1.752343188698813
-0.4684830576411824;1.7468269601766069
-0.48070322401455884;1.741227762894771
-0.4928465505123412;1.7355466957045402
-0.504912678625677;1.7297848532351228
-0.5169012654981142;1.723943325855762
-0.5288119836268296;1.7180231993543946
-0.5406445206369975;1.7120255547594632
-0.552398579056408;1.705951468168869
-0.5640738760905579;1.6998020105860607
-0.5756701433943153;1.6935782477584251
-0.587187126710533;1.6872812398661063
-0.598624585768535;1.6809120415205352
-0.6099822940919505;1.6744717016624333
-0.6212600387273254;1.667961263372389
-0.6324576200190937;1.6613817637406125
-0.643574851385854;1.6547342337429063
-0.6546115590981433;1.6480196981228032
-0.6655675820503624;1.6412391752731528
-0.6764427713919201;1.6343936769974288
-0.6872369904619513;1.6274842085441081
-0.6979501145811183;1.6205117685184476
-0.7085820307920542;1.6134773487525402
-0.7191326376420333;1.6063819342163208
-0.7296018449677032;1.5992265029337296
-0.7399895736820331;1.5920120259039603
-0.7502957555513761;1.584739467022303
-0.7605203328276002;1.5774097829408338
-0.7706632582230112;1.5700239230840736
-0.7807244946914891;1.562582829582638
-0.7907040151858058;1.555087437199758
-0.8006018024526129;1.5475386732776606
-0.8104178488299281;1.539937457688144
-0.8201521560472408;1.5322847027872553
-0.8298047350130295;1.5245813133704915
-0.8393756054819429;1.5168281866038729
-0.8488647960336564;1.5090262120291233
-0.8582723438534257;1.5011762715267376
-0.8675982945148634;1.493279239282471
-0.8768427017902487;1.4853359817628902
-0.8860056274635213;1.4773473576942144
-0.8950871411460478;1.4693142180443466
-0.9040873200654057;1.4612374060085171
-0.9130062488084449;1.4531177569987752
-0.9218440192851737;1.444956098632561
-0.9306007305014596;1.4367532507274763
-0.9392764883779462;1.4285100252980023
-0.9478714055782007;1.4202272265547102
-0.9563856013396598;1.411905650905987
-0.9648192013074312;1.4035460869621734
-0.9731723373144957;1.395149315551757
-0.9814451472023126;1.3867161097333343
-0.9896377747671302;1.3782472347885633
-0.9977503695477115;1.3697434482449944
-1.0057830866683939;1.3612054998918368
-1.0137360866853427;1.352634131797563
-1.0216095354355206;1.3440300783293353
-1.029403603887428;1.3353940661745949
-1.0371184679302938;1.3267268143918272
-1.0447543082774464;1.3180290344152163
-1.0523113103529897;1.309301430069123
-1.059789664125232;1.3005446976079602
-1.0671895639686417;1.291759525746385
-1.074511208528372;1.282946595690836
-1.0817548005873772;1.274106581172336
-1.0889205469302825;1.2652401484841658
-1.096008658156664;1.256347956554228
-1.1030193486264661;1.2474306569366624
-1.109952836326586;1.2384888938558383
-1.1168093427368229;1.2295233042532718
-1.1235890927095005;1.2205345178283713
-1.1302923143514756;1.2115231570800562
-1.1369192389085416;1.2024898373491724
-1.1434701006404802;1.1934351668726577
-1.1499451366758453;1.1843597468596374
-1.156344586962374;1.175264171480563
-1.162668694138563;1.1661490279331228
-1.1689177034246978;1.157014896492573
-1.17509186251913;1.1478623505597458
-1.1811914214967256;1.138691956709567
-1.18721663270948;1.1295042747399955
-1.1931677506726583;1.120299857743194
-1.199045031961906;1.1110792521654105
-1.2048487351537267;1.1018429978129285
-1.2105791207165153;1.0925916279259718
-1.2162364509199888;1.083325669231337
-1.2218209897468122;1.0740456419949758
-1.2273330028061638;1.0647520600747813
-1.232772757249033;1.0554454309739043
-1.2381405216680454;1.0461262559274627
-1.2434365660282114;1.036795029933697
-1.248661161596517;1.0274522417909302
-1.2538145808565069;1.0180983741667953
-1.2588970974320857;1.0087339036532235
-1.263908986013057;0.9993593008214523
-1.2688505222823727;0.9899750302770192
-1.2737219828432194;0.9805815507203967
-1.2785236451302662;0.9711793150613406
-1.2832557873691945;0.9617687703897785
-1.2879186885063718;0.9523503580432838
-1.2925126281394888;0.9429245136763071
-1.2970378864543057;0.9334916673152482
-1.3014947441629479;0.9240522434132761
-1.305883482443737;0.9146066609048339
-1.310204382882532;0.9051553332598039
-1.3144577274155655;0.8956986685372709
-1.3186437982737516;0.8862370694388558
-1.3227628779259732;0.8767709333713064
-1.3268152489694345;0.8673006527227717
-1.3308011941446132;0.8578266146531695
-1.334720996288946;0.8483492011308137
-1.3385749382684413;0.838868789060755
-1.3423633029292752;0.8293857503390298
-1.3460863730506387;0.8199004519064791
-1.3497444312988152;0.8104132558021186
-1.3533377601824648;0.8009245192160119
-1.3568666420090922;0.7914345945416273
-1.360331358842678;0.7819438294276319
-1.3637321924622956;0.7724525668315899
-1.3670694243101278;0.7629611452660249
-1.3703433354630208;0.7534698986741998
-1.373554206599837;0.7439791563921139
-1.376702317958679;0.734489243293762
-1.3797879493007639;0.7250004798430834
-1.382811379875281;0.7155131821454179
-1.3857728883852147;0.7060276619984587
-1.3886727529541039;0.6965442269426614
-1.3915112510937193;0.6870631803111034
-1.394288659672634;0.6775848212787522
-1.3970052548856648;0.6681094449111515
-1.399661312241634;0.658637342344778
-1.4022571065259333;0.6491688007697098
-1.4047929117539204;0.6397041033361315
-1.4072690011567093;0.6302435292995556
-1.4096856471550587;0.6207873540694732
-1.4120431213340234;0.6113358492575061
-1.4143416944183476;0.6018892827250364
-1.416581636248577;0.592447918630306
-1.41876321575787;0.5830120174749611
-1.4208867009494812;0.5735818361500366
-1.4229523588749007;0.5641576279813526
-1.4249604556389495;0.5547396428515761
-1.4269112563828625;0.5453281272552762
-1.4288050252106275;0.535923324185126
-1.4306420251996055;0.5265254732631115
-1.4324225183828176;0.5171348107863606
-1.4341467657314757;0.5077515697714625
-1.4358150271380727;0.4983759799982947
-1.4374275614000211;0.48900826805334063
-1.4389846262038133;0.4796486573724854
-1.4404864781096869;0.4702973682832903
-1.4419333725367756;0.46095461804672294
-1.4433255637725555;0.4516206209389678
-1.4446633049834918;0.44229558833395916
-1.4459468481216717;0.4329797286073577
-1.4471764439495631;0.4236732472405822
-1.4483523420302038;0.41437634686468855
-1.4494747907159775;0.4050892273006195
-1.4505440371378169;0.3958120855989944
-1.4515603271948119;0.38654511607941877
-1.4525239055442092;0.37728851036932365
-1.4534350155917848;0.3680424574423146
-1.4542938994825694;0.358807143656039
-1.4551007981089055;0.34958275281034473
-1.4558559511420923;0.340369466233425
-1.456559596935678;0.33116746271000796
-1.4572119725525814;0.3219769185602317
-1.4578133137627338;0.3127980076815926
-1.458363855036723;0.3036309015851827
-1.4588638295397542;0.2944757694314956
-1.459313469125908;0.2853327780658113
-1.459713004332686;0.27620209205314505
-1.460062664375825;0.26708387371277137
-1.4603626771443678;0.2579782831523083
-1.460613269206581;0.24888547831051894
-1.4608146658538466;0.23980561503223596
-1.460967091011487;0.2307388470278807
-1.461070767261164;0.22168532592861764
-1.4611259158453909;0.21264520132547282
-1.4611327566649182;0.20361862080172327
-1.4610915082763516;0.19460572996489933
-1.4610023878899845;0.185606672478412
-1.4608656113678373;0.1766215900927936
-1.4606813932218885;0.16765062267656355
-1.4604499466124856;0.15869390824670726
-1.4601714833557278;0.1497515830041606
-1.4598462139945438;0.14082378140774474
-1.4594743476803793;0.13191063613188067
-1.4590560921977627;0.12301227811116822
-1.458591653980804;0.11412883657958409
-1.458081238113094;0.10526043909908547
-1.4575250483277382;0.09640721158786236
-1.4569232870075064;0.08756927834822656
-1.456276155185095;0.0787467620941511
-1.455583852543482;0.06993978397844725
-1.4548465774163726;0.06114846361959321
-1.4540645267887133;0.052372919128202106
-1.4532378962972734;0.04361326713314233
-1.4523668802312752;0.03486962280729909
-1.4514516715330648;0.026142099892987356
-1.4504924619251425;0.017430810793230028
-1.4494894419118671;0.008735866596981293
-1.4484428005164782;5.737696526848801e-05
-1.4473527254352352;-0.008604549764386168
-1.4462194030418072;-0.017249806552368713
-1.4450430183899186;-0.025878287632631836
-1.4438237552160624;-0.03448988848863774
-1.4425617959422772;-0.04308450582959596
-1.441257321678971;-0.05166203756698178
-1.4399105122277942;-0.0602223827913455
-1.4385215460845422;-0.06876544174939812
-1.4370906004420863;-0.07729111582138379
-1.4356178511933213;-0.08579930749872464
-1.4341034729341215;-0.09428992036194814
-1.4325476389827387;-0.10276285905409449
-1.430950521552707;-0.1112180292096944
-1.4293122914954113;-0.11965533750933141
-1.4276331183475388;-0.12807469164568086
-1.425913170379165;-0.13647600028961415
-1.424152614598113;-0.14485917306929452
-1.4223516167543475;-0.15322412054950413
-1.4205103413443956;-0.1615707542112108
-1.4186289516157886;-0.16989898643136112
-1.416707609571518;-0.17820873046290744
-1.4147464759745005;-0.18649990041505782
-1.4127457103520422;-0.1947724112337491
-1.4107054710002993;-0.20302617868234504
-1.4086259149887268;-0.21126111932254654
-1.4065071981645088;-0.21947715049552377
-1.4043494752347285;-0.2276741902929198
-1.402152899791048;-0.23585215753570715
-1.3999176241201468;-0.24401097178171277
-1.3976437993143167;-0.25215055329345754
-1.3953315752792264;-0.26027082301985144
-1.3929811007394386;-0.2683717025783842
-1.390592523243942;-0.2764531142374978
-1.388165989171683;-0.2845149808991476
-1.3857016437371041;-0.29255722608154
-1.3831996309956724;-0.3005797739020524
-1.380660093849405;-0.3085825490603244
-1.3780831740523762;-0.31656547682152497
-1.375469012216212;-0.3245284829997848
-1.3728177478155572;-0.33247149394179987
-1.3701295192017524;-0.34039443651078316
-1.367404463716855;-0.34829723807290414
-1.3646427175417726;-0.3561798264777323
-1.361844415719868;-0.364042130042899
-1.3590096921943313;-0.371884077539226
-1.3561386798143849;-0.3797055981752874
-1.3532315103414867;-0.3875066215821156
-1.350288314455532;-0.39528707779805167
-1.3473092217610445;-0.4030468972537402
-1.3442943607933595;-0.41078601075725724
-1.3412438590247917;-0.4185043494793797
-1.3381578428707863;-0.42620184493898167
-1.3350364376960493;-0.43387842898856566
-1.331879767820654;-0.44153403379991557
-1.3286879565261207;-0.44916859184987884
-1.3254611261025635;-0.4567820359152247
-1.3221993978771678;-0.4643742990635626
-1.3189028920991974;-0.4719453146130989
-1.3155717280086616;-0.4794950161325618
-1.312206023845041;-0.48702333742817183
-1.3088058968539127;-0.49453021253027635
-1.3053714632935702;-0.5020155756800915
-1.3019028384416318;-0.5094793613165599
-1.2984001366016389;-0.5169215040633128
-1.2948634711096416;-0.5243419387157362
-1.2912929543407645;-0.5317406002281443
-1.2876886977157596;-0.5391174237010475
-1.2840508117075338;-0.5464723443685211
-1.2803794058476585;-0.5538052975856637
-1.2766745887365525;-0.561116218817318
-1.2729364681135593;-0.568405043645718
-1.269165150776526;-0.5756717077309067
-1.2653607425926132;-0.5829161467999401
-1.2615233485255741;-0.590138296641354
-1.257653072642646;-0.5973380930933192
-1.2537500181214347;-0.6045154720318737
-1.2498142872567928;-0.6116703693592437
-1.245845981467688;-0.6188027209922409
-1.2418452013040606;-0.6259124628507449
-1.237812046453669;-0.6329995308462555
-1.2337466157489232;-0.6400638608705225
-1.229649007173703;-0.6471053887842428
-1.225519317870158;-0.6541240504058334
-1.2213576441454943;-0.6611197815002633
-1.2171640814851654;-0.6680925177391321
-1.212938724643072;-0.6750421948705545
-1.2086816674664578;-0.6819687483849732
-1.20439300302086;-0.6888721137395667
-1.20007282357491;-0.6957522262848169
-1.1957212206074783;-0.7026090212540388
-1.1913382848148053;-0.7094424337529541
-1.186924106117625;-0.716252398749299
-1.1824787736682747;-0.7230388510624727
-1.1780023758577958;-0.7298017253532224
-1.1734950003230187;-0.7365409561133724
-1.1689567339536413;-0.7432564776555861
-1.1643876628992926;-0.7499482241031706
-1.1597878725765887;-0.7566161293799162
-1.1551574476777329;-0.7632601272009171
-1.1504964722137545;-0.7698801510842108
-1.1458050294756792;-0.7764761343132298
-1.1410832020397914;-0.7830480099257521
-1.1363310717877395;-0.7895957107117979
-1.1315487199137908;-0.7961191692038712
-1.1267362269320866;-0.8026183176672387
-1.1218936726838957;-0.8090930880902578
-1.117021136344867;-0.8155434121747451
-1.1121186964322771;-0.8219692213263954
-1.1071864308122796;-0.82837044664524
-1.1022244167071507;-0.834747018916152
-1.0972327307025358;-0.841098868599394
-1.0922114487633556;-0.8474259258254466
-1.087160646265348;-0.8537281203975112
-1.0820803979483427;-0.8600053817558414
-1.076970777944012;-0.8662576389784846
-1.0718318597866061;-0.8724848207737677
-1.0666637164204342;-0.8786868554712312
-1.0614664202073505;-0.8848636710126159
-1.0562400429342496;-0.8910151949428945
-1.0509846558205636;-0.8971413544013583
-1.045700329525772;-0.903242076112746
-1.0403871341569149;-0.9093172863784253
-1.0350451392761153;-0.9153669110676207
-1.0296744139081055;-0.9213908756086939
-1.024275026575577;-0.9273891049734373
-1.0188470452958056;-0.9333615236712085
-1.0133905375489887;-0.9393080557502717
-1.0079055703115738;-0.9452286247827507
-1.002392210064144;-0.9511231538560735
-0.9968505227992919;-0.9569915655644636
-0.9912805740295086;-0.9628337820004821
-0.9856824287950933;-0.9686497247466114
-0.9800561516720746;-0.9744393148668921
-0.9744018067801558;-0.9802024728985985
-0.9687194577906724;-0.9859391188439657
-0.9630091679345728;-0.9916491721619581
-0.9572710000126227;-0.9973325517567417
-0.9515050164335421;-1.0029891759239933
-0.9457112791791521;-1.0086189624076591
-0.9398898498168348;-1.0142218283852376
-0.9340407895164529;-1.0197976904463897
-0.9281641590586571;-1.0253464645846453
-0.9222600188432177;-1.0308680661891487
-0.9163284288973831;-1.0363624100364315
-0.9103694488842596;-1.0418294102822276
-0.9043831381112218;-1.047268980453317
-0.8983695555383449;-1.0526810334394048
-0.8923287597868653;-1.058065481485032
-0.8862608091476629;-1.063422236181528
-0.8801657616028721;-1.0687512084442738
-0.874043674857476;-1.0740523084788194
-0.8678946062858011;-1.0793254458426453
-0.8617186129667803;-1.0845705294072825
-0.8555157516953852;-1.0897874673472627
-0.849286078991555;-1.0949761671319411
-0.8430296511091598;-1.1001365355173451
-0.8367465240450025;-1.1052684785380424
-0.8304367535478502;-1.1103719014990359
-0.8241003951275073;-1.115446708967677
-0.8177375040639213;-1.120492804765605
-0.8113481354163264;-1.125510091960705
-0.8049323440324749;-1.1304984728590544
-0.7984901845978032;-1.1354578489688902
-0.7920217116159229;-1.1403881210128202
-0.7855269793832402;-1.1452891889441976
-0.7790060420260203;-1.1501609519197273
-0.7724589535101085;-1.155003308291304
-0.7658857676506943;-1.1598161555978703
-0.7592865381221287;-1.1645993905572836
-0.752661318467784;-1.1693529090582013
-0.7460101621099685;-1.1740766061519765
-0.7393331223598856;-1.1787703760445665
-0.7326302524276458;-1.183434112088456
-0.7259016054323211;-1.1880677067745953
-0.719147234418801;-1.1926710517216252
-0.7123671924263146;-1.1972440376442701
-0.7055615324061312;-1.201786554382671
-0.6987303072505806;-1.2062984908867944
-0.6918735698174093;-1.2107797352027643
-0.6849913729405785;-1.2152301744646963
-0.6780837694411234;-1.2196496948865434
-0.6711508121380809;-1.2240381817539454
-0.6641925538594753;-1.2283955194160907
-0.6572090474533746;-1.2327215912775802
-0.6502003457990077;-1.2370162797902997
-0.6431665018179498;-1.2412794664453002
-0.6361075684853662;-1.2455110317646854
-0.6290235988713246;-1.2497108552880247
-0.6219146461815365;-1.2538788155588922
-0.614780763661531;-1.258014790136366
-0.6076220046594595;-1.2621186555775763
-0.6004384226409163;-1.2661902874290305
-0.5932300712011083;-1.2702295602184475
-0.5859970040771121;-1.2742363474465899
-0.5787392751602081;-1.2782105215791055
-0.5714569385083035;-1.282151954038368
-0.5641500483584355;-1.2860605151953228
-0.5568186591393618;-1.2899360743613364
-0.5494628254842268;-1.2937784997800514
-0.5420826022441014;-1.2975876586192447
-0.5346780445763899;-1.3013634169630297
-0.5272492078853666;-1.3051056398033942
-0.5197961477981374;-1.3088141910319004
-0.5123189202182171;-1.3124889334317402
-0.5048175813393192;-1.3161297286696125
-0.4972921876592472;-1.319736437287605
-0.4897427959938957;-1.3233089186950782
-0.4821694634913493;-1.3268470311605562
-0.4745722476460948;-1.3303506318036198
-0.46695120631333364;-1.3338195765868013
-0.4593063977234046;-1.337253720307486
-0.45163788049630454;-1.3406529165898158
-0.4439457136560487;-1.3440170178765514
-0.43622995680530086;-1.347345875448666
-0.42849066986280515;-1.3506393393692304
-0.42072791321441794;-1.3538972584988946
-0.41294174771836717;-1.357119480486115
-0.4051322347212293;-1.3603058517592233
-0.3972994360740216;-1.3634562175184972
-0.38944341414840294;-1.3665704217282442
-0.38156423185299765;-1.3696483071088814
-0.3736619526498335;-1.3726897151290298
-0.3657366405709049;-1.375694485997608
-0.35778836023485144;-1.3786624586559382
-0.3498171768637682;-1.3815934707698563
-0.34182315637224464;-1.3844873587467466
-0.33380636540532543;-1.3873439577348903
-0.32576687116459774;-1.3901631015495584
-0.3177047415303399;-1.3929446227013795
-0.3096200450824006;-1.395688352389671
-0.3015128511186542;-1.3983941204948962
-0.2933832296736415;-1.4010617555711455
-0.2852312515373874;-1.4036910848386446
-0.2770569882744124;-1.4062819341762838
-0.2688605122429308;-1.4088341281141785
-0.26064189661424525;-1.4113474898262515
-0.2524012153923306;-1.4138218411228478
-0.24413854343362357;-1.4162570024433743
-0.23585395646701027;-1.418652792848969
-0.2275475311140228;-1.4210090300151996
-0.2192193449092364;-1.4233255302247945
-0.21086947633705622;-1.4256021083694845
-0.20249800507545482;-1.4278385780679919
-0.19410501168702707;-1.430034751473518
-0.18569057767792968;-1.432190439287763
-0.17725478558827423;-1.4343054507925168
-0.16879771901518872;-1.4363795938433435
-0.1603194626361799;-1.4384126748633377
-0.15182010223278863;-1.440404498836957
-0.14329972471455749;-1.4423548693039305
-0.13475841814330508;-1.4442635883532413
-0.1261962717577133;-1.4461304566171926
-0.11761337599823758;-1.4479552732655514
-0.10900982253233245;-1.4497378359997748
-0.10038570428001203;-1.4514779410473206
-0.09174111543973808;-1.453175383156043
-0.08307615151464885;-1.4548299555886723
-0.07439090933912156;-1.4564414501173872
-0.06568548706539401;-1.4580096570700194
-0.056959984169815264;-1.4595343653516824
-0.04821450160229074;-1.4610153622837665
-0.03944914175033054;-1.4624524336806513
-0.030664008464666798;-1.463845363848224
-0.021859207087439006;-1.4651939355796755
-0.013034844480731;-1.4664979301514258
-0.00419102905545049;-1.4677571273191865
0.004672129199429179;-1.4689713053141562
0.013554518687273191;-1.4701402408393567
0.022456026173822724;-1.4712637090661078
0.03137653675687384;-1.4723414836306463
0.0403159338355784;-1.4733733366308899
0.04927409907937567;-1.4743590386233472
0.05825091239654109;-1.4752983586201793
0.06724625190236122;-1.4761910640864118
0.07625999389108623;-1.4770369209472864
0.08529201287459387;-1.4778356937564088
0.0943421814486824;-1.478587145452329
0.10341037026593791;-1.4792910373713721
0.11249644802593409;-1.479947129303103
0.12160028144146064;-1.480555179489529
0.13072173520436425;-1.4811149446245224
0.1398606719509942;-1.4816261798534645
0.14901695222726147;-1.482088638773117
0.15819043445329178;-1.482502073431723
0.16738097488768208;-1.4828662343293384
0.17658842759134716;-1.4831808704184026
0.18581264439096612;-1.4834457291045464
0.19505347484200913;-1.4836605562476446
0.20431076619135366;-1.4838250961631143
0.21358436333947725;-1.4839390916234632
0.22287410880223668;-1.4840022838600908
0.23217984267113334;-1.4840144126753558
0.24150140257339378;-1.483975216530458
0.2508386236361606;-1.4838844321705906
0.2601913384446865;-1.4837417948174187
0.26955937700184196;-1.483547038182564
0.2789425666872717;-1.4832998944725362
0.2883407322160991;-1.4830000943940207
0.2977536955971895;-1.4826473671595222
0.3071812760909504;-1.4822414404933713
0.31662329016668045;-1.4817820406381024
0.3260795514594524;-1.4812688923612014
0.33554987072654063;-1.480701718962235
0.34503405580337276;-1.4800802422803614
0.3545319115590146;-1.479404182702232
0.3640432398511804;-1.4786732591702845
0.37356783948076194;-1.4778871891914374
0.3831055061481551;-1.4770456888623371
0.39265603245584957;-1.4761484732275347
0.40221920779553777;-1.4751952558202364
0.4117948183007914;-1.4741857486733136
0.4213826468171789;-1.473119662458229
0.430982472854153;-1.4719967064983481
0.4405940725364552;-1.4708165887827886
0.4502172185550261;-1.4695790159808204
0.45985168011743016;-1.4682836934568184
0.469497222897776;-1.4669303252857804
0.47915360898614223;-1.4655186142694143
0.48882059683749546;-1.4640482619528035
0.4984979412201114;-1.4625189686416564
0.5081853931634784;-1.460930433420151
0.5178826999056945;-1.4592823541693773
0.5275896048403433;-1.45757442758639
0.5373058474628625;-1.4558063492038726
0.5470311633756855;-1.453977813591305
0.5567652842965902;-1.4520885145681186
0.5665079377735259;-1.4501381445238994
0.5762588472395103;-1.4481263947780167
0.5860177319639809;-1.446052955625747
0.595784306996889;-1.4439175163645481
0.6055582831122963;-1.4417197653211347
0.6153393667514722;-1.4394593898793713
0.6251272599654982;-1.4371360765089871
0.6349216603573636;-1.4347495107951267
0.6447222610235619;-1.4322993774687478
0.6545287504951759;-1.429785360437874
0.6643408126784641;-1.427207142819714
0.674158126794928;-1.4245644069736578
0.6839803673208726;-1.4218568345351623
0.6938072039264466;-1.4190841064505342
0.7036383014367225;-1.416245903894507
0.7134733200567835;-1.4133419050950877
0.7233119149599436;-1.4103717908740756
0.7331537361378411;-1.4073352400313899
0.7429984284870722;-1.4042319309111928
0.7528456317471263;-1.4010615414442684
0.7626949804379004;-1.3978237491917294
0.7725461037967851;-1.3945182313900548
0.7823986257153344;-1.3911446649974528
0.7922521646755006;-1.3877027267415547
0.8021063336854525;-1.3841920931684364
0.8119607402149607;-1.3806124406929705
0.8218149861303697;-1.3769634456505042
0.8316686676291347;-1.3732447843498676
0.8415213751739388;-1.3694561331277106
0.8513726934263857;-1.3655971684041683
0.8612222011802629;-1.3616675667398557
0.8710694714436041;-1.3576670050439081
0.8809140716162749;-1.3535951608796377
0.8907555627866733;-1.3494517118880658
0.9005934999361788;-1.34523633612404
0.9104274318983332;-1.3409487121479988
0.9202569012954126;-1.3365885190968145
0.9300814444748274;-1.3321554367562112
0.9399005914453398;-1.327649145634763
0.9497138658131113;-1.3230693270394642
0.9595207847175664;-1.3184156631528803
0.9693208587542171;-1.313687837084812
0.9791135918308149;-1.3088855327856743
0.9888984812316134;-1.3040084353995653
0.9986750175194371;-1.2990562312781317
1.0084426844552197;-1.2940286080331176
1.0182009589316332;-1.288925254620518
1.0279493109064997;-1.2837458614262007
1.0376872033359652;-1.2784901203530032
1.0474140921074544;-1.2731577249092996
1.05712942597239;-1.2677483702990424
1.0668326465015252;-1.262261753534153
1.0765231886359927;-1.256697574093494
1.0862004799170983;-1.2510555333749933
1.0958639403397352;-1.2453353347198555
1.1055129825094467;-1.2395366837162065
1.1151470115824496;-1.2336592883058781
1.1247654252057906;-1.2277028588930112
1.1343676134576572;-1.2216671084544688
1.143952958787827;-1.215551752652066
1.1535208359582718;-1.209356509946607
1.1630706119838998;-1.2030811017137406
1.1726016464093918;-1.1967252526073133
1.1821132911071486;-1.1902886905742072
1.1916048898198484;-1.1837711466840994
1.2010757783687656;-1.1771723554478317
1.2105252846014625;-1.170492054946874
1.2199527283398894;-1.1637299869648012
1.2293574213289062;-1.1568858971207725
1.2387386671852132;-1.1499595350050276
1.2480957613467034;-1.142950654316392
1.257427991022225;-1.1358590130017951
1.2667346354599824;-1.1286843735760002
1.276014966257048;-1.1214265034661461
1.2852682461875589;-1.1140851745284903
1.2944937296722068;-1.1066601634860975
1.303690662768824;-1.099151252100098
1.3128582831354585;-1.0915582273273279
1.321995819994322;-1.083880881480232
1.3311024940966143;-1.0761190123890327
1.3401775176882105;-1.0682724235661674
1.3492200944762314;-1.0603409243729867
1.3582294197811737;-1.052324330246568
1.3672046813780683;-1.0442224631443098
1.3761450579356818;-1.0360351512382715
1.385049719447166;-1.027762229235184
1.393917827350662;-1.019403538601363
1.4027485345146844;-1.0109589277472606
1.4115409852249523;-1.0024282522144687
1.4202943151726775;-0.9938113748651618
1.4290076514442953;-0.9851081660739952
1.4376801125126502;-0.9763185039224445
1.4463108082964558;-0.9674422744033842
1.4548988413841988;-0.9584793717636003
1.4634433055051383;-0.9494296985278592
1.4719432855351848;-0.9402931657040722
1.480397857884116;-0.9310696930351727
1.4888060905124207;-0.9217592092101116
1.4971670429503134;-0.9123616520773915
1.5054797663189319;-0.9028769688611303
1.5137433033537102;-0.8933051163796603
1.5219566884299387;-0.8836460612666516
1.5301189475925583;-0.8738997801945673
1.5382290997850925;-0.8640662599797309
1.5462861561189611;-0.8541454978881059
1.554289118882747;-0.8441375019701011
1.5622369823644533;-0.8340422912149721
1.5701287329102724;-0.8238598957851114
1.577963348986413;-0.8135903572527765
1.5857398012439767;-0.8032337288392669
1.5934570525868967;-0.7927900756565355
1.6011140582429226;-0.7822594749512535
1.6087097658376637;-0.7716420163513131
1.616243116274151;-0.7609378018499031
1.6237130443704608;-0.7501469458728875
1.6311184766166047;-0.7392695763005067
1.6384583324106887;-0.7283058343440989
1.645731524210178;-0.7172558747843788
1.6529369576480923;-0.7061198662247323
1.6600735316532549;-0.6948979913466364
1.6671401385745985;-0.6835904471671846
1.6741356643095249;-0.6721974452987315
1.6810589884363263;-0.6607192122106411
1.6879089846778919;-0.6491559892950728
1.694684522300525;-0.6375080323712868
1.701384464075005;-0.6257756132754815
1.7080076671399922;-0.6139590196983316
1.7145529833444075;-0.6020585553424896
1.7210192594397424;-0.5900745401754928
1.7274053372781963;-0.5780073106837149
1.7337100540166552;-0.5658572201273433
1.739932242327546;-0.5536246387928049
1.746070730739976;-0.5413099538191943
1.752124343770323;-0.5289135697682269
1.7580919020778403;-0.5164359091294152
1.7639722227622585;-0.5038774123590608
1.7697641196061538;-0.49123853812980967
1.7754664033233296;-0.4785197635806429
1.7810778818132031;-0.465721584567309
1.7865973604212018;-0.4528445159131942
1.7920236424749534;-0.4398890913114167
1.7973555302674877;-0.4268558626564991
1.8025918239332073;-0.41374540211194344
1.8077313222607705;-0.40055830167880685
1.8127728230758433;-0.38729517332927493
1.8177151235605145;-0.3739566492304374
1.8225570205798605;-0.36054338196702307
1.8272973110156643;-0.3470560447630908
1.8319347921139264;-0.3334953316761923
1.8364682621377866;-0.3198619566008446
1.8408965204453465;-0.3061566545933603
1.8452183677568181;-0.29238018246900577
1.849432606649639;-0.2785333185173736
1.8535380419427916;-0.26461686268714985
1.8575334810886717;-0.2506316367682763
1.8614177345724972;-0.23657848457150638
1.8651896163192645;-0.22245827210535277
1.8688479441659778;-0.20827188717937534
1.8723915403835785;-0.19402023858789524
1.875819231873305;-0.1797042585861346
1.8791298507022247;-0.16532490208339484
1.8823222345594781;-0.15088314669256764
1.8853952272124495;-0.13637999285237468
1.888347678970679;-0.12181646394506163
1.891178447157515;-0.10719360640954391
1.8938863965785353;-0.09251248977527618
1.8964703997430647;-0.07777420495630416
1.8989293376418357;-0.06297986627778016
1.9012621002783572;-0.04813061176686286
1.9034675870900089;-0.033227602634892724
1.905544707459703;-0.018272023319443137
1.9074923812349638;-0.0032650815195992486
1.9093095392544175;0.011791991775538694
1.9109951238816962;0.026897942265111194
1.912548089203716;0.04205149316114297
1.913967401225254;0.057251346047134735
1.9152520394905286;0.07249617826901067
1.9164009971502358;0.08778464415570851
1.9174132814926899;0.10311537512880159
1.9182879145029645;0.11848697976850214
1.9190239334284955;0.13389804388876705
1.9196203913511474;0.14934713062150923
1.920076357670733;0.16483278063866225
1.920390917288541;0.1803535141540763
1.9205631728862214;0.1959078287479641
1.9205922454376003;0.21149419960421587
1.9204772744245047;0.22711108016673842
1.9202174184141558;0.24275690232360225
1.9198118556413348;0.2584300766025861
1.9192597845953132;0.27412899237812144
1.9185604246115535;0.2898520180896206
1.9177130153922275;0.30559750233725436
1.9167168170909725;0.3213637745387905
1.9155711134334301;0.3371491431581934
1.9142752110373649;0.3529518970083967
1.9128284399552309;0.36877030558536555
1.9112301542441668;0.38460261939532175
1.9094797325382735;0.40044707029536536
1.9075765786231866;0.41630187184747625
1.9055201217384996;0.43216521980616335
1.9033098144982112;0.4480352936640225
1.900945137032543;0.46391025548613873
1.8984255970109292;0.4797882505633325
1.8957507296146896;0.4956674081018411
1.8929200980611636;0.5115458416858039
1.8899332941268938;0.5274216497545634
1.8867899386698657;0.5432929160947639
1.8834896821507898;0.5591577103472897
1.8800322031710601;0.5750140888103723
1.87641720892625;0.5908600949854957
1.8726444390810812;0.6066937596523131
1.8687136643721869;0.6225131017066025
1.8646246870403846;0.6383161287532088
1.8603773412678968;0.6541008377129628
1.85597149361077;0.6698652154449602
1.8514070434265015;0.6856072393841858
1.8466839227938285;0.7013248781244759
1.8418020936006074;0.717016091623138
1.836761552888247;0.7326788325713317
1.831562332090524;0.7483110469302732
1.8262044967934787;0.7639106745560205
1.8206881470506908;0.7794756499176253
1.815013417689555;0.7950039028300597
1.8091804786085648;0.8104933592019038
1.8031895350655853;0.8259419417978316
1.7970408254350227;0.8413475698773071
1.7907346223222498;0.8567081603676645
1.784271235715598;0.8720216299758429
1.7776510113519128;0.8872858951582341
1.7708743308787127;0.9024988729204007
1.7639416120031721;0.9176584816296834
1.756853308627937;0.932762641840685
1.7496099109737537;0.9478092771336688
1.7422119450923357;0.9627963144473439
1.7346599702195118;0.9777216825591157
1.726954583364173;0.9925833168779111
1.7190964180246324;1.007379159157796
1.7110861437977272;1.0221071580117604
1.7029244663485563;1.0367652697632503
1.6946121273633425;1.0513514593073783
1.6861499044854293;1.0658637009817915
1.6775386112268893;1.0802999794352606
1.6687790949779107;1.09465828749342
1.65987223805721;1.108936628920213
1.6508189589596758;1.1231330215311188
1.641620211116126;1.1372454963677836
1.6322769826743835;1.1512720985411788
1.6227902962607197;1.165210888080037
1.613161208721685;1.1790599407845501
1.6033908108462922;1.1928173490853715
1.5934802268363553;1.2064812220568522
1.5834306131850844;1.220049683339144
1.5732431596414624;1.2335208767805965
1.5629190884053523;1.2468929656740522
1.5524596536335429;1.2601641332097422
1.5418661410025902;1.273332583213503
1.5311398672495817;1.2863965408812366
1.520282179931423;1.2993542533964708
1.5092944573986262;1.3122039904328786
1.4981781073286398;1.3249440453202
1.4869345665669125;1.33757273558093
1.4755653006183467;1.350088403617315
1.464071803086468;1.3624894174088078
1.4524555950923264;1.3747741712049226
1.4407182248330788;1.3869410850402222
1.4288612671160381;1.3989886042760384
1.4168863222899668;1.4109152034101713
1.4047950157867455;1.4227193852561766
1.3925889974600048;1.4343996814586708
1.3802699408978365;1.4459546530454859
1.3678395427161414;1.4573828909686124
1.3552995225006526;1.4686830159013031
1.3426516222259361;1.479853678576316
1.3298976043442474;1.4908935615504473
1.3170392516353788;1.5018013790053706
1.3040783664541291;1.5125758771766473
1.2910167699573558;1.5232158347726736
1.2778563013151203;1.5337200633787087
1.2645988179193404;1.5440874068869712
1.2512461942621873;1.5543167421556034
1.237800320111926;1.564406980302505
1.2242631003229283;1.5743570664227482
1.2106364540208696;1.5841659798672891
1.196922313774979;1.5938327345039633
1.1831226247742812;1.603356378952221
1.16923934542745;1.6127359960746943
1.1552744455542414;1.6219707036607651
1.1412299047932961;1.6310596549766183
1.1271077123836295;1.6400020385973413
1.1129098663289996;1.6487970785264179
1.0986383725535753;1.6574440342953722
1.084295244107903;1.665942201029723
1.069882501984187;1.674290909115346
1.0554021727473375;1.6824895245902611
1.0408562873655005;1.6905374492330176
1.0262468808985443;1.698434120427836
1.0115759916755982;1.7061790111277697
0.9968456604683635;1.7137716297969723
0.982057929787542;1.721211520334723
0.9672148448090818;1.7284982620128249
0.9523184506123025;1.7356314693148622
0.9373707914463382;1.7426107917971736
0.9223739103444255;1.7494359139363043
0.9073298483474883;1.7561065549474577
0.8922406437280431;1.7626224685821426
0.8771083314208231;1.7689834429614615
0.8619349438556796;1.7751893007719834
0.8467225081300092;1.7812398984397018
0.8314730456495409;1.7871351259581096
0.8161885716831875;1.7928749066718936
0.8008710946595747;1.7984591969690888
0.7855226154681163;1.803887985953585
0.7701451270439224;1.809161295254833
0.7547406149722481;1.8142791793879323
0.7393110548893178;1.8192417242923387
0.7238584123770113;1.8240490472489295
0.7083846424985663;1.8287012965732834
0.692891689188753;1.8331986512050062
0.6773814846522508;1.83754132027947
0.6618559490922342;1.8417295429840037
0.6463169910076569;1.8457635889222423
0.6307665050727274;1.8496437561852082
0.6152063721480813;1.853370371396693
0.5996384588407778;1.856943789310114
0.584064617001542;1.8603643923212427
0.5684866832331776;1.863632589966085
0.5529064787236659;1.8667488188845927
0.5373258092465072;1.8697135430088228
0.5217464636601917;1.8725272514183997
0.5061702139208113;1.875190458483635
0.49059881470554134;1.8777037033802124
0.4750340030232906;1.8800675495522525
0.45947749783853986;1.882282584163718
0.44393099994802504;1.884349418209859
0.4283961917814937;1.8862686863671245
