-1.1755705045849465;-1.6180339887498947
-1.1618417250631807;-1.6279040317917333
-1.1480153489585252;-1.6376360074609988
-1.1340932138924837;-1.6472286508202174
-1.1200771632625295;-1.6566807393745575
-1.105969061139673;-1.665991082127453
-1.0917707910624381;-1.6751585204606774
-1.077484255723976;-1.684181928336484
-1.0631113761057671;-1.6930602128083134
-1.0486540900098897;-1.7017923145347282
-1.0341143511567406;-1.7103772082386604
-1.0194941292842972;-1.7188139030697835
-1.0047954089398023;-1.7271014430933591
-0.9900201889614638;-1.7352389066724654
-0.9751704817985041;-1.7432254064599197
-0.9602483123252621;-1.751060091298301
-0.9452557172467556;-1.7587421458893708
-0.9301947442228393;-1.7662707902766384
-0.9150674510284573;-1.7736452796325521
-0.899875904945872;-1.7808649059751154
-0.8846221819073613;-1.78792899780907
-0.869308365572063;-1.7948369196428409
-0.85393654641897;-1.8015880715919779
-0.8385088212200436;-1.8081818909813858
-0.8230272921308196;-1.8146178519362026
-0.8074940658519916;-1.8208954648661422
-0.7919112527870765;-1.8270142758560872
-0.7762809663190424;-1.832973868260555
-0.7606053219737573;-1.8387738622014447
-0.7448864366820658;-1.8444139137298774
-0.7291264280439226;-1.8498937139858325
-0.7133274133405633;-1.855212991677752
-0.6974915088107619;-1.8603715120824307
-0.6816208288520261;-1.8653690770339644
-0.6657174852384848;-1.8702055248342133
-0.6497835870570094;-1.8748807259396498
-0.6338212393230832;-1.8793945864120285
-0.6178325419619688;-1.8837470492208923
-0.6018195892653502;-1.8879380927500349
-0.5857844691100806;-1.891967730702901
-0.5697292625130118;-1.8958360110787071
-0.5536560441687705;-1.8995430124306627
-0.5375668796576087;-1.9030888493316087
-0.5214638252748982;-1.9064736705906746
-0.5053489274214779;-1.9096976586842003
-0.4892242218611403;-1.9127610295540243
-0.47309173440363267;-1.9156640298850995
-0.4569534801738617;-1.9184069368830603
-0.44081146092951473;-1.9209900615026867
-0.424667665397085;-1.9234137463390608
-0.4085240685857623;-1.9256783653261205
-0.3923826313110131;-1.9277843231804397
-0.376245302187495;-1.929732051838874
-0.3601140140272785;-1.9315220137071194
-0.3439906833051283;-1.9331547011744667
-0.3278772100880477;-1.9346306355633698
-0.31177547741732925;-1.9359503667455245
-0.2956873520820564;-1.9371144715484256
-0.27961468471168055;-1.9381235527538205
-0.26355930746240935;-1.9389782401877453
-0.24752303299127962;-1.9396791906912434
-0.23150765478486;-1.9402270869135623
-0.2155149466159867;-1.9406226368710007
-0.19954666468908855;-1.9408665718785256
-0.1836045455682374;-1.940959647024215
-0.16769030427532047;-1.940902641537226
-0.15180563503934602;-1.9406963575511573
-0.13595221096365134;-1.9403416195170828
-0.12013168371827931;-1.939839273597643
-0.10434568357651144;-1.9391901873054196
-0.08859581953028792;-1.9383952491666958
-0.07288367818535343;-1.9374553673385526
-0.057210823965191365;-1.9363714692662497
-0.04157879898291458;-1.9351445010268955
-0.025989122925948058;-1.9337754266439662
-0.01044329259222719;-1.9322652278356232
0.005057220635669546;-1.9306149062490972
0.020510967695279714;-1.9288254789794115
0.03591652260458353;-1.9268979787221523
0.051272482911321776;-1.9248334535701979
0.0665774697827934;-1.92263296639631
0.08183012809115887;-1.9202975942535663
0.09702912727983304;-1.917828429108688
0.11217316085589832;-1.9152265763007066
0.12726094609572808;-1.9124931533819018
0.14229122438186373;-1.909629290040816
0.15726276122928617;-1.9066361275306816
0.1721743462961492;-1.9035148180971981
0.1870247935552995;-1.9002665247767057
0.20181294142612416;-1.8968924211429214
0.2165376523220268;-1.8933936898560388
0.23119781280539506;-1.8897715225222154
0.24579233354494023;-1.8860271191692446
0.26032014925389785;-1.8821616877140033
0.27478021868734065;-1.8781764435335693
0.28917152495170584;-1.8740726094905518
0.3034930748658071;-1.86985141466656
0.31774389899014077;-1.8655140940430395
0.33192305156497615;-1.8610618880775862
0.3460296103866134;-1.856496042216422
0.3600626766654739;-1.8518178064054895
0.3740213753934533;-1.8470284351386366
0.3879048547078167;-1.842129186498498
0.40171228572334766;-1.8371213216925975
0.41544286246425766;-1.8320061047084661
0.42909580169121864;-1.8267848018788515
0.44267034271649275;-1.8214586814519382
0.4561657475286743;-1.8160290133712382
0.46958130073558213;-1.8104970689525708
0.48291630868823665;-1.8048641200529234
0.4961700996065555;-1.799131438889613
0.5093420233742991;-1.7933002976621086
0.5224314513219069;-1.7873719681793427
0.5354377760024391;-1.781347721495926
0.548360410961023;-1.775228827557625
0.5611987909356808;-1.769016554980286
0.5739523716435777;-1.7627121707229891
0.5866206288787464;-1.7563169395781277
0.5992030586530387;-1.7498321239688515
0.6116991769758762;-1.7432589836565664
0.6241085196323342;-1.7365987754605114
0.6364306419611995;-1.7298527529901098
0.6486651186334652;-1.7230221663903775
0.660811542948003;-1.716108261421902
0.6728695267442215;-1.7091122794182525
0.6848387006814519;-1.7020354577692787
0.6967187136830156;-1.6948790292432423
0.7085092326913474;-1.6876442217559675
0.7202099424235632;-1.6803322581507927
0.7318205451278762;-1.6729443559895139
0.743340760339118;-1.6654817273515206
0.7547703241939484;-1.6579455780298538
0.7661089894255144;-1.6503371076805702
0.7773565254252881;-1.6426575100738252
0.7885127177605603;-1.6349079725961293
0.7995773679161823;-1.6270896760719467
0.8105502930372024;-1.6192037945937472
0.8214313256726811;-1.6112514953605328
0.8322203135172843;-1.6032339385205117
0.8429171189108534;-1.5951522767344788
0.8535216187650236;-1.5870076552495496
0.864033704416092;-1.5788012118916477
0.8744532812659638;-1.5705340768133047
0.8847802685244041;-1.5622073723662757
0.8950145989530183;-1.5538222129810912
0.9051562186111799;-1.5453797050534883
0.9152050865990827;-1.5368809468338065
0.9251611746395547;-1.5283270281977432
0.9350244669784566;-1.519719030666022
0.9447949601755086;-1.5110580273445784
0.9544726627994491;-1.5023450827956992
0.9640575951808447;-1.4935812529574124
0.973549789167467;-1.48476758506868
0.9829492878824198;-1.475905117600316
0.9922561454764265;-1.4669948801865809
1.00147042671741;-1.4580378934683926
1.0105922069337832;-1.4490351691405288
1.0196215717924584;-1.4399877099086174
1.0285586170179457;-1.4308965094159973
1.0374034481612697;-1.4217625522018553
1.0461561803719743;-1.4125868136639768
1.0548169381733543;-1.4033702600260114
1.0633858552279314;-1.3941138483063977
1.0718630739486592;-1.3848185262585806
1.0802487454776508;-1.3754852323915414
1.088543029458302;-1.366114895950403
1.0967460937826357;-1.356708436895012
1.1048581143796203;-1.3472667658901154
1.1128792750068073;-1.3377907842991212
1.1208097670453814;-1.3282813841813275
1.1286497892830056;-1.3187394482922783
1.1363995475739472;-1.3091658500855408
1.1440592548194704;-1.2995614537221698
1.1516291307455087;-1.2899271140802064
1.1591094016832206;-1.280263676767062
1.166500300378361;-1.2705719781350453
1.1738020658039618;-1.2608528452995433
1.1810149429763905;-1.2511070961597521
1.1881391827457626;-1.2413355394285468
1.1951750415424338;-1.231538974675624
1.2021227813392996;-1.2217181923238316
1.2089826694283758;-1.2118739736913131
1.2157549782429893;-1.2020070910259446
1.2224399851895178;-1.192118307540294
1.229037972482388;-1.1822083774484573
1.2355492269823702;-1.1722780460046605
1.2419740399849495;-1.1623280495647967
1.2483127070473379;-1.1523591156354274
1.2545655279344945;-1.1423719628780489
1.2607328064162353;-1.1323673011755593
1.2668148501170013;-1.122345831680312
1.2728119703691307;-1.1123082468632992
1.2787244820691697;-1.1022552305645554
1.2845527035363604;-1.0921874580453073
1.2902969563169966;-1.0821055960814607
1.2959575650908706;-1.072010302988242
1.3015348575634373;-1.0619022286579218
1.3070291643111747;-1.051782014633452
1.3124408186528305;-1.0416502941666972
1.3177701565234679;-1.0315076922774515
1.3230175163513032;-1.0213548258131513
1.328183238932384;-1.0111923035140293
1.3332676672629942;-1.0010207261227193
1.3382711464845227;-0.9908406863874009
1.3431940237621076;-0.9806527691325706
1.3480366481632704;-0.9704575513328052
1.3527993705486407;-0.9602556021776432
1.357482543465197;-0.9500474831368266
1.3620865210420119;-0.9398337480258236
1.3666116588792996;-0.9296149430847888
1.3710583139221915;-0.9193916070831863
1.3754268444099746;-0.9091642713194783
1.3797176097641766;-0.8989334597122949
1.38393097049244;-0.8886996888723211
1.3880672880970513;-0.8784634681708223
1.3921269249856902;-0.8682252998082146
1.3961102443843962;-0.8579856788825981
1.400017610240992;-0.8477450934830458
1.4038493871368927;-0.8375040247695679
1.4076059402301224;-0.8272629469913073
1.411287635164093;-0.8170223275814851
1.414894837989958;-0.8067826272277138
1.418427915091101;-0.7965442999418026
1.4218872331095664;-0.7863077931293642
1.4252731588742915;-0.7760735476595737
1.4285860593211497;-0.7658419979708121
1.4318263014316885;-0.7556135721155391
1.4349942521719463;-0.7453886918110838
1.4380902784232918;-0.7351677725251188
1.441114746919325;-0.7249512235452895
1.44406802418448;-0.7147394480485014
1.4469504764742975;-0.7045328431698376
1.449762469716712;-0.6943318000770283
1.4525043694490118;-0.6841367041007537
1.4551765407722033;-0.6739479347145816
1.4577793482962471;-0.6637658656155899
1.4603131560866074;-0.6535908648065054
1.4627783276138289;-0.6434232946627243
1.4651752257045796;-0.6332635119987625
1.4675042124941287;-0.6231118681340806
1.4697656493802307;-0.6129687089582597
1.4719598969783898;-0.6028343749954755
1.474087315078472;-0.5927092014682462
1.4761482626022464;-0.5825935183704452
1.4781430975535736;-0.5724876507603366
1.480072176989447;-0.5623919185524143
1.481935856982304;-0.5523066365628584
1.4837344925798195;-0.5422321146492899
1.485468437768835;-0.5321686577738978
1.4871380454404284;-0.5221165660658855
1.4887436673560908;-0.5120761348832228
1.4902856541149803;-0.5020476548736601
1.4917643551222268;-0.49203141203499245
1.493180118558259;-0.48202768777453003
1.494533291349488;-0.47203675897022823
1.4958242191686206;-0.4620588982221795
1.4970532463810087;-0.4520943737370228
1.498220716004812;-0.44214344929755894
1.49932696969936;-0.4322063844137287
1.5003723477406155;-0.4222834343809378
1.5013571889974988;-0.4123748503376947
1.5022818309090507;-0.4024808793225563
1.5031466094623998;-0.3926017643303461
1.5039518591715115;-0.38273774436764446
1.50469791305669;-0.372889054507515
1.5053851026248088;-0.36305592594347996
1.5060137578948383;-0.35323858616848025
1.506584207357625;-0.3434372589657064
1.5070967779108673;-0.33365216432683575
1.5075517948754094;-0.3238835185970352
1.5079495819798159;-0.31413153452797665
1.5082904613455879;-0.3043964213302089
1.5085747534729974;-0.29467838472486046
1.5088027772275137;-0.2849776269946778
1.5089748498267979;-0.2752943470343735
1.50909128682824;-0.26562874040028717
1.509152402117014;-0.25598099935933527
1.5091585079364394;-0.2463513130073453
1.5091099148828824;-0.2367398673264266
1.509006931810042;-0.22714684508897232
1.5088498658666198;-0.21757242598379462
1.5086390224885229;-0.20801678666463327
1.5083747053909884;-0.19848010079714032
1.5080572165611579;-0.18896253910526387
1.5076868562510781;-0.17946426941702145
1.507263922971106;-0.1699854567096537
1.5067887134836986;-0.16052626315416313
1.5062615227975635;-0.15108684815922022
1.5056826441939093;-0.1416673684492214
1.5050523692540185;-0.13226797814280544
1.5043709877479567;-0.12288882867834051
1.5036387876804198;-0.11353006891053474
1.5028560552902595;-0.10419184515539609
1.502023075047874;-0.09487430123193624
1.5011401296529199;-0.08557757850333557
1.5002075000323198;-0.07630181591755453
1.4992254653385557;-0.06704715004740316
1.498194302948225;-0.057813715130053914
1.4971142884608426;-0.04860164310600955
1.4959856957188118;-0.039411063674316196
1.4948087968562906;-0.030242104370245826
1.4935838621896658;-0.02109489051516214
1.49231116026048;-0.011969545288032873
1.4909909578418485;-0.0028661897669518405
1.4896235199397756;0.006215057034094203
1.4882091097946912;0.015274078128946336
1.4867479888831925;0.024310758523468232
1.4852404169199742;0.03332498518022678
1.483686651859934;0.04231664698364444
1.4820869499004379;0.051285634705635054
1.4804415654960077;0.060231840964967726
1.4787507514168305;0.06915516016310558
1.4770147586531173;0.07805548850526119
1.4752338364484783;0.08693272395110448
1.4734082323124695;0.09578676617743721
1.4715381920247719;0.10461751654596796
1.4696239596395124;0.11342487807151375
1.467665777489721;0.12220875539061307
1.4656638861919082;0.1309690547305606
1.4636185246507512;0.13970568387884777
1.4615299300638775;0.14841855215301974
1.459398337936463;0.15710757036750117
1.4572239821661295;0.16577265077605519
1.4550070949184242;0.1744137070885457
1.4527479066601199;0.18303065443244088
1.4504466461835002;0.19162340931790128
1.4481035406122098;0.20019188960978077
1.4457188154071605;0.20873601449999823
1.4432926943724773;0.21725570448028955
1.440825399661479;0.22575088131532423
1.4383171517826778;0.2342214680161963
1.4357681696057911;0.24266738881427424
1.4331786703677496;0.25108856913541855
1.4305488696786945;0.25948493557455293
1.4278789815279518;0.2678564158705967
1.4251692182899716;0.27620293888174696
1.4224197908675604;0.28452443452260573
1.4196309086987915;0.29282083373986223
1.4168027794761031;0.30109206856898724
1.4139356093187783;0.3093380720641399
1.4110296027825615;0.3175587782740433
1.4080849628673069;0.32575412221872474
1.405101891024635;0.33392403986654867
1.4020805871655868;0.3420684681115505
1.3990212496682726;0.3501873447510561
1.3959240753854987;0.3582806084635944
1.3927892596523743;0.3663481987870877
1.3896169962938816;0.374390056097328
1.386407477632407;0.38240612158672305
1.3831608944952216;0.3903963372433205
1.379877436238984;0.39836064582882985
1.376557290933634;0.40629899084510057
1.3732006450992416;0.4142113165339698
1.3698076837594821;0.42209756785390873
1.3663785904957204;0.42995769045686527
1.3629135474556187;0.43779163066872306
1.359412735361735;0.44559933546999375
1.3558763335200938;0.45338075247674947
1.352304519828734;0.46113582992178104
1.348697470786218;0.46886451663598794
1.345055361500107;0.4765667620299878
1.3413783656953866;0.48424251607594493
1.3376666557228438;0.4918917292896171
1.3339204025673874;0.49951435271260836
1.3301397758563027;0.5071103378948341
1.3263249439456581;0.5146796368832427
1.3224760739488373;0.5222222022062656
1.318593331549559;0.5297379868417652
1.3146768811167404;0.5372269442085715
1.310726885715897;0.5446890281501915
1.3067435071182432;0.5521241929185362
1.3027269058097681;0.5595323931578283
1.2986772410002723;0.5669135838886948
1.2945946706323723;0.574267720492433
1.2904793513904627;0.5815947586954535
1.2863314387096334;0.5888946545538895
1.2821510867845376;0.5961673644383745
1.2779384485782095;0.6034128450189794
1.2736936758308208;0.6106310532503109
1.2694169190763964;0.6178219463586574
1.2651083277571635;0.6249854818524313
1.2607680500790674;0.6321216174714648
1.256396233038052;0.639230311176915
1.2519930224597067;0.6463115211444872
1.2475585630085442;0.6533652057506245
1.2430929981972496;0.6603913235588378
1.2385964703958958;0.6673898333061761
1.2340691208411187;0.6743606938898369
1.2295110896452586;0.6813038643539049
1.224922515805454;0.6882193038762251
1.220303537212696;0.6951069717553976
1.2156542906608325;0.7019668273978992
1.2109749118555242;0.7087988303053196
1.206265535423147;0.7156029400617188
1.2015262949579784;0.722379116338399
1.1967573230519397;0.7291273188909435
1.1919587511904848;0.7358475074959436
1.1871307098197805;0.7425396419652021
1.1822733283579514;0.7492036821348028
1.17738673520434;0.7558395878534144
1.1724710577487365;0.7624473189706987
1.1675264223805775;0.7690268353258294
1.1625529544981088;0.7755780967361109
1.1575507785175174;0.7821010629856959
1.1525200178820207;0.7885956938144054
1.1474607950709221;0.7950619489066364
1.1423732316086235;0.8014997878803638
1.1372574480735997;0.8079091702762267
1.132113564110703;0.8142900555486124
1.1269416984981204;0.8206424030877069
1.1217419690769397;0.8269661721640568
1.1165144927639654;0.833261321920256
1.111259385579556;0.839527811371207
1.1059767626568238;0.8457655993939653
1.1006667382508177;0.851974644717662
1.095329425747679;0.8581549059135093
1.0899649376737721;0.8643063413848793
1.084573385704785;0.8704289093574641
1.0791548806748086;0.8765225678695014
1.073709532585382;0.8825872747620739
1.0682374506145131;0.88862298766947
1.0627387431256643;0.894629664009617
1.0572135176767115;0.9006072609745673
1.0516618810411484;0.9065557354941929
1.0460839392609944;0.9124750444211099
1.0404797975449962;0.9183651441673888
1.0348495603441936;0.9242259909500368
1.029193331352317;0.9300575407160101
1.0235112135149549;0.9358597491334577
1.0178033090386969;0.941632571583006
1.0120697194002608;0.9473759631490737
1.0063105453556005;0.9530898786112262
1.0005258869489955;0.9587742724355606
0.9947158435221168;0.9644290987661338
0.988880513723079;0.9700543114164193
0.9830199955154698;0.9756498638608028
0.9771343861873638;0.9812157092261115
0.9712237823616428;0.986751800284423
0.9652882800358713;0.9922580894734406
0.9593279745521204;0.9977345288516918
0.9533429606044133;1.0031810700888144
0.9473333322588284;1.0085976644676804
0.9412991829626246;1.0139842628763578
0.9352406055533591;1.0193408158001107
0.9291576922679929;1.0246672733134474
0.9230505347519881;1.029963585072207
0.9169192240683877;1.035229700305694
0.9107638507068923;1.040465567808853
0.9045845045929202;1.0456711359344877
0.8983812750966612;1.050846352585522
0.8921542510497097;1.055991165213248
0.8859035207753981;1.061105520826333
0.8796291720505081;1.0661893659462147
0.8733312921322596;1.0712426466135965
0.8670099677703753;1.0762653083833296
0.8606652852162828;1.081257296317101
0.8542973302323107;1.0862185549761727
0.8479061881008846;1.0911490284141685
0.8414919436337147;1.096048660169913
0.8350546811809847;1.1009173932603173
0.8285944846405344;1.1057551701733144
0.822111437467043;1.1105619328608427
0.8156056226812016;1.1153376227318819
0.8090771229075582;1.120082180644439
0.8025260203724353;1.1247955468991107
0.7959523968726793;1.1294776612338104
0.7893563338113909;1.1341284628159811
0.7827379122074158;1.1387478902358652
0.7760972127048158;1.1433358814998198
0.7694343155823444;1.147892374023683
0.7627493007629327;1.152417304626187
0.756042247823177;1.1569106095224235
0.7493132360028406;1.1613722243173543
0.7425623442143584;1.1658020839993724
0.7357896510523535;1.1702001229339103
0.7289952348060164;1.1745662748542858
0.7221791735075704;1.178900472817114
0.7153415448863804;1.1832026492505785
0.7084824263841999;1.187472735942626
0.7016018951761679;1.1917106640235637
0.6947000281806591;1.1959163639596722
0.6877769020691502;1.2000897655468636
0.6808325932761052;1.2042307979043743
0.6738671780088752;1.2083393894684982
0.6668807322576195;1.2124154679863592
0.6598733318052429;1.2164589605097198
0.652845052237353;1.2204697933888293
0.6457959689522302;1.2244478922663138
0.6387261571866939;1.2283931820594305
0.6316356920540509;1.2323055869334938
0.6245246484789176;1.2361850303511637
0.6173931012395901;1.240031435042724
0.6102411249815213;1.243844722997652
0.6030687942277569;1.2476248154584753
0.5958761833893973;1.2513716329146634
0.5886633667760927;1.255085095096543
0.5814304186065624;1.2587651209692512
0.5741774130191523;1.2624116287267086
0.5669044240824153;1.26602453578563
0.5596115258057295;1.2696037587795572
0.5522987921500009;1.2731492135529037
0.5449662970832464;1.2766608151359293
0.5376141145589739;1.2801384777526281
0.5302423184879498;1.2835821148314712
0.5228509827801509;1.2869916389863139
0.5154401813559685;1.2903669620104357
0.5080099881574527;1.2937079948706063
0.500560477159606;1.2970146477011706
0.4930917223817151;1.3002868297981618
0.4856037978987331;1.3035244496134342
0.4780967778527039;1.3067274147488215
0.4705707364642346;1.309895631950316
0.46302574804400626;1.3130290071022752
0.45546188701150214;1.3161274452203842
0.4478792279686032;1.319190850434989
0.44027784561298894;1.322219126002675
0.43265781476976517;1.3252121742970524
0.4250192104181293;1.328169896800449
0.41736210770363064;1.3310921940981681
0.4096865819504875;1.3339789658727719
0.4019927086739707;1.3368301108983787
0.3942805635928411;1.3396455270349887
0.3865502226418563;1.342425111222822
0.37880176198433424;1.3451687594766835
0.3710352580247829;1.3478763668803415
0.36325078742158445;1.3505478275809346
0.3554484271302302;1.3531830347842695
0.34762825444596984;1.3557818807501227
0.3397903469076892;1.3583442567835682
0.33193478236297047;1.3608700532309626
0.32406163898439233;1.363359159474543
0.31617099528313214;1.3658114639269674
0.3082629301226528;1.368226854025877
0.30033752273246384;1.3706052162284776
0.29239485272196913;1.3729464360061425
0.28443500009439265;1.3752503978390371
0.27645804526078765;1.3775169852107623
0.2684640690541208;1.3797460806030217
0.2604531527442073;1.381937565490474
0.2524253781258086;1.3840913203514837
0.2443808274622268;1.3862072246474837
0.2363195834635177;1.388285156809857
0.2282417293405488;1.3903249942433058
0.22014734882017684;1.3923266133207723
0.21203652616052335;1.3942898893783873
0.2039093461663569;1.3962146967104423
0.19576589420457036;1.3981009085643883
0.18760625621976784;1.3999483971358606
0.1794305187499494;1.4017570335637282
0.17123876894230258;1.4035266879251689
0.16303109456908899;1.4052572292307703
0.15480758404338302;1.4069485254195542
0.14656832658581176;1.4086004434144512
0.13831341197939184;1.41021284901282
0.13004293071404174;1.4117856069329926
0.12175697399375857;1.4133185808058082
0.1134556337538945;1.4148116331701763
0.10513900267854592;1.4162646254686695
0.09680717421804653;1.4176774180431446
0.08846024260658045;1.4190498701303926
0.08009830287990549;1.4203818398578214
0.07172145089319774;1.4216731842391668
0.06332978333900695;1.4229237591702393
0.05492339776533994;1.4241334194246995
0.04650239265921212;1.425302018689236
0.03806686748391426;1.4264294095708174
0.029616922524266134;1.4275154434882442
0.02115265900019818;1.428559970725291
0.012674179088560916;1.4295628404285257
0.004181585942745064;1.4305239006037682
-0.00432501628752173;1.4314429981126118
-0.012845522436210663;1.432319978669006
-0.021379826300842536;1.433154686835904
-0.029927820622162413;1.433946966021976
-0.038489397063626606;1.4346966584783858
-0.04706444619071137;1.4354036052956394
-0.055652857450025156;1.4360676464004996
-0.06425451914823399;1.4366886205529712
-0.0728693184307881;1.4372663653433582
-0.08149714126045902;1.4378007171893945
-0.09013787238173973;1.4382915113456936
-0.09879139510696477;1.4387385820698353
-0.10745759157847833;1.4391417623698266
-0.11613634271389779;1.4395008840300703
-0.12482752812426419;1.4398157776610576
-0.13353102609017126;1.4400862726979875
-0.14224671353761564;1.4403121973995145
-0.1509744660135764;1.4404933788466368
-0.15971415766130384;1.4406296429417174
-0.1684656611953257;1.4407208144076489
-0.17722884787616258;1.4407667167871592
-0.1860035874847446;1.4407671724422617
-0.1947897482965371;1.4407220025538543
-0.20358719705535527;1.4406310271214677
-0.21239579894687682;1.4404940649631652
-0.22121541757183866;1.4403109337155977
-0.23004591491892626;1.4400814498342165
-0.2388871513874661;1.4398054286356867
-0.24773898578580855;1.4394826843203437
-0.2566012751516737;1.4391130298457764
-0.2654738748032669;1.4386962769943903
-0.274356638313913;1.438232236377283
-0.2832494174836129;1.437720717435993
-0.292152062310283;1.437161528444447
-0.3010644209606884;1.4365544765111127
-0.3099863397410487;1.4358993675813574
-0.3189176630673273;1.4351960064400175
-0.3278582334351906;1.4344441967141794
-0.3368078913896469;1.4336437408761773
-0.34576647549434486;1.4327944402468096
-0.35473382230054185;1.4318960949987773
-0.36370976631572904;1.430948504160347
-0.37269413997192186;1.4299514656192414
-0.3816867735997543;1.4289047761356632
-0.3906874955012575;1.4278082314987275
-0.39969613176846475;1.4266616263161616
-0.40871250625953975;1.4254647540324974
-0.41773644060072196;1.4242174069853601
-0.4267677541531273;1.4229193764117114
-0.43580626397921557;1.4215704524543848
-0.44485178480891696;1.420170424168924
-0.45390412900542826;1.41871907953072
-0.4629631065306589;1.4172162054424593
-0.4720285249103378;1.4156615877418797
-0.48110018919876835;1.4140550112098451
-0.4901779019432419;1.4123962595787363
-0.499261463148091;1.4106851155411664
-0.5083506702383928;1.4089213607590245
-0.5174453180233096;1.4071047758728505
-0.5265451986590782;1.405235140511543
-0.5356501016334427;1.4033122334102397
-0.5447598137448796;1.4013358325045768
-0.5538741189896363;1.399305714571481
-0.5629927985608572;1.3972216554261307
-0.5721156308117791;1.3950834299435668
-0.5812423912168064;1.3928908120720072
-0.5903728523322171;1.390643574846605
-0.5995067837565106;1.3883414904036466
-0.6086439520903798;1.3859843299952006
-0.6177841208963182;1.3835718640042236
-0.6269270506578474;1.3811038619601261
-0.6360724987383792;1.3785800925548042
-0.6452202193396919;1.3760003236591443
-0.6543699634600295;1.373364322340008
-0.6635214788518212;1.3706718548776977
-0.67267450997901;1.3679226867839145
-0.6818287979795837;1.3651165828355345
-0.6909840807425764;1.3622533074244194
-0.7001400927021615;1.3593326241316743
-0.7092965647936518;1.356354295748257
-0.7184532244531542;1.3533180844170802
-0.7276097955732757;1.350223751656035
-0.73676599845847;1.3470710583816425
-0.7459215497800136;1.3438597649333444
-0.7550761625306234;1.3405896310984364
-0.7642295459786971;1.3372604161376602
-0.7733814056221895;1.333871878811452
-0.7825314431421111;1.3304237774068663
-0.7916793563556631;1.3269158697651715
-0.8008248391689893;1.3233479133101358
-0.8099675815295566;1.3197196650770036
-0.819107269378154;1.3160308817421764
-0.8282435846005199;1.3122813196535996
-0.8373762050741975;1.308470735026463
-0.846504804721017;1.3045988841499623
-0.8556290530868182;1.3006655227816502
-0.8647486154699194;1.2966704064877903
-0.8738631528831203;1.2926132906985892
-0.88297232200448;1.2884939307455185
-0.8920757751277764;1.2843120818995275
-0.9011731601126455;1.280067499410156
-0.9102641203344106;1.2757599385455543
-0.9193482946335868;1.2713891546334297
-0.9284253172650737;1.2669549031029195
-0.937494817847026;1.2624569395274126
-0.9465564213094158;1.2578950196683176
-0.9556097478422698;1.2532688995198003
-0.9646544128435961;1.2485783353544935
-0.9736900268669876;1.2438230837701945
-0.9827161957743253;1.239002902595484
-0.9917325202958034;1.2341175477371573
-1.00073859677907;1.2291667786852851
-1.009734016082961;1.2241503540295706
-1.0187183639878479;1.2190680329732366
-1.0276912211437417;1.213919575387384
-1.03665216301826;1.2087047418667332
-1.0456007598444506;1.2034232937867593
-1.0545365765684849;1.1980749933622084
-1.0634591727972034;1.1926596037070065
-1.072368102745526;1.1871768888955547
-1.0812629151837205;1.1816266140254148
-1.0901431533845387;1.1760085452813769
-1.0990083550702041;1.1703224500009217
-1.1078580523592678;1.1645680967410668
-1.1166917717133216;1.1587452553466018
-1.1255090338835707;1.1528536970197123
-1.1343093540343543;1.146893194506415
-1.143092241980399;1.1408635223586099
-1.1518572013790382;1.1347644565164348
-1.1606037300000747;1.1285957745945312
-1.1693313197049304;1.1223572559802883
-1.178039456399335;1.1160486819163271
-1.186727619986171;1.109669835584558
-1.1953952843184699;1.103220502191824
-1.2040419171525698;1.096700469057115
-1.2126669801014205;1.0901095257003681
-1.221269928569835;1.0834474639090488
-1.2298502115957768;1.07671407768333
-1.2384072719866244;1.0699091635680846
-1.2469405462262617;1.0630325206868092
-1.255449464407301;1.056083950809753
-1.2639334501836588;1.0490632584500326
-1.272391920723223;1.041970250961226
-1.2808242866605968;1.0348047386364616
-1.289229952049931;1.0275665348089884
-1.2976083143178352;1.020255455954239
-1.305958764243052;1.0128713218090502
-1.3142806866324674;1.0054139559016695
-1.3225734594538312;0.9978831851759817
-1.330836453697408;0.9902788400456708
-1.3390690335927387;0.9826007546585723
-1.347270556572173;0.9748487670135955
-1.3554403732349158;0.9670227190793952
-1.363577827311597;0.9591224569147826
-1.3716822556293544;0.9511478307908835
-1.3797529880774475;0.9430986953150328
-1.3877893475733791;0.9349749095564187
-1.3957906504092255;0.9267763373439408
-1.4037562060570823;0.9185028473227311
-1.4116853166862313;0.9101543128827402
-1.4195772774330926;0.9017306124268373
-1.4274313763769781;0.893231629508323
-1.4352468945166594;0.8846572529703218
-1.4430231057477658;0.8760073770870482
-1.450759276841003;0.867281901706961
-1.4584546674211984;0.8584807323977921
-1.4661085299471701;0.8496037805934625
-1.4737201100407333;0.8406509638510246
-1.4812886468610762;0.8316222061233256
-1.4888133718581043;0.8225174375299346
-1.4962935093226621;0.8133365946876574
-1.503728276412932;0.8040796208800116
-1.5111168831510893;0.7947464662190985
-1.5184585324212843;0.7853370878095075
-1.5257524199689492;0.7758514499142553
-1.5329977344014252;0.7662895241227643
-1.5401936571899193;0.7566512895208685
-1.5473393628654646;0.7469367328810436
-1.5544340199341202;0.7371458489224079
-1.5614767892867503;0.7272786403362345
-1.5684668246867888;0.7173351180094374
-1.5754032729349672;0.7073153012194962
-1.5822852738933881;0.6972192178180143
-1.589111960511522;0.6870469044163743
-1.5958824588541383;0.6767984065734765
-1.6025958881311566;0.666473778985579
-1.6092513607294294;0.6560730856782244
-1.6158479823134346;0.645596400193986
-1.6223848530936265;0.6350438056730505
-1.6288610663358736;0.6244153951946363
-1.6352757084098632;0.6137112719764539
-1.6416278592202178;0.6029315495405774
-1.6479165922668355;0.5920763519163283
-1.6541409747078857;0.5811458138451918
-1.6603000674254622;0.5701400809877514
-1.6663929250938943;0.5590593101326531
-1.6724185962507192;0.5479036694075834
-1.6783761233722831;0.536673338491648
-1.684264544097641;0.5253685084626581
-1.690082890577422;0.5139893822481328
-1.6958301885743732;0.5025361751587532
-1.7015054582997344;0.4910091148684502
-1.7071077145194316;0.47940844163135776
-1.7126359666637692;0.46773440850051395
-1.7180892189406152;0.45598728154832485
-1.723466470452085;0.4441673400887728
-1.7287667153147168;0.43227487690139055
-1.7339889427831459;0.42031019845698475
-1.7391321381071152;0.4082736247192125
-1.7441952831691614;0.396165489077936
-1.7491773545029883;0.38398613981490154
-1.7540773244769572;0.3717359397261782
-1.7588941614915812;0.3594152663237824
-1.7636268301458429;0.34702451205928275
-1.7682742914079153;0.3345640845486391
-1.7728355027902916;0.32203440679825895
-1.777309418529318;0.3094359174322837
-1.781694989769139;0.2967690709210878
-1.7859911650289373;0.2840343375492335
-1.7901968914680888;0.271232202639834
-1.794311113222374;0.25836316853347946
-1.798332772214715;0.2454277542498477
-1.802260808522814;0.2324264955705886
-1.8060941606198353;0.21935994524672708
-1.809831765621009;0.20622867320587446
-1.81347255953616;0.1930332667592298
-1.8170154775284308;0.1797743308046556
-1.8204594542118648;0.16645248758600617
-1.8238034238976442;0.15306837722345892
-1.8270463208513252;0.13962265817528988
-1.8301870795920323;0.12611600721415828
-1.8332246351814112;0.11254911962082403
-1.836157923518551;0.09892270937704131
-1.838985881640875;0.08523750935763524
-1.8417074480309976;0.07149427152175791
-1.8443215631208278;0.057693766705674165
-1.8468271701143055;0.04383678376469202
-1.8492232143178409;0.02992413182913456
-1.8515086438457145;0.015956639713391868
-1.8536824100222267;0.0019351559670130608
-1.85574346774065;-0.012139450972807206
-1.8576907758289587;-0.0262662926312473
-1.8595232974223401;-0.04044446034838498
-1.8612400003434708;-0.05467302516151598
-1.8628398575339544;-0.06895103891554737
-1.8643218474058985;-0.0832775329833738
-1.8656849542273801;-0.0976515177373294
-1.8669281685475445;-0.11207198293048384
-1.8680504876109354;-0.12653789759580217
-1.8690509157786612;-0.1410482099494214
-1.869928464956399;-0.1556018472980445
-1.8706821550292372;-0.17019771595045358
-1.8713110142410894;-0.18483470170366356
-1.8718140795354878;-0.1995116707497733
-1.8721903972624725;-0.21422746729496484
-1.8724390235346582;-0.228980914459926
-1.8725590246837895;-0.24377081432625025
-1.8725494777323468;-0.258595947911689
-1.8724094708717787;-0.27345507515145884
-1.8721381039473606;-0.28834693488560653
-1.871734488923409;-0.3032702449232375
-1.8711977497452674;-0.3182237037570159
-1.8705270235212867;-0.3332059887428054
-1.8697214611030555;-0.3482157559255993
-1.8687802273896161;-0.3632516406334859
-1.8677025018366782;-0.37831225754286474
-1.8664874789716737;-0.3933962007518279
-1.8651343689146578;-0.4085020438617094
-1.863642397905051;-0.4236283400667861
-1.8620108083241356;-0.438773623001967
-1.8602388587068726;-0.45393640762291454
-1.8583258258704325;-0.46911518799149476
-1.8562710047260038;-0.4843084384834173
-1.8540737087755197;-0.4995146140058386
-1.8517332706448464;-0.5147321501781278
-1.849249042621397;-0.5299594635228798
-1.8466203971961732;-0.5451949516671759
-1.8438467274905423;-0.56043699366025
-1.840927446041471;-0.5756839517614655
-1.837861987482804;-0.5909341697864986
-1.8346498089965464;-0.6061859734458042
-1.8312903903875233;-0.6214376710313269
-1.827783234609857;-0.6366875537166073
-1.824127868295742;-0.6519338958690248
-1.8203238422865111;-0.6671749553741814
-1.8163707321660008;-0.6824089739724112
-1.812268137563807;-0.6976341782306008
-1.8080156821016566;-0.7128487802021031
-1.8036130168138145;-0.7280509763433519
-1.7990598192112974;-0.7432389486464357
-1.7943557937431251;-0.7584108650785699
-1.7895006722858162;-0.7735648800205882
-1.784494214632334;-0.7886991347190117
-1.7793362089804934;-0.8038117577516783
-1.7740264721274133;-0.8189008655674549
-1.7685648471143776;-0.8339645635649642
-1.7629512075200533;-0.8490009458142819
-1.75718545734722;-0.8640080957004589
-1.7512675308527144;-0.8789840865922053
-1.7451973929639544;-0.8939269824031209
-1.738975039691457;-0.9088348381672153
-1.732600498537353;-0.9237057006287034
-1.7260738288998845;-0.9385376088461151
-1.7193951204766589;-0.9533285946732902
-1.71256449359475;-0.968076683387488
-1.7055821029848766;-0.9827798945689434
-1.6984481362407915;-0.9974362426294289
-1.6911628141188484;-1.0120437374819478
-1.6837263908395013;-1.026600385225127
-1.6761391543809163;-1.0411041888416315
-1.6684014267647038;-1.0555531489105874
-1.6605135638563937;-1.0699452641608294
-1.6524759524751802;-1.0842785310645857
-1.6442890153355636;-1.0985509462901046
-1.6359532101916074;-1.1127605070674031
-1.6274690294723515;-1.1269052117491298
-1.6188370004409338;-1.1409830605783535
-1.6100576853418402;-1.1549920564689298
-1.6011316815362893;-1.1689302057984292
-1.5920596216257292;-1.182795519213666
-1.5828421713340242;-1.1965860108100472
-1.5734800303534089;-1.2102996995107116
-1.5639739349876605;-1.223934611787997
-1.5543246565603206;-1.2374887812933608
-1.544533001407132;-1.2509602496730545
-1.5345998108529093;-1.264347067393666
-1.5245259611728583;-1.2776472945775104
-1.5143123635383136;-1.290859001847907
-1.5039599634714733;-1.3039802705529138
-1.493469738573887;-1.3170091907272738
-1.4828427020164245;-1.3299438667357562
-1.4720799013440438;-1.3427824167253832
-1.4611824179869628;-1.3555229730462455
-1.4501513670541781;-1.368163683077776
-1.4389878971084662;-1.3807027100609754
-1.427693189922887;-1.3931382339365743
-1.4162684602139206;-1.405468452175879
-1.4047149541400321;-1.4176915772780883
-1.3930339497541007;-1.4298058396898925
-1.3812267575754313;-1.4418094911102524
-1.3692947195494352;-1.4537008034243364
-1.3572392086584395;-1.4654780694822986
-1.3450616285122095;-1.4771396038791291
-1.3327634129181938;-1.4886837437355693
-1.320346025431464;-1.500108849480116
-1.307810958834696;-1.511413304751215
-1.2951597344754375;-1.522595514130574
-1.2823939020335957;-1.5336539088631893
-1.26951503889426;-1.5445869459421742
-1.2565247495709693;-1.555393108448471
-1.2434246651250465;-1.5660709061815041
-1.2302164425641304;-1.5766188762815607
-1.2169017644789335;-1.5870355837832752
-1.2034823389139044;-1.5973196221012107
-1.1899598976900514;-1.6074696138646587
-1.1763361961386438;-1.6174842114090147
-1.1626130124614895;-1.6273620973414342
-1.1487921470378892;-1.6371019851058362
-1.1348754217127368;-1.6467026195391823
-1.1208646794671258;-1.6561627763045736
-1.106761784059392;-1.66548126134539
-1.0925686181856853;-1.674656914389119
-1.0782870832041425;-1.6836886080485232
-1.0639190983815867;-1.6925752481874972
-1.0494666001071968;-1.7013157743175775
-1.0349315410895827;-1.7099091599794483
-1.0203158903439822;-1.7183544125318502
-1.0056216325546607;-1.7266505733609514
-0.9908507658378645;-1.7347967192080211
-0.9760053016380896;-1.7427919619427903
-0.9610872639037298;-1.7506354488258897
-0.9460986882448649;-1.7583263627571908
-0.9310416210786161;-1.7658639225062351
-0.9159181199543285;-1.773247382197583
-0.9007302523200214;-1.780476031721353
-0.8854800934685794;-1.7875491976185525
-0.8701697264127892;-1.7944662427644926
-0.8548012410315838;-1.8012265664712055
-0.8393767332073285;-1.8078296045698334
-0.8238983039725302;-1.81427482946816
-0.8083680602054791;-1.8205617497778608
-0.7927881127191477;-1.8266899106058385
-0.7771605745898211;-1.8326588937600472
-0.761487560980524;-1.8384683175392926
-0.7457711883002911;-1.8441178366755535
-0.7300135733590931;-1.8496071422550655
-0.7142168325790836;-1.8549359616169347
-0.6983830828654178;-1.8601040581962958
-0.6825144392071016;-1.865111231413392
-0.6666130135159536;-1.869957316515877
-0.650680914352459;-1.8746421843815548
-0.6347202461307826;-1.879165741310511
-0.6187331083240326;-1.8835279287959155
-0.6027215947939699;-1.8877287233026778
-0.5866877947145582;-1.8917681363992518
-0.5706337899030772;-1.8956462140238848
-0.5545616541337135;-1.8993630361953309
-0.5384734527947587;-1.902918716782922
-0.5223712421691519;-1.906313403166743
-0.5062570687197118;-1.9095472758775247
-0.4901329685695549;-1.9126205483145862
-0.4740009682811888;-1.9155334671114264
-0.45786308226143513;-1.9182863107369197
-0.4417213124490035;-1.920879389252067
-0.4255776479271386;-1.9233130440053776
-0.40943406430223167;-1.9255876471847362
-0.3932925230910191;-1.927703601350999
-0.377154971357504;-1.9296613391652107
-0.3610233422348004;-1.931461323867607
-0.34489955268566164;-1.933104047304365
-0.3287855034208492;-1.934590029824671
-0.31268307851221805;-1.9359198198837373
-0.2965941448848206;-1.937093993513667
-0.2805205518207528;-1.9381131537788303
-0.26446413072777186;-1.938977930578843
-0.24842669536008208;-1.9396889810680713
-0.2324100401445689;-1.940246987323994
-0.216415940187366;-1.9406526563945798
-0.2004461509312025;-1.9409067198121381
-0.18450240776873422;-1.9410099330116861
-0.16858642566995952;-1.9409630747371311
-0.15269989903165773;-1.9407669469717517
-0.13684450164442574;-1.9404223751235719
-0.12102188567085609;-1.9399302056115335
-0.10523368163404156;-1.9392913060093584
-0.08948149815463635;-1.938506564492378
-0.07376692168607452;-1.937576889231129
-0.05809151626519258;-1.9365032077763125
-0.04245682337469802;-1.935286467143679
-0.02686436178520111;-1.9339276336266957
