1.732050807568877;-1.0000000000000009
1.7404317332562622;-0.9853147277373726
1.748665146297758;-0.9705468255064296
1.7567499807691018;-0.9556982530839632
1.764685213559922;-0.9407709715546283
1.7724698550465345;-0.9257669592709006
1.7801029498411312;-0.9106882105616649
1.7875835769601094;-0.895536735399916
1.7949108502414282;-0.8803145584878211
1.8020839187023072;-0.8650237177433089
1.8091019669016415;-0.8496662633547265
1.8159642153107718;-0.8342442578416838
1.8226699206733457;-0.818759774802255
1.8292183753367521;-0.803214898462095
1.8356089071730113;-0.7876117229990551
1.8418408813444342;-0.7719523511651784
1.8479136999127177;-0.7562388937300709
1.8538268012327919;-0.7404734686639461
1.8595796596534009;-0.7246582003247212
1.8651717871607854;-0.7087952186741396
1.87060273293222;-0.692886658462673
1.875872082759106;-0.6769346583619139
1.8809794585577801;-0.6609413601039924
1.885924519907891;-0.6449089077900966
1.8907069635504614;-0.6288394470288253
1.895326522787419;-0.6127351241562659
1.8997829667874768;-0.5965980854619735
1.904076102096254;-0.580430476302895
1.9082057720493293;-0.5642344403239008
1.91217185586154;-0.5480121188115143
1.9159742677143021;-0.5317656500499197
1.919612959118375;-0.5154971680793539
1.9230879178435787;-0.4992088020808695
1.9263991678243049;-0.4829026755830608
1.9295467689887174;-0.4665809056935951
1.9325308129625511;-0.45024560348653114
1.9353514263561982;-0.43389887226507745
1.9380087719535806;-0.41754280641219266
1.940503047169999;-0.40117949100632044
1.9428344838763891;-0.3848110010543062
1.9450033473345154;-0.3684394011556892
1.9470099325319064;-0.35206674642865565
1.9488545693256898;-0.33569507916186997
1.9505376206511988;-0.319326428831313
1.9520594818922836;-0.3029628115534543
1.9534205806030915;-0.286606229367891
1.9546213738719895;-0.2702586712011733
1.9556623480239599;-0.25392211216326394
1.9565440215509946;-0.23759851054238695
1.9572669430499288;-0.22128980835964626
1.9578316908509261;-0.20499793071818476
1.9582388724145088;-0.18872478538751508
1.9584891209970325;-0.17247226515788422
1.9585830985049615;-0.156242243918659
1.9585214949563894;-0.14003657617725895
1.9583050274289946;-0.12385709709888656
1.957934439613631;-0.10770562193209383
1.9574105003104665;-0.0915839469446066
1.9567340024425985;-0.07549384962008483
1.9559057638982844;-0.05943708624324507
1.9549266273945771;-0.04341539088261437
1.9537974593114955;-0.02743047584357746
1.9525191491964995;-0.0114840311742017
1.9510926079316868;0.004422272984985334
1.9495187679890569;0.020286788511187898
1.947798583597671;0.0361078912292145
1.9459330295921105;0.05188398003701305
1.9439231007939408;0.06761347717528514
1.9417698113769664;0.08329482847008975
1.9394741945114045;0.09892650325870994
1.937037302041554;0.11450699423971876
1.9344602029949767;0.13003481842722783
1.9317439832630723;0.14550851691225708
1.928889744934954;0.16092665492153693
1.9258986056036678;0.1762878218605416
1.9227716980674079;0.1915906317484421
1.9195101722876367;0.2068337259636936
1.9161151912558971;0.22201576969732914
1.9125879310662697;0.2371354527250903
1.9089295806662496;0.25219148983303596
1.9051413412333345;0.2671826208423114
1.9012244255698225;0.2821076106313123
1.8971800587415624;0.29696525007398483
1.8930094765981191;0.3117543553739067
1.8887139246508344;0.32647376765036806
1.8842946579610467;0.34112235326535567
1.879752940568906;0.355699003789935
1.875090044923163;0.37020263595511166
1.8703072516625179;0.3846321918013143
1.8654058493499655;0.3989866387830475
1.8603871330771409;0.4132649691671857
1.8552524043083816;0.4274662001724049
1.8500029703637288;0.4415893738719482
1.8446401438957525;0.4556335570764984
1.8391652424633;0.46959784128667525
1.8335795885243327;0.4834813430035145
1.8278845082431248;0.49728320296059203
1.8220813311697865;0.5110025861198081
1.8161713898253684;0.5246386815655288
1.8101560192299426;0.5381907023305625
1.8040365564312109;0.5516578852039224
1.7978143405140254;0.5650394911012042
1.7914907117130148;0.5783348043317107
1.785067010968774;0.5915431323830296
1.7785445795919892;0.6046638058172664
1.7719247588491072;0.6176961780535761
1.765208889554237;0.6306396251393818
1.7583983118372055;0.6434935458514248
1.7514943648282757;0.6562573616052065
1.7444983859231318;0.6689305154968853
1.7374117105898903;0.6815124724093815
1.7302356720144307;0.6940027187689158
1.7229716007524454;0.7064007622900783
1.71562082439107;0.7187061317149727
1.7081846672204024;0.7309183765468663
1.7006644499926444;0.7430370672268111
1.6930614896193896;0.7550617948868958
1.685377098758811;0.7669921703996136
1.6776125855994783;0.778827824496868
1.6697692535924844;0.7905684075203555
1.6618484011957535;0.8022135891715529
1.6538513216310586;0.8137630582630142
1.645779302653978;0.8252165224714667
1.6376336257125363;0.8365737075411734
1.6294155659139775;0.8478343571926172
1.621126392476213;0.858998233450876
1.6127673681117765;0.8700651160218777
1.6043397488238362;0.8810348020247356
1.5958447837129026;0.891907105725653
1.5872837147943768;0.9026818582738222
1.578657776824344;0.913358907437288
1.5699681965716143;0.9239381168378752
1.5612161929668271;0.9344193659614882
1.5524029773456953;0.9448025502458567
1.5435297530044227;0.9550875805486435
1.5345977150492776;0.9652743828719533
1.5256080502544753;0.9753628980886149
1.516561936928369;0.9853530816705199
1.5074605447839955;0.9952449034151888
1.4983050345571591;1.0050383469024406
1.4890965580874287;1.0147334094291232
1.479836258326049;1.0243301018619997
1.4705252691226502;1.033828448254301
1.4611647151255074;1.0432284855760736
1.4517557116885091;1.052530263446973
1.442299364784772;1.061733843871711
1.4327967709234992;1.070839300972955
1.4232490169657044;1.0798467205514706
1.4136571801541833;1.0887561999891198
1.404022328075892;1.0975678480345838
1.3943455185656568;1.1062817844867205
1.3846277996518437;1.1148981399403026
1.3748702095075311;1.1234170555349163
1.3650737764070904;1.13183868270719
1.3552395186840447;1.1401631829372914
1.345368444618044;1.148390727324364
1.3354615524877322;1.1565214965350648
1.3255198305511802;1.164555680578292
1.3155442570025093;1.1724934785181778
1.3055357999544104;1.1803350982398957
1.2954954174249331;1.1880807562190199
1.2854240573284248;1.1957306772945668
1.2753226574691383;1.2032850944325075
1.2651921455224189;1.2107442483328539
1.2550334390573448;1.218108387410648
1.2448474455412581;1.2253777675673074
1.2346350623448739;1.2325526519371135
1.2243971767546376;1.2396333106756645
1.2141346659882999;1.2466200207520004
1.2038483972135832;1.253513065744487
1.1935392275712355;1.2603127356248893
1.183208004212324;1.267019326420541
1.172855564309697;1.2736331401958385
1.1624827350906692;1.280154484832122
1.152090333872279;1.2865836738107272
1.1416791680966525;1.2929210260250246
1.1312500353686692;1.299166865596028
1.1208037234958028;1.3053215216916245
1.1103410105397382;1.3113853283212615
1.0998626648857739;1.3173586240883337
1.089369445243115;1.3232417521523072
1.0788621007101387;1.329035060010929
1.0683413708272291;1.3347388993269915
1.057807985629134;1.3403536257646482
1.0472626656988449;1.345879598829166
1.0367061222228917;1.351317181710141
1.0261390570746638;1.3566667410774604
1.0155621628812241;1.3619286469143868
1.0049761230331957;1.3671032724643168
0.9943816117720718;1.372190994035952
0.9837792942537102;1.3771921908589122
0.9731698266125827;1.3821072449429537
0.9625538560269252;1.386936540940334
0.9519320207853916;1.3916804660105278
0.9413049504004792;1.396339409635425
0.9306732656428152;1.4009137635288669
0.9200375785899446;1.4054039215333445
0.9093984927157287;1.4098102794739016
0.8987566029617157;1.4141332350361755
0.8881124958089998;1.4183731876473005
0.8774667493504815;1.4225305383596623
0.8668199333687636;1.4266056897330728
0.8561726094626742;1.4305990456795512
0.8455253310561575;1.434511011408822
0.834878643481342;1.4383419933150219
0.8242330840645857;1.44209239886371
0.8135891822024247;1.4457626364899727
0.8029474594376174;1.449353115499068
0.7923084295352049;1.4528642459695926
0.7816725985726369;1.4562964386513892
0.7710404650570167;1.459650104850951
0.7604125199300953;1.4629256563809039
0.7497892466706418;1.4661235054582362
0.7391711213759841;1.4692440646162135
0.7285586128397199;1.4722877466205695
0.717952182629241;1.4752549643879151
0.7073522851629888;1.4781461309063433
0.6967593678133266;1.4809616591491328
0.6861738709952845;1.4837019619954002
0.6755962281906123;1.4863674521753296
0.6650268660517386;1.4889585421893765
0.6544662044798164;1.4914756442383958
0.6439146567020392;1.4939191701558419
0.6333726293485548;1.496289531341876
0.6228405225293463;1.4985871386992864
0.6123187299476525;1.500812402565009
0.6018076389509999;1.502965732653894
0.5913076305881098;1.505047538003166
0.5808190797011338;1.507058226912576
0.5703423550014971;1.508998206888928
0.5598778191452242;1.510867884592259
0.5494258288077216;1.5126676657836435
0.5389867347639776;1.5143979552745859
0.5285608820247389;1.5160591568779478
0.5181486098213308;1.517651673360462
0.5077502516915606;1.5191759063966992
0.49736613556699383;1.520632256524494
0.48699658384487915;1.5220211231018053
0.47664191345935125;1.5233429042649713
0.46630243595186266;1.5245979968883296
0.45597845754082317;1.5257867965451666
0.4456702791903972;1.5269096974699656
0.435378196678437;1.5279670925219204
0.42510250067353406;1.528959373150342
0.414843477031656;1.5298869293757489
0.4046014065921528;1.5307501497393095
0.394376565226904;1.5315494212701108
0.3841692239835101;1.5322851294597801
0.3739796491518449;1.5329576582332107
0.36380810232981065;1.5335673899203512
0.35365484048828705;1.5341147052290205
0.34352011603523464;1.5345999832187207
0.3334041768789412;1.5350236012754142
0.32330726649037334;1.5353859350872336
0.31322962396703524;1.5356873586217192
0.3031714842830507;1.5359282441524147
0.2931330781798138;1.5361089621934298
0.2831146321399344;1.5362298814566464
0.27311636853860594;1.5362913688559237
0.2631385057041758;1.536293789488793
0.25318125797794205;1.5362375066189378
0.24324483577317396;1.5361228816594332
0.23332944563332603;1.5359502741567108
0.22343529028944467;1.535720041775224
0.21356256871673812;1.5354325402827826
0.20371147619032226;1.5350881235365346
0.19388220446053206;1.5346871435270593
0.1840749417480071;1.5342299503374093
0.174289872669173;1.5337168920698947
0.16452717837874753;1.533148314877446
0.15478703662407733;1.5325245629538142
0.14506962179876837;1.5318459785243423
0.13537510499558644;1.5311129018372818
0.1257036540586346;1.5303256711556277
0.11605543363478468;1.5294846227494485
0.10643060522436922;1.5285900908886814
0.09682932723111155;1.5276424078363695
0.08725175507663814;1.5266419038912278
0.07769804125806812;1.5255889073885662
0.06816833526254573;1.5244837445950687
0.058662783688747375;1.5233267397594394
0.04918153029593923;1.5221182151097192
0.039724716051527706;1.5208584908503655
0.03029247917796548;1.5195478851597142
0.020884955199005698;1.518186714187805
0.01150227698529751;1.516775292054541
0.0021445747993302164;1.5153139308481691
-0.007188023660289913;1.5138029406240519
-0.01649539318395303;1.5122426294389328
-0.025777410975841727;1.5106333033865662
-0.03503395671640268;1.5089752664792466
-0.04426491247105763;1.5072688207035037
-0.053470162645440265;1.5055142660243304
-0.06264959394364802;1.503711900386947
-0.07180309532706336;1.501862019718827
-0.0809305579737568;1.4999649179319632
-0.09003187523845835;1.4980208869253566
-0.09910694261311019;1.4960302165877122
-0.10815565768798716;1.4939931948003196
-0.11717792009887362;1.4919101074626866
-0.12617363145491445;1.4897812385492586
-0.13514269537702583;1.487606869995249
-0.14408501743126206;1.485387281746811
-0.15300050508819152;1.4831227517717553
-0.16188906768646877;1.480813556064705
-0.17075061639691488;1.478459968652415
-0.17958506418709022;1.476062261599246
-0.18839232578637038;1.4736207050127776
-0.1971723176515096;1.4711355670495445
-0.20592495793270144;1.4686071139208803
-0.21465016643470067;1.4660356099117733
-0.22334786455912936;1.4634213174457622
-0.23201797531541973;1.4607644969876163
-0.2406604232752808;1.4580654070816823
-0.24927513453688874;1.4553243043682629
-0.25786203669327523;1.4525414435911408
-0.266421058801155;1.4497170776052013
-0.2749521313501768;1.4468514573841444
-0.28345518623260585;1.4439448320282753
-0.29193015671342204;1.4409974487723576
-0.3003769774008419;1.438009552993523
-0.3087955842148519;1.434981388229257
-0.3171859143388573;1.4319131962678444
-0.32554790622333596;1.428805217022781
-0.3338814995510343;1.425657688569913
-0.34218663520478443;1.4224708471752412
-0.3504632552402707;1.4192449273036634
-0.35871130285916963;1.4159801616277374
-0.3669307223826727;1.4126767810364425
-0.3751214592253757;1.409335014643937
-0.38328345986954176;1.4059550897982962
-0.39141667183972284;1.4025372320902254
-0.39952104367774677;1.3990816653617277
-0.40759652491805454;1.3955886117147303
-0.41564306606339446;1.3920582915196424
-0.42366061856086057;1.3884909234238476
-0.4316491347543362;1.3848867245007241
-0.43960856786103164;1.3812459102590577
-0.44753887199850556;1.3775686943577532
-0.4554400021329852;1.3738552887846966
-0.4633119140563792;1.3701059038688403
-0.47115456436394454;1.3663207482902402
-0.4789679104322456;1.3625000290900724
-0.48675191039741283;1.3586439516806137
-0.49450652313368354;1.354752719855188
-0.5022317082322332;1.3508265357980607
-0.5099274259802804;1.3468656000942822
-0.5175936373404719;1.3428701117394686
-0.5252303039305332;1.3388402681495106
-0.5328373880031884;1.3347762651702084
-0.5404148524268645;1.3306782971039348
-0.5479626606715757;1.326546556896028
-0.5554807767812643;1.322381235873096
-0.5629691653561646;1.318182523798642
-0.5704277915354266;1.3139506089292705
-0.5778566209785815;1.3096856780252932
-0.5852556198472381;1.305387916361296
-0.5926247547870162;1.3010575077366582
-0.599963992909701;1.2966946344860206
-0.6072733017756252;1.292299477489696
-0.6145526493762641;1.287872216184018
-0.6218020041170453;1.2834130285716212
-0.629021334800369;1.2789220912316486
-0.636210610608828;1.2743995793298815
-0.6433698010886313;1.2698456666287823
-0.6504988761474203;1.2652605255746054
-0.6575978060417851;1.2606443273274002
-0.6646665613258447;1.2559972415784046
-0.6717051128548354;1.251319436665163
-0.6787134317701018;1.2466110795845684
-0.6856914894838642;1.241872336003613
-0.6926392576641618;1.2371033702700964
-0.6995567082199792;1.2323043454232754
-0.706443813286538;1.2274754232044653
-0.7133005452107629;1.2226167640675767
-0.7201268765369067;1.217728527189595
-0.7269227799923391;1.2128108704809895
-0.7336882284734874;1.2078639505960571
-0.7404231950319318;1.2028879229431901
-0.7471276528633695;1.1978829417028425
-0.7538015753299523;1.192849159940161
-0.7604449358947571;1.187786729466594
-0.767057708114494;1.1826958008670816
-0.7736398656369106;1.1775765235401943
-0.7801913821880265;1.172429045708804
-0.7867122315595063;1.1672535144307106
-0.7932023875961661;1.1620500756092216
-0.799661824183617;1.1568188740036764
-0.8060905152360314;1.151560053239924
-0.8124884346840392;1.1462737558207388
-0.8188555564627397;1.1409601231361854
-0.8251918544998356;1.1356192954739195
-0.8314973027038748;1.1302514120294278
-0.8377718749526075;1.1248566109162053
-0.8440155451026647;1.119435029212182
-0.8502282869897222;1.1139868029896147
-0.8564100743546907;1.1085120672181565
-0.8625608808648654;1.1030109558301868
-0.8686806801042289;1.0974836017331366
-0.8747694455627886;1.0919301368199201
-0.8808271506260124;1.0863506919793262
-0.8868537685643719;1.0807453971063659
-0.8928492725229819;1.0751143811125754
-0.8988136355113339;1.069457771936278
-0.9047468303931273;1.06377569655279
-0.9106488298761848;1.0580682809845885
-0.9165196065024567;1.0523356503114232
-0.9223591326381042;1.0465779286803816
-0.9281673804659201;1.0407952393190596
-0.9339443220142551;1.0349877045998463
-0.9396899290945234;1.0291554459756704
-0.9454041732942731;1.0232985839936162
-0.951087025980356;1.017417238322579
-0.95673845828979;1.011511527763478
-0.9623584411206961;1.005581570259442
-0.9679469451233158;0.9996274829059577
-0.973503940691099;0.9936493819609898
-0.9790293979518689;0.98764738285506
-0.9845232867590505;0.9816216002012963
-0.9899855766829678;0.9755721478054444
-0.9954162370022019;0.9694991386758467
-1.000815236695014;0.9634026850333773
-1.0061825444308217;0.9572828983213479
-1.0115181285363073;0.95113988923039
-1.0168219571848613;0.9449737677317429
-1.0220939980246406;0.9387846430139883
-1.027334218430606;0.932572623532541
-1.0325425854299861;0.9263378170178832
-1.037719065694527;0.9200803304855969
-1.0428636255327814;0.9138002702463675
-1.0479762308824245;0.9074977419159694
-1.0530568473026072;0.9011728504252274
-1.05810543996634;0.8948257000299566
-1.0631219736529145;0.8884563943208752
-1.0681064127403526;0.8820650362334995
-1.0730587211978946;0.8756517280580134
-1.077978862578515;0.8692165714491177
-1.082866800012851;0.8627596674370461
-1.0877224962336334;0.8562811164650923
-1.0925459135279767;0.8497810183642815
-1.0973370137284968;0.843259472361792
-1.1020957582175241;0.8367165771007247
-1.1068221079200635;0.8301524306500191
-1.111516023296792;0.8235671305143579
-1.1161774643371005;0.8169607736440533
-1.1208063905521766;0.8103334564449215
-1.12540276096813;0.8036852747881358
-1.1299665341191594;0.79701632402007
-1.1344976680407615;0.7903266989721239
-1.1389961202629795;0.7836164939705352
-1.1434618478104017;0.7768858028531052
-1.147894807214287;0.7701347189984246
-1.1522949544642047;0.7633633352924563
-1.1566622450173139;0.7565717441546986
-1.160996633794535;0.7497600375507181
-1.1652980751742397;0.7429283070020652
-1.1695665229859917;0.7360766435961799
-1.1738019305043332;0.7292051379962903
-1.178004250442625;0.7223138804512993
-1.1821734349469297;0.7154029608056662
-1.1863094355899475;0.7084724685092779
-1.1904122033649969;0.7015224926273146
-1.1944816886800482;0.6945531218501012
-1.1985178413537092;0.6875644445315814
-1.2025206106086042;0.6805565486879201
-1.2064899450628648;0.6735295219669759
-1.2104257927261193;0.6664834516846485
-1.214328100993792;0.6594184248350216
-1.2181968166414445;0.6523345281004811
-1.2220318858191692;0.6452318478618313
-1.2258332540460304;0.6381104702084183
-1.2296008662045563;0.6309704809482483
-1.233334666535279;0.6238119656181155
-1.237034598631324;0.6166350094937281
-1.2407006054330492;0.6094396975998402
-1.2443326292202335;0.6022261147235206
-1.2479306115728;0.594994345467014
-1.2514944934140249;0.5877444741970539
-1.2550242150003925;0.5804765850612614
-1.2585197159064794;0.5731907620108455
-1.2619809350196356;0.5658870888110676
-1.2654078105347064;0.5585656490517158
-1.2688002799487932;0.551226526157596
-1.2721582800560574;0.5438698033990321
-1.2754817469425617;0.5364955639023844
-1.2787706159811534;0.5291038906605785
-1.282024821826386;0.5216948665436523
-1.2852442984094852;0.5142685743093092
-1.288428978923404;0.5068250966304979
-1.2915787958003613;0.49936451613593047
-1.294693680754047;0.4918869153401101
-1.2977735647544921;0.48439237668857477
-1.3008183780210933;0.476880982572183
-1.303828050017595;0.469352815338134
-1.3068025094471059;0.4618079573010107
-1.3097416842471474;0.4542464907538539
-1.3126455015847374;0.4466684979792563
-1.3155138878515005;0.4390740612604903
-1.318346768658818;0.4314632628926593
-1.3211440688330036;0.4238361851938789
-1.3239057124104974;0.41619291051654494
-1.3266316226187898;0.4085335213052277
-1.3293217218820055;0.40085810007434547
-1.3319759318286362;0.3931667293789641
-1.3345941732769375;0.3854594918585148
-1.3371763662301737;0.37773647024855966
-1.33972242987189;0.36999774739259517
-1.3422322825612112;0.3622434062539015
-1.344705841828172;0.35447352992742776
-1.3471430243690714;0.34668820165172587
-1.349543746041857;0.33888750482092206
-1.3519079218615346;0.3310715229967353
-1.3542354659956108;0.3232403399205307
-1.3565262917590521;0.31539403953268036
-1.3587803116054005;0.30753270604749827
-1.3609974371292377;0.2996564238659052
-1.3631775790603267;0.29176527760784604
-1.3653206472581376;0.28385935213967795
-1.3674265507074184;0.27593873258696305
-1.3694951975137966;0.26800350434731635
-1.3715264948994033;0.2600537531033165
-1.3735203491985288;0.2520895648354696
-1.3754766658533002;0.2441110258352381
-1.377395349409389;0.23611822271812521
-1.3792763035117424;0.22811124243682276
-1.381119430900345;0.22009017229441077
-1.3829246334100622;0.21205509998784688
-1.3846918119704268;0.20400611365087298
-1.3864208665869648;0.1959433017593264
-1.3881116963440046;0.1878667531962629
-1.3897641994010073;0.1797765572687326
-1.3913782729885602;0.1716728037218781
-1.392953813404398;0.16355558275311494
-1.3944907160094528;0.15542498502638338
-1.3959888752239349;0.147281101686485
-1.397448184523441;0.13912402437349336
-1.398868536435093;0.13095384523724696
-1.4002498225337052;0.12277065695191311
-1.4015919334382259;0.11457455273137994
-1.40289475883164;0.10636562641574727
-1.404158187434546;0.0981439724173874
-1.4053821069898333;0.0899096857006487
-1.4065664042716846;0.08166286183526532
-1.4077109650821091;0.07340359701198247
-1.4088156742475166;0.06513198805827637
-1.4098804156153248;0.05684813245417783
-1.4109050720506036;0.04855212834818741
-1.411889525432755;0.040244074573297026
-1.4128336566522315;0.03192407066310636
-1.4137373456072866;0.023592216868042602
-1.414600471200765;0.015248614171671976
-1.4154229113367975;0.006893364306872554
-1.416204542993403;-0.0014734300841376946
-1.4169452420879782;-0.009851665682177713
-1.417644883538697;-0.018241238352247863
-1.4183033412568378;-0.026642043135507207
-1.4189204881441786;-0.03505397423162836
-1.4194961960904307;-0.04347692498104244
-1.4200303359707123;-0.051910787847084396
-1.4205227776430647;-0.06035545439802161
-1.4209733899460093;-0.06881081528897628
-1.421382040696149;-0.07727676024373054
-1.4217485966858137;-0.08575317803642449
-1.4220729236807508;-0.09423995647313058
-1.4223548864638416;-0.10273698231243644
-1.4225943488462114;-0.11124414122914031
-1.4227911735431975;-0.11976131795681427
-1.4229452222390764;-0.12828839618039956
-1.4230563555871707;-0.13682525851428828
-1.4231244332083806;-0.14537178648244098
-1.4231493136897928;-0.15392786049833435
-1.423130854583369;-0.16249335984474944
-1.423068912404718;-0.17106816265338237
-1.422963342631951;-0.1796521458842865
-1.4228139997046207;-0.188245185305135
-1.4226207370227506;-0.19684715547031367
-1.4223834069459471;-0.20545792969982457
-1.422101860792608;-0.21407738005801222
-1.4217759488392163;-0.22270537733209886
-1.4214055203197318;-0.2313417910105393
-1.4209904234387094;-0.23998648924860372
-1.4205305055588329;-0.2486393386730292
-1.4200256129223547;-0.25730020461635555
-1.4194755906826448;-0.26596895106520313
-1.418880282962166;-0.2746454405840653
-1.4182395328535955;-0.2833295342914242
-1.4175531824211052;-0.2920210918356024
-1.416821072701807;-0.30071997137035944
-1.4160430437073641;-0.3094260295302143
-1.4152189344257713;-0.3181391214055008
-1.4143485828233076;-0.3268591005171491
-1.4134318258466652;-0.3355858187911849
-1.4124684994252532;-0.3443191265329548
-1.4114584384736855;-0.3530588724010586
-1.4104014768944495;-0.3618049033809958
-1.4092974475807634;-0.37055706475851546
-1.4081461824196193;-0.37931520009267594
-1.4069475123315953;-0.38807915124284614
-1.4057012672933553;-0.39684875836944455
-1.404407276230706;-0.4056238597420558
-1.4030653670804443;-0.41440429179732796
-1.4016753667968658;-0.423189889114151
-1.4002371013564743;-0.43198048438555137
-1.398750395762927;-0.44077590839029346
-1.397215074052213;-0.4495759899641957
-1.395630959298071;-0.4583805559711451
-1.3939978736176504;-0.46718943127381707
-1.392315638177418;-0.4760024387040905
-1.3905840731993122;-0.48481939903316534
-1.3888029979671508;-0.4936401309413664
-1.3869722308332948;-0.5024644509876403
-1.38509158922557;-0.5112921735787355
-1.3831608896544523;-0.5201231109380735
-1.381179947728726;-0.528957073081346
-1.3791485783034534;-0.5377938679052441
-1.3770665952897876;-0.5466333009850782
-1.374933811675559;-0.5554751755529374
-1.3727500395810537;-0.5643192925055075
-1.3705150902686916;-0.5731654503717064
-1.3682287741530326;-0.5820134452800182
-1.3658909008111169;-0.5908630709255199
-1.3635012789931382;-0.5997141185366109
-1.3610597166334635;-0.6085663768414269
-1.358566020861994;-0.6174196320339486
-1.3560199980158791;-0.6262736677397932
-1.3534214536515807;-0.6351282649817008
-1.3507701925573;-0.6439832021446947
-1.3480660187657632;-0.652838254940929
-1.3453087355673785;-0.6616931963742099
-1.3424981455237592;-0.6705477967042025
-1.3396340505865851;-0.6794018234432693
-1.3367162521935188;-0.6882550413456615
-1.3337445509227692;-0.6971072122576316
-1.3307187466890702;-0.7059580951371514
-1.327638638769015;-0.7148074460195671
-1.3245040258183705;-0.7236550179802796
-1.321314705889866;-0.7325005610971033
-1.3180704764514568;-0.7413438224123157
-1.3147711344050794;-0.7501845458943801
-1.311416476105895;-0.7590224723993516
-1.3080062973820328;-0.767857339631956
-1.3045403935548328;-0.7766888821063527
-1.3010185594596024;-0.7855168311065627
-1.2974405894668861;-0.7943409146465744
-1.2938062775042556;-0.803160857430118
-1.2901154170786304;-0.8119763808101065
-1.2863678013137845;-0.8207872027549012
-1.2825632232901933;-0.8295930379614521
-1.2787014756431458;-0.8383935976060226
-1.274782350587839;-0.847188589302585
-1.2708056400607397;-0.8559777171173292
-1.266771135747111;-0.8647606815270169
-1.2626786291092011;-0.8735371793770454
-1.2585279114151082;-0.8823069038392093
-1.2543187737683215;-0.8910695443691725
-1.2500510071379536;-0.899824786663634
-1.2457244023896694;-0.9085723126172006
-1.2413387503173214;-0.9173118002789544
-1.2368938416752933;-0.9260429238087285
-1.232389467211569;-0.9347653534330743
-1.2278254177015289;-0.9434787554009315
-1.2232014839824854;-0.952182791938992
-1.2185174569889585;-0.9608771212067692
-1.2137731279424084;-0.9695613973636474
-1.20896828855138;-0.9782352706426873
-1.2041027304530967;-0.9868983868693548
-1.1991762455385255;-0.9955503876248564
-1.1941886260112766;-1.004190910214123
-1.1891396644298675;-1.0128195876207589
-1.1840291537509031;-1.0214360484617653
-1.1788568873731873;-1.030039916942042
-1.1736226591827676;-1.0386308128086734
-1.1683262635989353;-1.0472083513049901
-1.1629674956211804;-1.0557721431244156
-1.1575461508771223;-1.0643217943640932
-1.1520620256714156;-1.0728569064783042
-1.146514917035653;-1.081377076231666
-1.140904622779267;-1.0898818956521186
-1.13523094154145;-1.0983709519836995
-1.1294936736758525;-1.1068438279330557
-1.1236926181612654;-1.1153001009023937
-1.1178275779982354;-1.123739344309868
-1.1118983558655995;-1.132161126020782
-1.1059047555831951;-1.140565008913907
-1.0998465821713441;-1.1489505508355493
-1.0937236419117287;-1.1573173045536298
-1.0875357424096672;-1.1656648177117643
-1.0812826926577765;-1.1739926327833599
-1.0749643031010379;-1.1823002870257084
-1.0685803857032512;-1.1905873124340933
-1.0621307540148908;-1.1988532356958959
-1.0556152232423472;-1.207097578144719
-1.0490336103185722;-1.215319855714508
-1.042385733975114;-1.2235195788936808
-1.0356714148155486;-1.2316962526792685
-1.0288904753903079;-1.2398493765310559
-1.0220427403691834;-1.2479784445139062
-1.0151280367771502;-1.2560829455610967
-1.0081461936634313;-1.264162362627332
-1.0010970423579924;-1.2722161729870385
-0.9939804165714289;-1.2802438482238967
-0.9867961524819427;-1.2882448541924088
-0.9795440888238696;-1.2962186509797884
-0.9722240669777652;-1.3041646928681643
-0.9648359310620397;-1.31208242829711
-0.9573795280261522;-1.3199712998264856
-0.9498547077235948;-1.3278307440790034
-0.9422613228739648;-1.3356601915766542
-0.9345992293788926;-1.3434590669109228
-0.9268682863654918;-1.3512267886539346
-0.9190683562612009;-1.3589627692981687
-0.911199304894328;-1.3666664152193393
-0.9032610015960593;-1.374337126639522
-0.8952533193039433;-1.3819742975905136
-0.8871761346668428;-1.3895773158774327
-0.8790293281513599;-1.3971455630425564
-0.87081278416253;-1.4046784143575648
-0.8625263915002772;-1.4121752395512237
-0.8541700430763386;-1.4196354019076016
-0.8457436359825886;-1.427058258134144
-0.8372470717312921;-1.4344431586048672
-0.8286802563751978;-1.4417894473363113
-0.8200431006293196;-1.449096461964186
-0.8113355199943912;-1.4563635337207173
-0.8025574348820059;-1.4635899874126916
-0.7937087707414274;-1.4707751414002028
-0.7847894581880878;-1.4779183075760933
-0.7757994332636271;-1.4850187917415005
-0.7667386375124359;-1.4920758934182814
-0.7576070179610866;-1.4990889053613792
-0.7484045273567597;-1.5060571138553032
-0.7391311243065372;-1.5129797987043878
-0.7297867734184832;-1.5198562332240546
-0.7203714454444995;-1.5266856842330991
-0.7108851174249732;-1.5334674120469889
-0.7013277728352033;-1.5402006704721811
-0.6916994017336165;-1.5468847068014542
-0.6820000009829277;-1.553518762167953
-0.6722295744821956;-1.560102071945995
-0.6623881330692633;-1.566633864487349
-0.6524756947919752;-1.5731133617029607
-0.6424922850739665;-1.57953977910692
-0.6324379368760007;-1.5859123258300483
-0.6223126908591886;-1.5922302046350225
-0.6121165955500928;-1.5984926119330256
-0.6018497075077226;-1.6046987378019253
-0.5915120914924059;-1.6108477660059857
-0.5811038206345058;-1.616938874210626
-0.5706249765973818;-1.6229712349197392
-0.5600756497689056;-1.628944013896916
-0.5494559394327653;-1.6348563706738732
-0.538765953945113;-1.640707458734642
-0.5280058109146049;-1.6464964255586916
-0.5171756373843248;-1.6522224126661842
-0.5062755700155789;-1.6578845556653716
-0.49530575527357745;-1.6634819843021214
-0.48426634961499243;-1.669013822511581
-0.47315751966415825;-1.674479188537935
-0.46197944216072345;-1.6798771962041639
-0.4507323044549023;-1.6852069534654046
-0.4394163047007866;-1.6904675624779333
-0.4280316519762762;-1.6956581200452316
-0.41657856647854885;-1.7007777176991985
-0.4050572797212747;-1.7058254417842103
-0.3934680347335599;-1.7108003735440402
-0.38181108626063104;-1.7157015892116285
-0.3700867009662447;-1.7205281601017115
-0.3582951576360057;-1.725279152708201
-0.34643674689767173;-1.7299536299053475
-0.33451177173768376;-1.7345506503473456
-0.32252054812563224;-1.7390692676296093
-0.3104634049071052;-1.7435085311184362
-0.29834068400836067;-1.7478674860792864
-0.28615274064237267;-1.7521451738087261
-0.273899943516265;-1.7563406317700259
-0.26158267504011395;-1.7604528937324226
-0.2492013315371432;-1.7644809899140392
-0.23675632345529235;-1.7684239471284633
-0.22424807508040495;-1.7722807896162704
-0.21167702440336905;-1.7760505396722097
-0.19904362478463244;-1.7797322158277502
-0.18634834445515006;-1.783324833988549
-0.17359166669627846;-1.7868274076519255
-0.16077409004478393;-1.7902389480956276
-0.14789612849861875;-1.7935584645711062
-0.1349583117234469;-1.796784964501302
-0.12196118525993382;-1.799917453682939
-0.10890531073178082;-1.8029549364933328
-0.09579126576508566;-1.8058964163516897
-0.08261964308493648;-1.8087408968961751
-0.06939105265705987;-1.8114873805361928
-0.05610612126667605;-1.8141348692232582
-0.042765492562549086;-1.81668236482526
-0.029369827238118144;-1.8191288693874872
-0.015919803211819985;-1.8214733853995242
-0.0024161158065839888;-1.823714916068015
0.011140522075223133;-1.8258524655951784
0.024749380222131204;-1.8278850394495803
0.038409710611925954;-1.8298116446664434
0.05212074697932195;-1.8316312901517238
0.06588170487074402;-1.833342986977166
0.07969178148184426;-1.8349457486879026
0.09355015549646167;-1.8364385916159032
0.1074559869270173;-1.8378205351992727
0.12140841695634838;-1.8390906023073994
0.1354065681963563;-1.840247819720606
0.14944954562710178;-1.8412912188586397
0.1635364342836394;-1.8422198353506192
0.17766629991724953;-1.8430327096747603
0.19183818898659427;-1.8437288875636355
0.20605112854354202;-1.8443074203770762
0.22030412612219058;-1.844767365481552
0.23459616963109192;-1.8451077866360317
0.2489262272759093;-1.845327754382453
0.2632932487084519;-1.8454263463587126
0.2776961637910544;-1.8454026477820418
0.2921338821112654;-1.8452557518875774
0.30660529340530307;-1.844984760311254
0.321109267501014;-1.8445887835123789
0.33564465426563955;-1.8440669412025736
0.35021028355839;-1.8434183627810876
0.3648049651878286;-1.842642187776479
0.37942748943477433;-1.8417375661731306
0.39407662798942844;-1.8407036586554026
0.4087511316579565;-1.8395396375593982
0.42344973129481944;-1.8382446871329736
0.4381711378965317;-1.8368180039849193
0.4529140426262562;-1.8352587975565406
0.4676771168451117;-1.833566290599196
0.4824590121501958;-1.8317397196577918
0.49725836048696836;-1.8297783355267119
0.5120737758392233;-1.8276814029334691
0.5269038525428045;-1.8254482019043001
0.5417471651731037;-1.8230780283593617
0.5566022691672623;-1.820570194353218
0.5714677009421356;-1.817924028574421
0.5863419780209869;-1.8151388768500463
0.6012235991689111;-1.81221410265519
0.6161110445369747;-1.809149087627422
0.6310027765071224;-1.8059432315006596
0.6458972405682083;-1.802595952025033
0.6607928633370395;-1.7991066873147947
0.6756880537390705;-1.7954748955350945
0.6905812032765509;-1.791700055373227
0.705470686263867;-1.7877816665499837
0.720354860073532;-1.783719250334337
0.7352320653928284;-1.7795123500614556
0.7501006265840966;-1.7751605315239543
0.7649588533347499;-1.770663381577399
0.7798050392938122;-1.766020510979113
0.7946374624554478;-1.7612315548016215
0.8094543858492422;-1.7562961724352513
0.8242540578934717;-1.7512140480803484
0.8390347127606804;-1.7459848912405145
0.8537945707555658;-1.7406084372168535
0.8685318387051575;-1.7350844476032385
0.8832447108515996;-1.7294127094922411
0.8979313695022872;-1.7235930353530313
0.912589984311192;-1.7176252665452565
0.9272187133063851;-1.7115092722705292
0.9418157033750102;-1.7052449499852464
0.9563790907502393;-1.698832225841592
0.9709070015116675;-1.6922710551265774
0.9853975520991329;-1.6855614226991291
0.9998488498693322;-1.678703343127221
1.0142589939207225;-1.6716968582341756
1.028626075267065;-1.6645420413957959
1.0429481774649445;-1.6572389973607486
1.0572233772603434;-1.649787862011876
1.0714497451899516;-1.6421888027218425
1.0856253461962577;-1.6344420187033084
1.0997482402564132;-1.6265477413536333
1.1138164830249022;-1.6185062345940924
1.1278281261435883;-1.6103177932328336
1.1417812179004276;-1.6019827432276432
1.1556738044999533;-1.5935014453456502
1.1695039304265047;-1.5848742935771132
1.1832696391410717;-1.5761017153634909
1.1969689737929516;-1.5671841718258979
1.2105999779445182;-1.558122157984257
1.2241606963090903;-1.5489162029671568
1.2376491752795158;-1.5395668697561251
1.2510634622198273;-1.530074752356312
1.2644016084227954;-1.5204404804512208
1.2776616693831004;-1.5106647185144666
1.2908417053161314;-1.5007481653892236
1.3039397819375778;-1.4906915543664765
1.316953971254279;-1.4804956532501536
1.3298823523663137;-1.470161264409161
1.3427230122803633;-1.4596892248162827
1.3554740448703253;-1.4490804040305598
1.3681335523370368;-1.438335704893908
1.3806996481917884;-1.4274560658727569
1.3931704567202858;-1.416442459515878
1.4055441137923088;-1.4052958923620074
1.4178187676795382;-1.3940174048309715
1.42999257988154;-1.3826080710983266
1.4420637259599385;-1.3710689989534848
1.4540303957028402;-1.359401329235379
1.465890790858423;-1.347606233790913
1.4776431311133784;-1.3356849183498158
1.4892856534217267;-1.3236386213956923
1.5008166123711524;-1.3114686136370528
1.5122342809822475;-1.299176197716221
1.523536951511723;-1.2867627078992303
1.5347229362595718;-1.2742295097467151
1.5457905683664992;-1.2615779997623684
1.55673819916625;-1.248809604166697
1.5675642011359772;-1.235925779039647
1.578266971242257;-1.2229280105413856
1.588844929770644;-1.2098178139925615
1.59929652105843;-1.1965967334067549
1.609620214226335;-1.183266341002659
1.6198145039091159;-1.1698282366960153
1.6298779109851236;-1.1562840475712628
1.6398089824234996;-1.142635427376931
1.6496062889593595;-1.1288840561091127
1.659268430757199;-1.115031639175935
1.6687940364339215;-1.1010799068731327
1.6781817633351805;-1.0870306137767554
1.6874302981006515;-1.0728855381011342
1.6965383572188837;-1.058646481037069
1.7055046875386985;-1.044315266334465
1.7143280667376577;-1.0298937401250148
1.723007303974987;-1.015383769167347
1.73154124035139;-1.0007872405328655
1.7399287494034488;-0.9861060609120864
1.748168737591759;-0.9713421558680204
1.7562601447784034;-0.9564974690717536
1.7642019436277556;-0.9415739620380899
1.7719931390250965;-0.9265736138295726
1.779632771366528;-0.9114984188568616
1.787119915635326;-0.8963503867030705
1.7944536816856786;-0.8811315413385782
1.8016332145534255;-0.8658439202997483
1.808657694750128;-0.8504895738527707
1.8155263380512392;-0.8350705650071718
1.8222383956364505;-0.8195889688626393
1.8287931551732965;-0.8040468702446236
1.8351899405802714;-0.7884463636291136
1.8414281122002414;-0.7727895522980237
1.847507066957954;-0.7570785474783462
1.8534262384984264;-0.7413154674708736
1.859185096708915;-0.7255024380333857
1.8647831479964276;-0.7096415911129069
1.8702199359508127;-0.6937350627104953
1.8754950410161944;-0.6777849927951453
1.8806080805021612;-0.6617935244472603
1.8855587085740955;-0.6457628029953842
1.8903466162197904;-0.6296949751650159
1.8949715309525434;-0.6135921898163884
1.8994332168980463;-0.59745659601466
1.9037314748216818;-0.5812903413480875
1.907866141900733;-0.5650955717797155
1.9118370915777985;-0.5488744308212189
1.9156442333926318;-0.532629058704726
1.91928751279763;-0.5163615916132376
1.9227669110944898;-0.5000741625714704
1.926082445069143;-0.4837688990719473
1.9292341667117143;-0.46744792194042706
1.9322221629913687;-0.45111334508976403
1.9350465555652825;-0.43476727475571064
1.9377075004664388;-0.4184118087352927
1.9402051878125341;-0.40204903574852746
1.942539842036355;-0.3856810363523467
1.944711720871622;-0.36930988036350587
1.9467211149926344;-0.3529376262116155
1.9485683477496543;-0.3365663206286317
1.9502537747547768;-0.32019799797440973
1.9517777834481367;-0.3038346795691468
1.9531407927627402;-0.2874783732124415
1.9543432535730985;-0.27113107393007385
1.9553856470261826;-0.2547947615398357
1.9562684842671525;-0.2384714003734307
1.9569923060959942;-0.2221629389301466
1.9575576824562633;-0.20587130931218878
1.9579652119065847;-0.18959842667058077
1.958215521311862;-0.17334618888013376
1.9583092663783759;-0.15711647701906806
1.9582471294497983;-0.14091115334927554
1.9580298193979133;-0.12473206125467869
1.9576580711876985;-0.10858102490574219
1.9571326452978157;-0.09245984881714647
1.9564543271269739;-0.07637031741888549
1.95562392677538;-0.060314194855705806
1.9546422794895646;-0.0442932251740541
1.953510243160537;-0.028309130903312323
1.952228698374649;-0.012363613067701132
1.950798547895004;0.00354164909497659
1.949220716042985;0.01940499844852895
1.9474961480691928;0.03522480025814834
1.9456258100716182;0.05099944232237208
1.9436106891809235;0.06672733501376185
1.941451791045231;0.08240691203925525
1.9391501399764044;0.09803663045493158
1.9367067783736558;0.11361497085997829
1.934122766093884;0.12914043758691507
1.9313991798151102;0.14461155887544516
1.9285371131114633;0.1600268870058372
1.925537676254006;0.17538499842486366
