0.8134732861516003;1.827090915285202
0.7979924160641092;1.8338909004424817
0.7824447879341027;1.840535543859972
0.7668324622219355;1.847023990305113
0.7511574962133899;1.8533554272614032
0.7354219608671626;1.8595290773205648
0.7196279394522144;1.8655441987926387
0.7037775271996988;1.8714000858386546
0.6878728303494109;1.8770960687900649
0.6719159646072737;1.8826315143462913
0.6559090541672908;1.8880058258363404
0.6398542317333078;1.8932184435938963
0.623753637235459;1.8982688451842613
0.6076094174516334;1.9031565446923226
0.5914237253440596;1.9078810925732832
0.5751987185042928;1.9124420772646011
0.5589365586404947;1.9168391247390446
0.5426394108283126;1.921071897816466
0.5263094427337259;1.9251400957810505
0.5099488236616538;1.9290434559340575
0.49355972379198776;1.9327817530646012
0.47714431337704183;1.9363547987852168
0.460704761936818;1.9397624409553906
0.44424323741050953;1.9430045651392316
0.427761905352042;1.9460810940162174
0.4112629282171886;1.9489919867024874
0.3947484646663454;1.9517372379796227
0.3782206685254588;1.95431687970387
0.36168168807217926;1.956730980140936
0.34513366548832625;1.9589796429927218
0.3285787363148238;1.9610630064223264
0.31201902796991926;1.9629812452740847
0.2954566592491905;1.9647345699448384
0.2788937395464947;1.9663232262070445
0.2623323681075631;1.9677474949585856
0.2457746348642725;1.9690076879905882
0.22922261836332675;1.9701041510749113
0.21267838449888213;1.9710372650263626
0.19614398629158658;1.971807444128826
0.17962146314406827;1.9724151358803002
0.16311284061836953;1.972860819898836
0.1466201317399311;1.9731450043743348
0.1301453331300877;1.9732682308342284
0.11369042521006578;1.9732310723636575
0.0972573717229717;1.9730341329220744
0.08084811904944218;1.972678046991563
0.06446459744173513;1.972163477055948
0.04810872035515121;1.9714911132312813
0.03178238115303541;1.9706616758660611
0.01548745387391286;1.9696759135483326
-0.0007742073769533286;1.9685346026681794
-0.017000768777926403;1.9672385467746076
-0.033190414100976076;1.965788573505383
-0.049341348910163146;1.964185537015754
-0.06545180098378467;1.9624303173926325
-0.0815200201648929;1.9605238196124697
-0.09754427888591947;1.9584669730372442
-0.11352287108078118;1.956260730016661
-0.12945411188609246;1.9539060649277382
-0.14533634013085078;1.9514039747599974
-0.16116791933385652;1.9487554788735177
-0.17694723713128493;1.9459616178868488
-0.1926727057163578;1.943023453132543
-0.20834275931085805;1.9399420650800137
-0.22395585629044412;1.9367185533688245
-0.23951048112142362;1.9333540367732067
-0.2550051433707097;1.929849652148233
-0.270438377909304;1.9262065537864865
-0.2858087450872221;1.9224259127614358
-0.3011148306225728;1.9185089165813052
-0.31635524541875226;1.9144567688841818
-0.33152862635763214;1.9102706878556188
-0.34663363602884767;1.905951905935903
-0.36166896271864885;1.9015016691514328
-0.37663332038017777;1.8969212364202408
-0.3915254490348081;1.8922118792093807
-0.40634411770737033;1.8873748831953274
-0.4210881204668395;1.882411544524165
-0.4357562772018097;1.8773231698029356
-0.4503474340177308;1.8721110758073938
-0.4648604631963776;1.8667765888594203
-0.4792942631546316;1.8613210442228187
-0.49364775944440875;1.8557457866404874
-0.5079199039357032;1.8500521689322988
-0.5221096742876613;1.844241550922573
-0.5362160742620907;1.83831529929473
-0.5502381336303208;1.8322747870267495
-0.5641749080647306;1.8261213928292175
-0.5780254792645574;1.8198565009122498
-0.5917889550322075;1.8134815007103524
-0.6054644685289615;1.8069977855573078
-0.6190511783973415;1.800406752516517
-0.6325482686103684;1.7937098018769975
-0.6459549483003897;1.7869083366453158
-0.6592704516672813;1.780003762126639
-0.6724940382864772;1.7729974858851534
-0.6856249922206186;1.7658909166380659
-0.6986626219818612;1.7586854639373215
-0.7116062603832299;1.7513825377680459
-0.7244552643162181;1.743983548097403
-0.73720901451033;1.7364899044258786
-0.7498669159024252;1.7289030157580354
-0.7624283968151008;1.721224289796605
-0.7748929086960599;1.7134551325236276
-0.7872599259798035;1.7055969478772635
-0.7995289458280449;1.6976511373624639
-0.8116994878595226;1.6896190996690217
-0.8237710942262536;1.6815022304303355
-0.8357433294905141;1.6733019219193217
-0.8476157795951555;1.665019562417573
-0.8593880519489557;1.6566565360123384
-0.8710597751474174;1.6482142222692433
-0.8826305986828635;1.6396939959128944
-0.8941001926496408;1.6310972265176298
-0.905468247444894;1.6224252782086783
-0.9167344739190417;1.6136795094041605
-0.9278986030987391;1.6048612725398244
-0.9389603851983022;1.5959719137578643
-0.9499195897154644;1.5870127726794832
-0.960776005155127;1.5779851821645774
-0.9715294387539879;1.5688904680835798
-0.9821797162078031;1.559729949101805
-0.9927266814017891;1.5505049364764736
-1.0031701955304033;1.5412167333032347
-1.0135101370030553;1.5318666344926655
-1.0237464018178724;1.5224559271849218
-1.033878902876977;1.5129858902022668
-1.0439075696989664;1.5034577938741793
-1.05383234813407;1.4938728998729345
-1.0636532000824233;1.484232461059759
-1.07337010321317;1.474537721339187
-1.0829830501274873;1.4647899150150623
-1.0924920483844152;1.4549902669377472
-1.1018971206135468;1.4451399927368647
-1.1111983039395792;1.4352402984347477
-1.1203956496926066;1.4252923803256332
-1.1294892231210478;1.415297424862936
-1.138479103107486;1.405256608554567
-1.1473653818831995;1.3951710978627723
-1.156148164447889;1.3850420488810993
-1.1648275685132303;1.374870607421776
-1.1734037243573947;1.3646579090389543
-1.1818767744214067;1.354405078856671
-1.1902468730305424;1.344113231497837
-1.198514186118864;1.3337834710196501
-1.206678890957085;1.3234168908553328
-1.2147411758782434;1.3130145737593675
-1.2227012398209902;1.3025775916702076
-1.230559292236254;1.2921070057502237
-1.238315552870203;1.2816038663706861
-1.2459702514392734;1.271069213049101
-1.2535236273716204;1.2605040744217542
-1.260975929552289;1.2499094682213996
-1.2683274160722626;1.2392864012599754
-1.275578353971941;1.228635869413194
-1.2827290188070921;1.217958857552513
-1.2897796946031936;1.2072563396030935
-1.296730673629353;1.1965292785478872
-1.3035822561083368;1.1857786264144978
-1.3103347499818332;1.1750053242822758
-1.3169884706796953;1.164210302293289
-1.3235437408932782;1.1533944796670332
-1.330000890339578;1.142558764718797
-1.336360255368505;1.1317040548820205
-1.3426221789463435;1.1208312367328
-1.348787010428823;1.1099411860182944
-1.3548551053095297;1.099034767688306
-1.3608268250108095;1.0881128359296834
-1.3667025366786612;1.0771762342035378
-1.3724826129816874;1.0662257952851455
-1.3781674318987625;1.0552623413094449
-1.3837573763869513;1.044286683843439
-1.3892528343643011;1.0332996238995276
-1.3946541984943455;1.0223019519910252
-1.3999618659740307;1.011294448189899
-1.4051762383504809;1.0002778821815894
-1.4102977213415533;0.9892530133217406
-1.4153267246602237;0.9782205906947217
-1.4202636618157924;0.9671813531864197
-1.4251089498748843;0.9561360295791458
-1.4298630094238092;0.9450853385558847
-1.4345262643587873;0.9340299887879692
-1.439099141719185;0.9229706790057323
-1.4435820715302012;0.9119080980676875
-1.447975486649128;0.9008429250308645
-1.4522798226152054;0.8897758292221886
-1.4564955174554122;0.8787074703426734
-1.460623011525446;0.8676384985513163
-1.464662747457809;0.8565695544804962
-1.468615169977171;0.8455012693431712
-1.4724807257634125;0.8344342650111157
-1.4762598633183281;0.8233691540935358
-1.4799530328355568;0.8123065400162479
-1.4835606860730048;0.8012470171021087
-1.4870832761809138;0.7901911707031368
-1.4905212576154754;0.7791395772440672
-1.4938750860411953;0.7680928042816697
-1.4971452181949416;0.757051410608929
-1.5003321117721142;0.7460159463387728
-1.5034362253157108;0.7349869529879859
-1.506458018108273;0.7239649635612259
-1.5093979500628478;0.7129505026408081
-1.5122564815818447;0.701944086528761
-1.5150340735037608;0.6909462232613648
-1.5177311869991932;0.6799574127036069
-1.5203482834674604;0.6689781466465663
-1.5228858244432046;0.6580089088935979
-1.5253442715055305;0.6470501753463443
-1.5277240861896513;0.6361024140905027
-1.5300257298947773;0.6251660854961278
-1.5322496637824028;0.6142416423462129
-1.5343963487265884;0.6033295298469377
-1.536466245223447;0.5924301857401159
-1.538459813312066;0.5815440403934959
-1.5403775124992793;0.5706715168868076
-1.5422198016866284;0.559813031097389
-1.5439871390994746;0.5489689917853193
-1.5456799822119323;0.5381398007047471
-1.5472987876772288;0.527325852700443
-1.5488440112757509;0.5165275357374465
-1.5503161078455556;0.505745231012901
-1.5517155312210413;0.49497931304097526
-1.5530427341735984;0.4842301497368425
-1.55429816835412;0.4734981025000616
-1.5554822842373073;0.4627835262977341
-1.5565955310654225;0.45208676978446216
-1.5576383567976964;0.4414081753589781
-1.558611208061042;0.430748079226546
-1.559514530100176;0.4201068114969474
-1.5603487667303761;0.4094846962657078
-1.5611143602918298;0.3988820516946351
-1.5618117516055425;0.38829919009164915
-1.5624413799313892;0.3777364179958316
-1.5630036829335454;0.36719403631798636
-1.5634990966316749;0.3566723403305064
-1.5639280553641275;0.3461716197576181
-1.5642909917527323;0.3356921588668396
-1.5645883366674125;0.3252342365450198
-1.5648205191921118;0.31479812637351534
-1.5649879665919981;0.3043840967024574
-1.5650911042819056;0.2939924107240917
-1.5651303557959813;0.2836233265451446
-1.5651061427585002;0.2732770972581986
-1.5650188848575137;0.26295397102193707
-1.5648689998570529;0.25265419135813344
-1.5646569035255216;0.2423779969540591
-1.5643830096082856;0.23212562171478263
-1.5640477298173971;0.22189729490823018
-1.5636514738094407;0.2116932412344326
-1.563194649164348;0.20151368089386928
-1.5626776613651516;0.19135882965490345
-1.5621009137786426;0.181228898920271
-1.561464807636896;0.17112409579261756
-1.5607697420196314;0.16104462313904694
-1.5600161138382505;0.15099067965701002
-1.5592043178884274;0.14096246012023617
-1.5583347467736006;0.13096015527682348
-1.5574077908596888;0.12098395182779989
-1.556423838295096;0.11103403257722246
-1.555383274998837;0.10111057649432902
-1.5542864846493665;0.09121375877483895
-1.553133848674076;0.08134375090140229
-1.5519257462394342;0.07150072070317082
-1.5506625542417358;0.06168483241449334
-1.5493446472984307;0.051896246732708595
-1.5479723977400075;0.04213512087505106
-1.5465461756721728;0.032401608748392846
-1.545066348934601;0.02269586094863764
-1.5435332830203334;0.01301802469426347
-1.5419473411218627;0.003368243964769521
-1.5403088841270676;-0.0062533404442599305
-1.53861827061564;-0.015846590866854603
-1.5368758568559802;-0.025411372713139646
-1.5350819968025293;-0.03494755441659077
-1.533237042093518;-0.044455007382082426
-1.5313413420490989;-0.05393360593472072
-1.5293952436698415;-0.06338322726947986
-1.5273990916910338;-0.07280375134176642
-1.5253532285896199;-0.08219506081024196
-1.5232579944706224;-0.09155704111082351
-1.5211137271302113;-0.10088958034113647
-1.5189207620581637;-0.11019256921144494
-1.5166794324399302;-0.11946590099705662
-1.514390069159013;-0.1287094714914085
-1.5120530007996384;-0.13792317895983855
-1.509668553649693;-0.14710692409404785
-1.507237051703909;-0.1562606099672435
-1.5047588166672725;-0.16538414198997622
-1.5022341679969284;-0.1744774278392456
-1.499663422945475;-0.1835403773874324
-1.4970468964366144;-0.19257290275204442
-1.494384901130082;-0.20157491821074935
-1.4916777474305334;-0.21054634015729873
-1.4889257434936598;-0.21948708706019285
-1.4861291952325095;-0.22839707942193954
-1.4832884063239833;-0.2372762397389162
-1.4804036782154961;-0.24612449246182092
-1.4774753101317781;-0.2549417639567229
-1.4745035990818065;-0.26372798246669704
-1.4714888398898198;-0.2724830780619698
-1.4684313252592651;-0.2812069825740937
-1.4653313456552441;-0.2898996296222145
-1.4621891893613703;-0.29856095455204673
-1.4590051424946773;-0.307190894396593
-1.455779489014552;-0.315789387840454
-1.452512510731779;-0.32435637518466215
-1.4492044873176897;-0.3328917983120202
-1.4458556963133937;-0.34139560065295543
-1.4424664131390832;-0.3498677271518714
-1.4390369111033927;-0.3583081242340052
-1.4355674614262157;-0.3667167397687334
-1.4320583333092745;-0.3750935230189774
-1.4285097938381912;-0.38343842464191413
-1.424922108025383;-0.39175139664770003
-1.4212955388300947;-0.40003239236556976
-1.4176303471691845;-0.4082813664131842
-1.4139267919279648;-0.4164982746664256
-1.4101851299710864;-0.4246830742296229
-1.4064056161534528;-0.43283572340621496
-1.4025885033311596;-0.4409561816698331
-1.39873404237244;-0.4490444096358116
-1.3948424821788397;-0.4571003690317731
-1.3909140697802256;-0.46512402265899677
-1.386949050209498;-0.47311533438292447
-1.3829476665431701;-0.4810742691024292
-1.3789101599323783;-0.48900079272071534
-1.3748367696144281;-0.4968948721191479
-1.3707277329243144;-0.5047564751314556
-1.366583285306202;-0.5125855705183147
-1.3624036603248673;-0.5203821279422964
-1.3581890896770756;-0.528146117943185
-1.3539398032029006;-0.5358775119136481
-1.3496560288969597;-0.5435762820752678
-1.345337992919569;-0.5512424014549139
-1.3409859196077978;-0.5588758438614663
-1.3366000314864175;-0.566476583862872
-1.3321805494210759;-0.5740445967544267
-1.327727692630112;-0.5815798585364237
-1.3232416783980068;-0.589082345911208
-1.318722722258665;-0.5965520362504747
-1.314171038009839;-0.6039889075736712
-1.3095868377254447;-0.6113929385268361
-1.3049703317678274;-0.6187641083617257
-1.30032172879996;-0.6261023969152347
-1.295641235797578;-0.6334077845890951
-1.2909290580612325;-0.6406802523298568
-1.2861853992282646;-0.6479197816091367
-1.2814104612846853;-0.6551263544041382
-1.2766044445769618;-0.6622999531784289
-1.2717675478236943;-0.6694405608629773
-1.2668999681441542;-0.67654816083975
-1.2620019012451271;-0.6836227369471558
-1.2570735411635465;-0.6906642734251847
-1.2521150803236538;-0.6976727549036825
-1.2471267095947154;-0.7046481663909443
-1.242108618303507;-0.7115904932563907
-1.2370609942467363;-0.7184997212134688
-1.2319840237033923;-0.7253758363027842
-1.2268778914470222;-0.7322188248754473
-1.2217427807579264;-0.7390286735766399
-1.2165788734352687;-0.7458053693293882
-1.2113863498090998;-0.7525488993185402
-1.2061653887522805;-0.7592592509749466
-1.200916167692312;-0.7659364119598314
-1.1956388626230556;-0.7725803701493564
-1.1903336481915956;-0.7791911136415542
-1.1850006977293812;-0.78576863074705
-1.1796401830759968;-0.7923129099188346
-1.174252274693274;-0.7988239397678681
-1.1688371416798298;-0.8053017090495146
-1.1633949517833526;-0.8117462066495176
-1.1579258714128233;-0.8181574215701454
-1.1524300656506639;-0.8245353429165112
-1.146907698264816;-0.8308799598830544
-1.1413589317207407;-0.8371912617401874
-1.1357839271933423;-0.8434692378210944
-1.130182844578806;-0.8497138775086868
-1.1245558425063553;-0.8559251702227011
-1.1189030783499159;-0.8621031054069449
-1.1132247082471378;-0.8682476725201986
-1.1075208872090743;-0.8743588610702038
-1.1017917689893986;-0.8804366605340275
-1.0960375061122072;-0.8864810603536517
-1.09025824991221;-0.8924920499375877
-1.0844541505466776;-0.8984696186492966
-1.078625357007329;-0.9044137557957411
-1.072772017132159;-0.9103244506160674
-1.0668942776171977;-0.9162016922704156
-1.0609922840282078;-0.9220454698288489
-1.05506618081231;-0.9278557722604046
-1.049116111309544;-0.933632588422255
-1.043142217764351;-0.9393759070489831
-1.0371446413369907;-0.9450857167419596
-1.0311235221148762;-0.950762005958827
-1.025078999157737;-0.9564047630279783
-1.0190112105273277;-0.9620139761518448
-1.0129202931987464;-0.9675896333233587
-1.006806383123194;-0.9731317223538144
-1.0006696152412464;-0.9786402308645149
-0.9945101234943432;-0.984115146277256
-0.9883280408362275;-0.9895564558049077
-0.982123499244328;-0.9949641464420954
-0.9758966297310903;-1.000338204955973
-0.9696475623552541;-1.0056786178770862
-0.9633764262330681;-1.0109853714903254
-0.957083349549454;-1.016258451825959
-0.9507684595691093;-1.0214978446507503
-0.9444318826475537;-1.0267035354591467
-0.9380737442450193;-1.0318755094671186
-0.9316941689873601;-1.0370137516476472
-0.9252932806086822;-1.042118246661855
-0.9188712019656107;-1.0471889788535391
-0.9124280550644609;-1.0522259322552134
-0.9059639610723514;-1.0572290905800887
-0.8994790403282807;-1.0621984372141238
-0.8929734123541596;-1.0671339552081536
-0.8864471958658067;-1.0720356272700833
-0.8799005087838956;-1.0769034357571547
-0.873333468244867;-1.0817373626682742
-0.866746190611794;-1.0865373896364037
-0.8601387914852101;-1.0913034979210083
-0.8535113857138866;-1.0960356684005665
-0.8468640874055744;-1.1007338815651273
-0.8401970099552931;-1.105398117485205
-0.8335102660586353;-1.110028356003666
-0.8268039676877241;-1.1146245763592095
-0.8200782261140894;-1.1191867574421985
-0.8133331519246476;-1.123714877721393
-0.8065688550324894;-1.1282089152372903
-0.799785444687634;-1.132668847595502
-0.7929830294877642;-1.1370946519601564
-0.7861617173889316;-1.141486305047334
-0.7793216157162385;-1.1458437831185326
-0.7724628311744887;-1.1501670619741662
-0.7655854698588177;-1.1544561169470908
-0.7586896372652927;-1.1587109228961636
-0.751775438301491;-1.1629314541998312
-0.7448429772980896;-1.167117684751241
-0.7378923580436337;-1.1712695879864627
-0.7309236837643336;-1.1753871368343913
-0.7239370571333681;-1.1794703037087935
-0.7169325802901069;-1.1835190605145642
-0.7099103548507063;-1.1875333786417628
-0.7028704819186927;-1.1915132289596828
-0.6958130620955215;-1.1954585818109666
-0.688738195491121;-1.1993694070057566
-0.6816459817344096;-1.20324567381589
-0.6745365199838;-1.2070873509691318
-0.6674099089376804;-1.2108944066434462
-0.6602662468448786;-1.2146668084613101
-0.6531056315212959;-1.2184045234914582
-0.6459281603777058;-1.2221075182639987
-0.6387339303915746;-1.2257757587188232
-0.6315230381321114;-1.2294092102175713
-0.624295579773132;-1.2330078375411326
-0.6170516511035807;-1.236571604884408
-0.6097913475380353;-1.2401004758511196
-0.6025147641272013;-1.243594413448667
-0.5952219955683878;-1.2470533800830328
-0.587913136215975;-1.2504773375537344
-0.5805882800918645;-1.253866247048823
-0.573247520895921;-1.25722006913993
-0.5658909520163925;-1.260538763777361
-0.5585186665685938;-1.2638222902901275
-0.5511307573942088;-1.2670706073792142
-0.543727317031819;-1.2702836731059266
-0.5363084377534714;-1.2734614448917008
-0.528874211575362;-1.2766038795134949
-0.5214247302684896;-1.2797109330992187
-0.5139600853693029;-1.2827825611232158
-0.5064803681903493;-1.2858187184017917
-0.49898566983091364;-1.2888193590887964
-0.4914760811876615;-1.29178443667125
-0.4839516929652748;-1.2947139039650233
-0.4764125956870892;-1.2976077131105617
-0.46885887970910617;-1.300465815566507
-0.4612906352766705;-1.303288162076159
-0.4537079524695441;-1.3060747027051507
-0.4461109212192756;-1.308825386833072
-0.43849963133335623;-1.3115401631408106
-0.4308741725061828;-1.314218979606355
-0.4232346343300266;-1.3168617835006415
-0.41558110630601486;-1.3194685213834387
-0.4079136778551158;-1.3220391390992787
-0.40023243832913935;-1.3245735817734259
-0.392537477021743;-1.327071793807888
-0.38482888317945174;-1.3295337188774699
-0.37710674601267985;-1.331959299925867
-0.36937115472472154;-1.3343484791536893
-0.3616221985543953;-1.336701198000355
-0.3538599667020428;-1.3390173971787516
-0.3460845483771517;-1.3412970166549734
-0.3382960328132926;-1.343539995642876
-0.33049450927960317;-1.3457462726002392
-0.3226800670922912;-1.3479157852249648
-0.31485279562616597;-1.3500484704513096
-0.3070127843261856;-1.3521442644461552
-0.29916012271903486;-1.3542031026053094
-0.29129490042472195;-1.3562249195498475
-0.28341720716820334;-1.358209649122483
-0.2755271327910921;-1.3601572243839668
-0.26762476731122886;-1.362067577600166
-0.2597102008998943;-1.3639406402452852
-0.25178352385196;-1.3657763430065013
-0.24384482663089377;-1.367574615774015
-0.2358941998809571;-1.369335387637547
-0.2279317344394386;-1.371058586882872
-0.21995752134892968;-1.372744140988382
-0.2119716518696329;-1.374391976621684
-0.20397421749171585;-1.3760020196362266
-0.1959653099476999;-1.3775741950679619
-0.18794502122489218;-1.3791084271320369
-0.17991344357784952;-1.3806046392195197
-0.1718706695481605;-1.3820627538944104
-0.1638167920398978;-1.383482692892639
-0.15575190423250446;-1.3848643771153863
-0.14767609961364597;-1.3862077266266466
-0.13958947200702043;-1.3875126606506452
-0.13149211558554413;-1.3887790975687728
-0.12338412488458905;-1.3900069549165517
-0.11526559481528018;-1.3911961493806355
-0.10713662067784221;-1.3923465967958426
-0.09899729817500921;-1.393458212142219
-0.09084772342548594;-1.3945309095421379
-0.08268799297746969;-1.3955646022574284
-0.0745182038222208;-1.3965592026865405
-0.06633845343733001;-1.3975146223689348
-0.05814883982941253;-1.3984307719893543
-0.049949461441889706;-1.3993075613493575
-0.04174041721946195;-1.4001448993769166
-0.03352180662517604;-1.4009426941245235
-0.025293729654864913;-1.4017008527666774
-0.017056286851666463;-1.402419281597411
-0.008809579320609863;-1.4030978860278516
-0.0005537087432835389;-1.4037365705838218
0.007711222607426484;-1.4043352389034762
0.015985111852519274;-1.4048937937349741
0.0242678554919944;-1.4054121369341928
0.03255934938917221;-1.4058901694627959
0.04085948868675729;-1.4063277914170682
0.04916816785772009;-1.4067249019959984
0.057485280723880566;-1.407081399483921
0.06581072040373201;-1.4073971812650492
0.07414437929653904;-1.4076721438216626
0.08248614906634566;-1.4079061827323427
0.09083592062588366;-1.408099192670252
0.09919358412039406;-1.4082510674014614
0.10755902891134607;-1.4083616997833233
0.11593214356006598;-1.4084309817628902
0.12431281581126667;-1.4084588043753812
0.1327009325764899;-1.4084450577426935
0.14109637991767665;-1.408389631071806
0.14949904289560487;-1.4082924127437113
0.15790880578693284;-1.4081532901553524
0.16632555195252235;-1.4079721497951994
0.17474916382865824;-1.407748877236458
0.1831795229092273;-1.407483357136323
0.19161650972779237;-1.407175473235283
0.2000600038395715;-1.406825108356473
0.2085098838033052;-1.4064321444050822
0.2169660271630227;-1.4059964623678158
0.2254283104296958;-1.4055179423124105
0.23389660906279125;-1.4049964633872056
0.24237079745170462;-1.4044319038207727
0.25085074884134784;-1.4038241409736938
0.2593363352972051;-1.4031730513534055
0.2678274278341497;-1.4024785104759452
0.2763238963163937;-1.401740392941548
0.28482560943570123;-1.400958572437048
0.2933324346914611;-1.4001329217364928
0.3018442383705991;-1.3992633127018579
0.3103608855273401;-1.3983496162838545
0.31888223996280174;-1.397391702522839
0.3274081642044297;-1.3963894405498254
0.3359385194852634;-1.3953426985875954
0.34447316572304093;-1.39425134395192
0.3530119614991266;-1.3931152430528815
0.3615547640372702;-1.391934261396309
0.3701014291821863;-1.3907082635853216
0.37865181137796394;-1.3894371133219843
0.38720576363520953;-1.3881206734239522
0.39576313735637136;-1.3867588060313973
0.40432378253967405;-1.3853513723054793
0.4128875477309767;-1.3838982324651263
0.4214542799540438;-1.3823992458526617
0.43002382468690864;-1.380854270937413
0.4385960258379914;-1.3792631653195115
0.4471707257219803;-1.377625785733879
0.4557477650354579;-1.3759419880544108
0.4643269828322788;-1.3742116272983533
0.4729082164986941;-1.3724345576308825
0.4814913017282122;-1.3706106323698852
0.49007607249620677;-1.3687397039909468
0.4986623610342514;-1.3668216241325482
0.5072499978041897;-1.3648562436014762
0.51583881147193;-1.3628434123784487
0.5244286288809705;-1.3607829796239612
0.5330192750834144;-1.3586747937150525
0.541610573343057;-1.3565187022676102
0.550202344933374;-1.354314552050066
0.5587944092015675;-1.3520621890388551
0.5673865835445595;-1.3497614584274829
0.5759786833815342;-1.347412204634146
0.584570522126211;-1.34501427130962
0.5931619111588592;-1.3425675013454061
0.6017526597980384;-1.340071736882151
0.6103425752720695;-1.3375268193183363
0.6189314626902296;-1.3349325893192454
0.6275191250136773;-1.332288886826208
0.6361053630260907;-1.3295955510661286
0.6446899753040287;-1.326852420561303
0.6532727581870035;-1.3240593331395234
0.6618535057472728;-1.321216125944477
0.6704320097672078;-1.3183226354538715
0.6790080598430049;-1.3153786976173167
0.6875814431635321;-1.312384147688336
0.6961519444907602;-1.309338820247122
0.7047193461733698;-1.3062425492551923
0.7132834281155742;-1.3030951680683982
0.7218439677456795;-1.2998965094502895
0.7304007399843723;-1.2966464055858453
0.7389535172127473;-1.2933446880955672
0.7475020692400575;-1.2899911880499482
0.7560461632711953;-1.2865857359843151
0.7645855638738971;-1.283128161914053
0.7731200329456784;-1.2796182953502122
0.7816493296804854;-1.276055965315508
0.7901732105350708;-1.2724410003607112
0.7986914291950854;-1.2687732285814413
0.8072037365408937;-1.265052477635357
0.8157098806568563;-1.2612785748606974
0.8242096068306051;-1.2574513473728002
0.8327026573678685;-1.25357062173623
0.8411887716325671;-1.2496362241576167
0.8496676860153058;-1.245647980514446
0.8581391338980675;-1.2416057163761771
0.8666028456186388;-1.2375092570258681
0.8750585484347755;-1.2333584274823084
0.8835059664880968;-1.2291530525226715
0.8919448207677128;-1.2248929567056863
0.9003748290735818;-1.220577964395342
0.9087957059796037;-1.2162078997851204
0.9172071627964343;-1.2117825869227763
0.9256089075340331;-1.2073018497356591
0.9340006448639361;-1.2027655120565903
0.9423820760812521;-1.1981733976502995
0.9507528990750338;-1.1935253302542528
0.9591128084763245;-1.1888211339048107
0.9674614953682369;-1.184060632563599
0.9757986472471991;-1.179243650146815
0.9841239480521612;-1.1743700106642987
0.9924370781260555;-1.1694395382512595
1.0007377141770368;-1.1644520572006964
1.0090255292394918;-1.1594073919965195
1.0173001926348335;-1.1543053673473724
1.025561369932061;-1.1491458082211794
1.0338087229081019;-1.1439285398804113
1.0420419095079243;-1.1386533879180873
1.0502605838044337;-1.1333201782945121
1.058464395958138;-1.1279287373747673
1.0666529921765926;-1.122478891966955
1.0748260146736202;-1.11697046936121
1.082983101628312;-1.1114032973694792
1.0911238872715463;-1.1057772045072056
1.0992480019803106;-1.1000920201846598
1.107355071740692;-1.0943475742019035
1.1154447183442993;-1.0885436970549986
1.1235165593625798;-1.082680219997931
1.1315702081064323;-1.0767569750893515
1.1396052735856936;-1.0707737952402532
1.1476213604685002;-1.0647305142625958
1.155618069040532;-1.058626966918884
1.1635949951641362;-1.0524629889727144
1.171551730237334;-1.046238417240301
1.179487861152712;-1.0399530896429878
1.1874029702562088;-1.0336068452607572
1.1952966353057843;-1.0271995243867513
1.2031684294299871;-1.0207309685828094
1.2110179210864127;-1.014201020736039
1.2188446743993515;-1.0076095259128965
1.2266482480739929;-1.000956328366984
1.2344281972737252;-0.9942412767680605
1.2421840716058759;-0.9874642200463779
1.2499154158378363;-0.9806250087881709
1.257621769857599;-0.9737234952996184
1.2653026686344526;-0.9667595336721856
1.2729576421798234;-0.9597329798493572
1.280586215508278;-0.9526436916947513
1.2881879085986705;-0.945491529061625
1.2957622363554462;-0.9382763538637642
1.303308708570095;-0.9309980301477618
1.3108268298827617;-0.9236564241666781
1.3183160997440044;-0.916251404455093
1.3257760123767073;-0.9087828419055415
1.3332060567381463;-0.9012506098463361
1.3406057164822038;-0.8936545841207789
1.3479744701189496;-0.8859946432438406
1.3553117913011872;-0.878270668609163
1.3626171479475053;-0.8704825442484793
1.3698900025657539;-0.8626301570555205
1.377129812253076;-0.8547133968864475
1.3843360286667783;-0.8467321566503692
1.391508097995684;-0.8386863324013679
1.3986454609319605;-0.830575823432043
1.405747552643433;-0.8224005323685593
1.412813802746373;-0.8141603652672154
1.4198436352560069;-0.8058552316930304
1.4268364684198738;-0.7974850446991231
1.4337917149201354;-0.7890497211231148
1.44070878178975;-0.7805491816396303
1.4475870703603402;-0.7719833508410299
1.4544259762357885;-0.7633521573412839
1.4612248892662292;-0.7546555338812754
1.467983193522425;-0.7458934174355483
1.474700267270541;-0.7370657493204875
1.4813754829473025;-0.7281724753039418
1.4880082071649003;-0.7192135457260662
1.4945978014824108;-0.7101889158772015
1.5011436214793528;-0.7010985458106243
1.5076450166316246;-0.6919424004242873
1.5141013305784854;-0.6827204496743318
1.5205119011111927;-0.6734326686970356
1.5268760601625075;-0.6640790379323683
1.533193133797071;-0.654659543249137
1.5394624422026495;-0.6451741760717349
1.5456832996822558;-0.6356229335084781
1.5518550146471346;-0.6260058184815485
1.557976890017441;-0.6163228399463438
1.5640482230436947;-0.6065740129872114
1.5700683048196562;-0.5967593588479729
1.5760364206021154;-0.5868789051380463
1.5819518498157636;-0.5769326859719942
1.587813866059253;-0.5669207421107435
1.5936217371124581;-0.5568431211044639
1.5993747249449333;-0.5466998774371227
1.6050720857255671;-0.5364910726727026
1.6107130698334358;-0.5262167756030923
1.6162969222330312;-0.5158770624310182
1.621822882897138;-0.5054720169589219
1.627290185539816;-0.4950017306240604
1.6326980582233046;-0.48446630270741453
1.6380457234190757;-0.47386584049397296
1.643332398038217;-0.46320045943176347
1.6485572934635344;-0.4524702832925961
1.6537196155833704;-0.4416754443345212
1.6588185648271423;-0.43081608346600775
1.6638533362026;-0.4198923504118281
1.668823119527047;-0.4089044038583952
1.6737271003765763;-0.39785241151782647
1.6785644585359383;-0.38673655048348216
1.6833343685221003;-0.3755570073471698
1.6880359997858947;-0.3643139783555659
1.6926685167737283;-0.3530076695847592
1.6972310789916074;-0.34163829711644567
1.7017228410714902;-0.33020608721575895
1.7061429528399512;-0.3187112765107571
1.7104905593891726;-0.3071541121735488
1.7147648012144643;-0.2955348520830064
1.7189648154716175;-0.283853764639931
1.7230897345899376;-0.2721111294108592
1.7271386863610583;-0.26030723731310274
1.7311107943951098;-0.24844239068737844
1.7350051782219196;-0.2365169034837151
1.738820953395231;-0.22453110144879732
1.7425572315999442;-0.21248532231473066
1.746213120762375;-0.20037991598923965
1.7497877251635376;-0.1882152447472822
1.7532801455572464;-0.175991683423072
1.7566894803354807;-0.16370961900630182
1.7600148249852654;-0.15136945121863354
1.7632552713198066;-0.13897159322245517
1.7664099082924236;-0.1265164714275538
1.7694778221455227;-0.11400452568125287
1.7724580965633598;-0.1014362094595329
1.775349812828582;-0.0888119900591493
1.7781520499825576;-0.07613234879072968
1.780863884989487;-0.06339778117287236
1.7834843929042976;-0.05060879712722888
1.7860126476696454;-0.03776592060629426
1.7884477227257831;-0.024869689395679337
1.7907886893770373;-0.011920656959609144
1.7930346178708956;0.001080608174364936
1.795184577633097;0.014133522259197742
1.7972376374767987;0.027237486144204452
1.7991928658163066;0.04039188509062211
1.8010493308853701;0.053596088586897246
1.8028061009600413;0.06684945016368556
1.8044622445861;0.0801513072085824
1.8060168310294031;0.09350098109457229
1.8074689313520813;0.10689777820162488
1.8088176171966128;0.12034098763529809
1.8100619615084579;0.1338298817262159
1.811201038912881;0.14736371602540368
1.8122339259934883;0.160941729151446
1.8131597015765128;0.17456314263906206
1.813977447020854;0.18822716078911833
1.8146862465133589;0.20193297052376813
1.8152851873098508;0.21567974168365878
1.8157733600862402;0.22946662656041597
1.816149859286141;0.24329275949846219
1.8164137834085807;0.257157256980373
1.8165642353309073;0.27105921749745243
1.8166003226373593;0.2849977214223549
1.816521157953305;0.2989718308837467
1.816325859285147;0.3129805896430101
1.8160135504703108;0.32702302340166456
1.8155833618035702;0.3410981408115764
1.8150344298511818;0.35520493112934437
1.8143658980179826;0.36934236494086614
1.8135769169513578;0.38350939419493524
1.8126666449240412;0.3977049521286906
1.8116342482230217;0.41192795319692666
1.810478901544563;0.4261772930052641
1.8091997883906232;0.4404518482740718
1.807796101259989;0.4547504780140627
1.8062670422582032;0.4690720223478876
1.8046118235844824;0.48341530207331385
1.8028296678682374;0.4977791191244578
1.8009198085953;0.5121622565592554
1.7988814905399813;0.5265634785523808
1.7967139702029613;0.5409815303936129
1.7944165162550112;0.5554151384916516
1.791988409807039;0.569863010928378
1.7894289445549032;0.5843238384165037
1.7867374279658126;0.5987962921179926
1.7839131814394142;0.6132790245985998
1.7809555407447115;0.6277706699681131
1.7778638564864948;0.6422698439541464
1.7746374945769932;0.6567751439832309
1.771275836712749;0.6712851492692091
1.7677782808163018;0.68579842097271
1.764144240544799;0.7003135038490257
1.7603731468245098;0.7148289247136504
1.756464448454537;0.7293431923926343
1.7524176122809096;0.7438547983666215
1.748232123681094;0.7583622169404389
1.7439074870525235;0.7728639054218862
1.7394432263051447;0.7873583043097266
1.7348388853579861;0.8018438374908659
1.7300940279849897;0.8163189130738725
1.7252082376436568;0.8307819242519934
1.7201811200172115;0.8452312475802071
1.7150123025795507;0.8596652441169116
1.7097014350358688;0.8740822597399333
1.7042481898066004;0.8884806254340949
1.6986522625135625;0.9028586575897252
1.6929133724682977;0.91721465831211
1.687031263023492;0.9315469158207919
1.6810057000133516;0.9458537059451018
1.6748364747197089;0.9601332910646738
1.668523404243085;0.9743839205341804
1.6620663314330286;0.988603831370247
1.655465125340695;1.0027912486543207
1.6487196816711451;1.0169443859478855
1.6418299232353661;1.0310614457200267
1.6347958004020178;1.0451406197873292
1.6276172902141623;1.059180090118993
1.620294396199753;1.0731780294708009
1.6128271519418445;1.0871326010374547
1.6052156199281482;1.1010419593651284
1.5974598919108556;1.1149042508770406
1.5895600892942887;1.128717614403944
1.5815163635191924;1.1424801817277783
1.5733288964436802;1.1561900781384706
1.5649979004213381;1.1698454230019708
1.5565236157741758;1.1834443303245108
1.5479063150487375;1.1969849093741554
1.5391463027717243;1.2104652652862775
1.5302439151448575;1.2238834996818158
1.5211995203356674;1.237237711302589
1.5120135187613903;1.2505259966597513
1.5026863433659872;1.2637464506953713
1.4932184598902587;1.2768971674571739
1.4836103652108665;1.2899762402360264
1.4738625875327205;1.3029817622486513
1.4639756898964893;1.3159118282836277
1.4539502685626204;1.328764534897086
1.4437869531652294;1.3415379811297226
1.433486406864821;1.3542302692385912
1.423049326490385;1.366839505440963
1.4124764426708762;1.3793638006702442
1.4017685195254121;1.3918012710751084
1.3909263519225672;1.4041500370195443
1.3799507698015676;1.4164082265107818
1.368842637259962;1.4285739753783215
1.357602852080871;1.4406454277461185
1.3462323457291818;1.452620736816257
1.3347320833335201;1.4644980656624522
1.3231030636540113;1.476275588033364
1.3113463190358001;1.487951489165753
1.299462913510227;1.4995239645400331
1.28745394333514;1.5109912214050154
1.2753205390125448;1.5223514819900816
1.2630638638101872;1.5336029828110438
1.2506851135848578;1.5447439754659054
1.2381855165884308;1.5557727274370239
1.2255663332566504;1.5666875228996662
1.2128288559806315;1.5774866635369824
1.1999744085279884;1.5881684686446917
1.187004344248101;1.5987312726636498
1.1739200483078143;1.6091734314266541
1.1607229366380822;1.6194933213730207
1.147414455369199;1.629689339857794
1.133996080457492;1.6397599059163956
1.1204693172926863;1.649703461031233
1.1068357002859488;1.659518469900255
1.0930967924366277;1.6692034211934825
1.0792541843881256;1.6787568247914237
1.0653094942617025;1.6881772147346925
1.0512643675267674;1.6974631525753299
1.037120476207596;1.7066132261165918
1.0228795183413988;1.7156260500930403
1.0085432174163373;1.7245002668474492
0.9941133217895093;1.7332345470045238
0.97959160408486;1.7418275901414524
0.9649798607066719;1.7502781245832455
0.9502799116670381;1.7585849050467415
0.9354935991639866;1.766746718186842
0.9206227871611403;1.7747623815699662
0.905669360754321;1.7826307438855429
0.8906352254734793;1.7903506854412714
0.8755223065660311;1.797921118645956
0.860332548527834;1.8053409884745968
0.8450679148773669;1.8126092729158005
0.8297303863417448;1.819724983438197
0.8143219604956874;1.8266871654149688
0.7988446510194481;1.8334948985432122
0.7833004869047163;1.8401472972515434
0.7676915116439238;1.8466435110952384
0.7520197830290748;1.8529827241325199
0.7362873729172655;1.8591641543152582
0.7204963646995104;1.8651870565320707
0.7046488532215747;1.8710507216711012
0.6887469439727764;1.8767544768202675
0.6727927522360736;1.8822976854905982
0.6567884022250848;1.8876797478214329
0.6407360271188413;1.8929001003708867
0.6246377683967946;1.8979582161871877
0.6084957733736591;1.9028536056400562
0.5923121951485045;1.9075858161769907
0.5760891917459058;1.9121544324075423
0.5598289252425959;1.9165590761700737
0.543533560885732;1.9207994065784069
0.5272052675229593;1.9248751195859948
0.5108462163118775;1.928785948129642
0.4944585785266211;1.9325316625663955
0.4780445255056192;1.9361120703374832
0.46160622779774896;1.9395270158899485
0.44514585430395004;1.942776380576826
0.4286655714333193;1.945860082534982
0.412167543866878;1.9487780764661282
0.3956539326284314;1.9515303535220714
0.3791268934082494;1.9541169411564798
0.36258857643839404;1.956537902882444
0.34604112568546497;1.9587933380402878
0.32948667804357484;1.960883381543703
0.3129273625872944;1.9628082036157062
0.2963653014632175;1.9645680098178213
0.2798026075662371;1.9661630404395594
0.2632413834394488;1.9675935701013678
0.2466837210518507;1.9688599075045845
0.23013170106770345;1.969962395061969
0.2135873921206483;1.9709014085074363
0.19705285020828034;1.9716773565395962
0.18053011957601062;1.9722906811452705
0.16402123025886334;1.9727418563223462
0.147528197474605;1.9730313876535008
0.1310530213414905;1.9731598120101117
0.11459768624965487;1.973127697069625
0.09816416024139629;1.9729356408140755
0.08175439456675991;1.9725842711460644
0.06537032437836497;1.9720742464117629
0.04901386648354776;1.9714062534874186
0.032686919095294795;1.9705810074769383
0.01639136152251817;1.9695992513336642
0.0001290536606882546;1.9684617552924848
-0.016098164505236164;1.9671693162858874
-0.03228847319297519;1.9657227576022713
-0.04844007240283092;1.9641229294669946
-0.06455118369773255;1.9623707066400486
-0.0806200502542811;1.9604669883000891
-0.09664493715220468;1.9584126975761973
-0.1126241317550021;1.9562087809247488
-0.12855594407577178;1.953856207493619
-0.14443870695505145;1.9513559688830355
-0.16027077592241873;1.9487090796062498
-0.17605053034790769;1.945916574453588
-0.19177637343665171;1.942979508543205
-0.20744673245573933;1.9398989567751772
-0.223060058984419;1.936676013182747
-0.23861482914787352;1.9333117902746264
-0.2541095437411287;1.9298074189387677
-0.269542728290021;1.9261640486211562
-0.28491293354652136;1.9223828447450557
-0.30021873551988376;1.918464988853693
-0.31545873561072063;1.914411678015842
-0.33063156073581446;1.910224124178827
-0.34573586343593476;1.9059035535163484
-0.36077032201754317;1.9014512064878268
-0.37573364065854176;1.8968683376259734
