-1.4265847744427305;-0.463525491562421
-1.4211984866035436;-0.4798250219611534
-1.4156493081704138;-0.4960703555278071
-1.4099376168139572;-0.5122603166122753
-1.404063783414875;-0.5283937422802572
-1.3980281768609555;-0.5444694666193342
-1.3918311640963021;-0.5604863218399763
-1.3854731100497615;-0.5764431386083115
-1.3789543775453734;-0.5923387451062839
-1.3722753281563171;-0.6081719653577257
-1.3654363210115978;-0.6239416215611624
-1.3584377132640326;-0.6396465332757612
-1.3512798621676532;-0.6552855146108114
-1.3439631232351843;-0.6708573766889626
-1.3364878501497435;-0.6863609277597406
-1.3288543964189392;-0.7017949703062475
-1.3210631149857321;-0.7171583017648494
-1.3131143572433397;-0.7324497163470437
-1.305008474225734;-0.7476680029893874
-1.2967458182469145;-0.7628119426812854
-1.2883267396579619;-0.7778803137513837
-1.2797515891798694;-0.7928718881845387
-1.2710207197920655;-0.8077854291031732
-1.2621344834118071;-0.8226196953524104
-1.2530932320176043;-0.8373734398979217
-1.2438973181448363;-0.852045409097857
-1.234547095105403;-0.8666343423589905
-1.225042917928075;-0.8811389713750649
-1.2153851451225912;-0.8955580188875957
-1.2055741359284418;-0.9098902000642803
-1.1956102516661085;-0.9241342214991437
-1.1854938561143769;-0.9382887807772845
-1.1752253157808494;-0.9523525661015364
-1.1648049994133556;-0.9663242585713829
-1.1542332777281208;-0.9802025337045361
-1.143510525469921;-0.9939860548106895
-1.132637120839783;-1.0076734755629082
-1.1216134457119469;-1.0212634398113947
-1.1104398858692839;-1.0347545813328367
-1.0991168321629325;-1.0481455242635354
-1.0876446805731879;-1.061434882719631
-1.0760238313905977;-1.0746212597664186
-1.064254690078114;-1.0877032476313822
-1.0523376675363891;-1.1006794274756508
-1.04027318039517;-1.1135483691737047
-1.028061652885997;-1.1263086315930841
-1.0157035159672592;-1.1389587620053052
-1.0031992068944466;-1.1514972956375464
-0.9905491701372763;-1.1639227556502092
-0.9777538576861676;-1.1762336529213933
-0.964813729764915;-1.1884284860029735
-0.9517292555995605;-1.200505741100416
-0.9385009143481141;-1.2124638921205504
-0.9251291931800657;-1.2243013995152496
-0.9116145888443459;-1.236016710598828
-0.8979576079965561;-1.2476082593412858
-0.8841587678504862;-1.2590744663083475
-0.8702185987372081;-1.270413739466117
-0.8561376413886737;-1.2816244725937334
-0.8419164479830941;-1.29270504540129
-0.8275555829428448;-1.3036538235353277
-0.8130556233820508;-1.3144691584252732
-0.7984171595657656;-1.3251493871349076
-0.7836407953807427;-1.3356928322188577
-0.7687271498718102;-1.3460978022871972
-0.7536768580585484;-1.3563625920872646
-0.7384905694022186;-1.3664854810153768
-0.7231689494175878;-1.3764647337236409
-0.7077126802723731;-1.3862986000487507
-0.6921224613904686;-1.3959853149406014
-0.6763990100701607;-1.4055230983981963
-0.6605430619744337;-1.4149101554060324
-0.6445553698053467;-1.424144675790477
-0.628436706246027;-1.4332248342862104
-0.6121878644976888;-1.4421487904945733
-0.5958096584504454;-1.4509146888310316
-0.5793029233263444;-1.4595206585017315
-0.5626685163337664;-1.4679648134871794
-0.545907317333187;-1.476245252533038
-0.5290202293493963;-1.4843600595592956
-0.512008179055115;-1.4923073041762245
-0.49487211799660097;-1.5000850403853843
-0.47761302306653836;-1.5076913071932485
-0.460231897202292;-1.5151241286982635
-0.4427297701064118;-1.5223815141578776
-0.4251076989777689;-1.5294614580645107
-0.40736676926186643;-1.5363619402752133
-0.3895080956915947;-1.5430809276165383
-0.3715328227871992;-1.5496163726088106
-0.35344212556536875;-1.555966213239449
-0.3352372104297204;-1.5621283736400546
-0.31691931597561496;-1.568100764267808
-0.29848971380616085;-1.573881282098709
-0.2799497093594042;-1.5794678108326632
-0.26130064274387166;-1.584858221722828
-0.2425438895805988;-1.5900503754324256
-0.22368086187791042;-1.5950421192445496
-0.20471300889807695;-1.5998312884554837
-0.18564181803944851;-1.6044157068534448
-0.16646881573043415;-1.6087931870665058
-0.1471955683346507;-1.6129615309262924
-0.12782368306523254;-1.616918529859633
-0.10835480856404414;-1.6206619673969715
-0.08879063604701927;-1.624189618329307
-0.06913290048221607;-1.6274992477501722
-0.049383381364343934;-1.630588612629582
-0.029543903673465592;-1.6334554623540247
-0.009616338844108095;-1.6360975392868353
0.01039739425521708;-1.6385125793489526
0.03049532852706005;-1.640698313168338
0.0506754486196008;-1.6426524694429878
0.07093568843409712;-1.6443727714159153
0.09127393052785622;-1.6458569387301059
0.1116880052465429;-1.6471026885720048
0.1321756897175821;-1.648107736474046
0.15273470683510143;-1.6488697971430442
0.17336272423641366;-1.649386585314451
0.1940573545998903;-1.6496558188633266
0.21481615450350283;-1.6496752195408608
0.23563662151880763;-1.6494425107908504
0.25651619426429567;-1.6489554205706454
0.2774522514055298;-1.6482116824453592
0.29844211064906245;-1.6472090367116987
0.3194830277315622;-1.6459452315538123
0.3405721957432831;-1.6444180246037488
0.36170674730701396;-1.6426251876763978
0.3828837494699943;-1.6405645035357401
0.4041002033266886;-1.6382337678959815
0.4253530437009897;-1.6356307915252637
0.44663913821330065;-1.6327534017108445
0.4679552863487444;-1.6295994437627987
0.4892982185265015;-1.6261667825562396
0.5106645970276777;-1.6224533054488726
0.532051016735215;-1.618456925100982
0.5534539998058777;-1.614175577965907
0.5748699969215851;-1.6096072275535254
0.5962953866342816;-1.6047498663593232
0.6177264746738544;-1.5996015178045784
0.6391594936248869;-1.5941602381885127
0.6605906033790186;-1.5884241186096142
0.6820158887546252;-1.5823912872357992
0.7034313595013926;-1.5760599113744107
0.724832949853406;-1.5694281996405026
0.7462165180114417;-1.5624944041833542
0.767577846143274;-1.5552568231038868
0.7889126441697889;-1.547713803998668
0.8102165443628339;-1.5398637449155712
0.8314851018228615;-1.5317050970356043
0.8527137949831867;-1.5232363674049383
0.8738980254679406;-1.514456121524453
0.8950331181053051;-1.505362985979362
0.9161143245181891;-1.495955650727255
0.9371368201899053;-1.4862328721712383
0.9580957037370615;-1.4761934760443118
0.9789859982385757;-1.4658363601218276
0.999802651537644;-1.4551604971058862
1.020540536596981;-1.4441649375609953
1.0411944553715191;-1.4328488120573903
1.0617591386066187;-1.4212113343708077
1.0822292429619853;-1.4092518053977325
1.1025993538447991;-1.3969696157445757
1.122863986290041;-1.3843642488566326
1.1430175859105376;-1.3714352841942947
1.163054531747837;-1.3581823994973088
1.1829691397914301;-1.344605372782702
1.2027556596917655;-1.330704087991873
1.2224082782145405;-1.3164785371900898
1.2419211210064016;-1.3019288237343247
1.261288254521356;-1.2870551651552262
1.2805036882804322;-1.2718578954317101
1.2995613763715221;-1.2563374696657452
1.318455219758039;-1.2404944668412505
1.3371790685449314;-1.2243295930098768
1.3557267248336442;-1.2078436840075868
1.3740919478664362;-1.1910377058192498
1.392268453502995;-1.1739127612362676
1.4102499178393177;-1.1564700921491087
1.4280299805018968;-1.1387110823279156
1.4456022479147985;-1.1206372601742247
1.4629602977482927;-1.1022502985280433
1.480097681225762;-1.083552020794616
1.4970079268281757;-1.0645444035243612
1.5136845442364888;-1.0452295786787293
1.5301210282629485;-1.0256098362042185
1.5463108636749643;-1.0056876228804392
1.5622475287976;-0.9854655477603027
1.5779244997356463;-0.964946385216694
1.593335255066752;-0.9441330763205059
1.6084732804899005;-0.9230287310160719
1.6233320735478316;-0.9016366263034596
1.6379051485846359;-0.8799602099540157
1.6521860418473155;-0.8580031043702692
1.6661683166663208;-0.8357691067492793
1.679845568800141;-0.8132621905771973
1.6932114310418096;-0.7904865036882436
1.7062595787455703;-0.7674463692053105
1.7189837365232719;-0.7441462903129535
1.7313776835252985;-0.7205909490142602
1.7434352593613172;-0.6967852067013616
1.755150368860025;-0.6727341021440882
1.7665169870087218;-0.6484428494453641
1.777529167891339;-0.6239168432216449
1.7881810497315147;-0.5991616560049142
1.7984668611904189;-0.5741830376545746
1.808380926414844;-0.548986913091579
1.8179176684859975;-0.5235793779422133
1.8270716207207574;-0.49796670273465393
1.83583743138463;-0.4721553293873725
1.8442098700313285;-0.44615186923972205
1.8521838328703615;-0.41996310023205946
1.8597543442396551;-0.3935959611779316
1.866916569641866;-0.3670575536611351
1.8736658203591354;-0.34035513794064687
1.8799975593813412;-0.31349612949645433
1.8859074069629749;-0.28648809533914604
1.8913911401493873;-0.2593387479004148
1.8964447062197256;-0.23205594370533178
1.9010642276817142;-0.20464767875281795
1.9052460072663593;-0.17712208365399498
1.908986533375052;-0.14948741881580285
1.9122824781701397;-0.12175206872377675
1.9151307096276877;-0.09392453722163142
1.9175282974612038;-0.06601344199926347
1.9194725166706748;-0.038027508623396225
1.9209608524471908;-0.009975564483027194
1.9219909976551812;0.018133466230077805
1.9225608616400363;0.046290569790678734
1.9226685774382957;0.07448665019490222
1.9223125034826876;0.10271253571599046
1.921491227473552;0.13095898610235424
1.9202035640985808;0.15921669718536702
1.918448559228491;0.1874763088413213
1.916225498283885;0.2157284152226357
1.9135339059151617;0.24396357120528392
1.9103735484262478;0.27217230043351565
1.9067444321045333;0.30034510022743655
1.9026468027492542;0.3284724479029012
1.8980811540442022;0.3565448150765338
1.8930482254751733;0.38455267336494436
1.8875490030659152;0.41248650288897126
1.8815847178276202;0.4403367978700646
1.875156842418059;0.46809407008218923
1.8682670970762578;0.4957488667655304
1.8609174466026936;0.5232917756446795
1.8531100992320697;0.550713433329179
1.8448475047196955;0.5780045321092715
1.8361323503048883;0.6051558213034836
1.826967561379924;0.6321581238548891
1.8173562982315665;0.6590023420100669
1.8073019531386034;0.6856794646579747
1.796808148508968;0.7121805738252743
1.785878732476776;0.7384968534877618
1.774517775185956;0.7646195973035753
1.7627295650217902;0.7905402160104603
1.7505186046447057;0.8162502401659866
1.7378896063642446;0.8417413282904297
1.724847487087336;0.8670052767791239
1.7113973632751218;0.8920340248446146
1.6975445465007784;0.9168196595284588
1.6832945390759133;0.9413544200419378
1.6686530260059487;0.9656307069876143
1.653625869790237;0.9896410867882212
1.6382191046725825;1.0133782964906881
1.6224389327165787;1.0368352457913923
1.6062917143881288;1.0600050254161475
1.58978396243828;1.0828809108731225
1.572922335315959;1.1054563663878914
1.5557136334418054;1.1277250464427884
1.5381647896903012;1.1496808012000082
1.5202828617516309;1.1713176801518392
1.5020750253815127;1.1926299347313893
1.4835485696913875;1.2136120198944862
1.464710889608664;1.2342585965966155
1.4455694760440254;1.254564534932019
1.4261319095382994;1.2745249154319627
1.4064058541913331;1.2941350303027914
1.3863990527787171;1.313390384142501
1.3661193150897037;1.3322866956135317
1.345574511959805;1.3508198977581165
1.324772568465971;1.3689861383148054
1.3037214602781462;1.3867817799035373
1.2824292024866475;1.4042033995967422
1.2609038431232178;1.4212477884088794
1.2391534564756301;1.4379119505233924
1.2171861394053196;1.454193103137951
1.195010002384417;1.470088674580868
1.172633162003188;1.4855963025456038
1.150063735034642;1.500713832467155
1.1273098339527654;1.5154393165601732
1.1043795610058267;1.5297710117956373
1.081280999729769;1.5437073762250904
1.0580222100032735;1.5572470668863403
1.0346112229998363;1.5703889376426108
1.0110560374353634;1.5831320378005234
0.9873646113349356;1.5954756065852518
0.9635448576549385;1.6074190705755735
0.9396046394561278;1.618962040549039
0.9155517668543598;1.6301043103112898
0.8913939904853047;1.64084585056302
0.8671389972249739;1.6511868053447833
0.8427944060982983;1.6611274883774805
0.8183677654919429;1.6706683818632808
0.7938665483274836;1.6798101303913555
0.7692981478896945;1.6885535357344872
0.7446698746371833;1.696899553239098
0.7199889528676746;1.7048492874590435
0.6952625191968244;1.7124039931171615
0.6704976184345786;1.7195650666742344
0.6457012004376488;1.7263340404342231
0.6208801179929171;1.732712579368631
0.5960411244672285;1.7387024766435217
0.5711908717104175;1.7443056536948962
0.5463359080239848;1.7495241520485039
0.5214826763563372;1.7543601278663314
0.4966375127135298;1.758815848467053
0.47180664469300143;1.7628936879204544
0.446996189346044;1.7665961270108865
0.4222121527867096;1.7699257450805144
0.39746042936847015;1.7728852150068737
0.3727468007263266;1.7754772997770576
0.3480769350801639;1.7777048482984021
0.3234563850675604;1.7795707948394632
0.2988905888673333;1.7810781515643686
0.2743848701316248;1.7822300040798371
0.24994443759209342;1.7830295080792757
0.2255743850033769;1.7834798854710778
0.20127968907741917;1.7835844234310636
0.177065211830575;1.7833464677784538
0.15293570105569848;1.7827694190963594
0.12889579043365845;1.7818567295685896
0.10494999998813745;1.7806118994869595
0.08110273425419444;1.7790384759064284
0.05735828551414495;1.7771400470725736
0.03372083463780115;1.7749202390917458
0.010194451630254274;1.77238271302044
-0.013216903522920709;1.769531161781965
-0.036509382370496724;1.7663693085274468
-0.05967924417902421;1.7629009021517668
-0.082722854854321;1.7591297144646585
-0.10563668603924375;1.7550595375882854
-0.12841731398577477;1.7506941812876524
-0.1510614206967516;1.746037471125322
-0.17356578981385995;1.7410932450545569
-0.1959273053949217;1.735865351033278
-0.2181429507395782;1.7303576447579114
-0.2402098070393896;1.7245739873906678
-0.2621250542743235;1.7185182436299546
-0.283885966759018;1.712194279264615
-0.30548991210215426;1.705605959203279
-0.3269343497320695;1.6987571455436699
-0.34821682947833366;1.691651695677591
-0.3693349919428155;1.6842934603294506
-0.3902865644049653;1.676686282030931
-0.4110693595757107;1.6688339934458316
-0.4316812741855992;1.6607404157877041
-0.4521202873035261;1.6524093573393863
-0.47238445901818993;1.6438446118346155
-0.4924719294357474;1.6350499567338483
-0.5123809159535475;1.6260291526263138
-0.5321097121471793;1.6167859417538017
-0.5516566863013718;1.6073240468456895
-0.5710202799592268;1.5976471700421209
-0.5901990044520944;1.5877589914343895
-0.6091914396921027;1.5776631681595203
-0.627996234593636;1.5673633339081485
-0.6466121045006004;1.5568630978300788
-0.6650378297033844;1.5461660437310434
-0.6832722538826607;1.5352757293039512
-0.7013142806916528;1.524195685003268
-0.7191628739765827;1.5129294137581746
-0.7368170564549379;1.50148039039455
-0.75427590781369;1.489852060973385
-0.771538563256103;1.4780478422676582
-0.788604211885291;1.4660711212546553
-0.8054720944682349;1.4539252545509103
-0.8221415030999383;1.4416135681802111
-0.8386117795032741;1.429139357164758
-0.8548823135679289;1.4165058851872891
-0.8709525419896256;1.4037163843007772
-0.8868219467054393;1.3907740546989167
-0.9024900533690181;1.3776820645187524
-0.9179564305421701;1.364443549598475
-0.9332206881913402;1.3510616133467281
-0.948282476419768;1.337539326618029
-0.9631414842285051;1.3238797276162182
-0.9777974380223087;1.3100858218722395
-0.9922501005498428;1.2961605821786972
-1.0064992698747872;1.2821069485478516
-1.0205447781196628;1.267927828235257
-1.0343864903392483;1.253626095767535
-1.0480243033901124;1.2392045930050257
-1.0614581445576;1.2246661293502936
-1.0746879707940535;1.2100134817002197
-1.0877137676553343;1.1952493945694485
-1.1005355482320958;1.1803765802447663
-1.1131533521564823;1.1653977189313585
-1.1255672445517992;1.15031545897314
-1.1377773148918098;1.1351324171702681
-1.1497836764163933;1.1198511787242924
-1.1615864650985468;1.104474297537897
-1.1731858387450191;1.0890042964463513
-1.1845819761337169;1.0734436674497252
-1.195775076174445;1.057794871954498
-1.2067653570655872;1.042060341050613
-1.217553055129819;1.026242476137963
-1.2281384244098466;1.0103436488257977
-1.2385217358828573;0.9943662012390057
-1.248703276621731;0.9783124464036402
-1.258683349048316;0.9621846685657904
-1.2684622702010662;0.9459851235197025
-1.2780403710158337;0.929716038944923
-1.287417996001183;0.9133796146362244
-1.296595502512726;0.8969780228671268
-1.305573259664496;0.8805134088749742
-1.3143516479382267;0.8639878911452782
-1.3229310585636536;0.847403561776065
-1.3313118929108463;0.8307624868487098
-1.3394945618934468;0.8140667068051969
-1.347479485564652;0.7973182367581015
-1.3552670930595223;0.7805190666709539
-1.3628578212091016;0.7636711620831086
-1.3702521143156685;0.7467764643759205
-1.3774504236933565;0.7298368911421121
-1.384453207181732;0.7128543365743262
-1.3912609286708233;0.6958306718570205
-1.3978740576616129;0.6787677455502005
-1.4042930692234505;0.6616673837972618
-1.4105184431642976;0.6445313909049656
-1.4165506636078669;0.6273615497422629
-1.4223902186957578;0.6101596220882057
-1.4280376002083222;0.5929273490242284
-1.4334933031974337;0.5756664513273761
-1.4387578256307534;0.5583786298644561
-1.4438316681199999;0.5410655659094088
-1.4487153335936325;0.523728921532152
-1.4534093268810149;0.5063703400935323
-1.4579141544604517;0.4889914465771718
-1.4622303241659587;0.47159384797628967
-1.4663583449045572;0.4541791336799816
-1.4702987263838496;0.4367488758588413
-1.4740519788616537;0.4193046298399992
-1.4776186129336286;0.4018479344582575
-1.4809991392298567;0.38438031248894533
-1.4841940682042392;0.3669032710114433
-1.487203909916905;0.3494183017850393
-1.490029173822314;0.3319268816265451
-1.4926703685662397;0.31443047278686564
-1.4951280017931612;0.2969305233227516
-1.4974025799967554;0.2794284673922988
-1.4994946083101102;0.26192572569812167
-1.5014045903345772;0.24442370586308854
-1.5031330279900548;0.2269238027755745
-1.5046804213641043;0.20942739895287887
-1.5060472685688375;0.19193586490304865
-1.5072340656053975;0.17445055948513136
-1.5082413062454798;0.15697283023676226
-1.509069481913089;0.13950401372300378
-1.5097190815563495;0.12204543593895702
-1.5101905915497125;0.10459841263501576
-1.5104844955954266;0.08716424966518796
-1.5106012746317945;0.06974424333371954
-1.5105414067481082;0.05233968073999003
-1.5103053671073636;0.03495184010433641
-1.5098936278783797;0.017581991050057838
-1.5093066581625416;0.00023139504958802348
-1.5085449239368962;-0.017098694274845422
-1.5076088880013272;-0.03440703082348462
-1.5064990099312403;-0.05169237568595997
-1.5052157460361484;-0.06895349680961985
-1.5037595493240585;-0.08618916866919316
-1.5021308694715714;-0.10339817193765573
-1.5003301527996087;-0.12057929315820656
-1.4983578422573178;-0.1377313244771773
-1.4962143774197285;-0.15485306356677123
-1.4939001944616261;-0.17194331288254183
-1.4914157261610825;-0.18900087947647048
-1.488761401904097;-0.20602457471536395
-1.4859376476930957;-0.22301321396850446
-1.4829448861606533;-0.2399656162966326
-1.4797835365883911;-0.2568806041421909
-1.4764540149310181;-0.2737570030206955
-1.472956733845476;-0.29059364121315384
-1.4692921027212649;-0.30738934950326446
-1.4654605277001653;-0.3241429610913954
-1.4614624117515211;-0.3408533109412788
-1.4572981547122408;-0.3575192355803143
-1.4529681533375152;-0.37413957283621724
-1.448472801359273;-0.39071316154323654
-1.4438124895495512;-0.4072388412495858
-1.4389876057887785;-0.4237154519260297
-1.4339985351389715;-0.44014183367553716
-1.428845659921861;-0.45651682644390773
-1.4235293597954917;-0.4728392697615209
-1.418050011803147;-0.48910800263851073
-1.4124079905250504;-0.5053218630032457
-1.4066036681606036;-0.521479687489725
-1.4006374146235812;-0.5375803111884524
-1.3945095976485262;-0.5536225673690778
-1.3882205829020777;-0.5696052872042137
-1.3817707340992664;-0.5855272994943551
-1.3751604131248147;-0.6013874303938692
-1.3683899801594905;-0.6171845031379664
-1.3614597938046056;-0.6329173377897723
-1.3543702111676672;-0.6485847511095109
-1.3471215880768117;-0.66418555608399
-1.3397142792110213;-0.6797185617034152
-1.3321486382414316;-0.6951825727230194
-1.324425017986951;-0.7105763894007611
-1.3165437705751148;-0.7258988072362379
-1.3085052476082493;-0.7411486167107588
-1.3003098003349993;-0.7563246030285705
-1.2919577798273048;-0.7714255458591912
-1.2834495371588186;-0.7864502190925845
-1.2747854235566973;-0.8013973906884897
-1.2659657906444843;-0.8162658222800236
-1.2569909906322643;-0.83105426894726
-1.2478613765134399;-0.8457614789895588
-1.2385773022745261;-0.8603861936784081
-1.2291391231108344;-0.8749271470116353
-1.2195471956481263;-0.8893830654690114
-1.2098018781703404;-0.9037526677692297
-1.19990353085348;-0.918034664628284
-1.18985251600224;-0.9322277585299772
-1.1796491982576593;-0.9463306436052301
-1.1692939449000663;-0.9603420052429309
-1.1587871261015605;-0.9742605198755627
-1.1481291151822985;-0.988084854775097
-1.1373202888820577;-1.0018136678246325
-1.126361027638592;-1.0154456072919662
-1.1152517158728803;-1.0289793116051533
-1.1039927422814082;-1.0424134091300765
-1.09258450013559;-1.0557465179500845
-1.081027387586038;-1.0689772456561968
-1.0693218079434041;-1.0821041892468144
-1.0574681700403994;-1.0951259347731668
-1.0454668885575782;-1.1080410571399133
-1.0333183843510407;-1.1208481199285847
-1.0210230847961221;-1.133545675195379
-1.00858142413904;-1.1461322632718691
-0.9959938438566305;-1.1586064125687365
-0.9832607930243131;-1.1709666393826121
-0.9703827286924419;-1.1832114477061153
-0.9573601162685885;-1.1953393290493959
-0.944193429866307;-1.2073487623989825
-0.9308831527587826;-1.219238213875378
-0.9174297777891746;-1.2310061365602
-0.9038338077772121;-1.2426509703679303
-0.8900957559471929;-1.254171141883168
-0.8762161463652545;-1.2655650642024643
-0.8621955143860909;-1.2768311367808807
-0.8480344071092547;-1.2879677452834495
-0.8337333838452297;-1.2989732614416771
-0.8192930165872643;-1.3098460429250518
-0.804713890405935;-1.3205844334235288
-0.789996604050794;-1.331186762272417
-0.7751417704616659;-1.3416513443201903
-0.7601500172545557;-1.3519764798869183
-0.7450219872472483;-1.3621604546608068
-0.7297583389956128;-1.3722015396016438
-0.7143597473408038;-1.382097990851356
-0.6988269039675115;-1.3918480496519268
-0.6831605179734483;-1.4014499422709012
-0.6673613164502267;-1.4109018799347346
-0.6514300450758292;-1.4202020587702127
-0.6353674685658226;-1.4293486600352159
-0.6191743712241764;-1.4383398501970754
-0.6028515579377058;-1.4471737802273712
-0.5863998546213839;-1.4558485859368915
-0.5698201088596789;-1.4643623879829635
-0.5531131905637956;-1.4727132918805403
-0.536279992641002;-1.4808993880247079
-0.5193214316761692;-1.4889187517249942
-0.5022384486257014;-1.4967694432518421
-0.4850320095239885;-1.5044495078956366
-0.46770310620254646;-1.5119569760386729
-0.45025275695275435;-1.5192898633154754
-0.4326820067763177;-1.5264461712476727
-0.41499192889318864;-1.5334238865447147
-0.39718362533499696;-1.540220981424493
-0.37925822762317507;-1.546835413871753
-0.36121689755294123;-1.5532651278119909
-0.34306082798966164;-1.5595080533027175
-0.32479124367769296;-1.565562106742616
-0.30640940206175865;-1.5714251910991381
-0.2879165941209718;-1.5770951961550774
-0.26931414521555597;-1.582569998774689
-0.25060341594553615;-1.5878474631904929
-0.2317858022812755;-1.5929254418322651
-0.21286273686480695;-1.5978017753624318
-0.19383569057136946;-1.6024742925593518
-0.17470617291452362;-1.6069408110461396
-0.1554757329452553;-1.6111991377041706
-0.13614596016181255;-1.6152470691120357
-0.11671848543023525;-1.6190823920106696
-0.09719498191547268;-1.6227028837953998
-0.07757716602302563;-1.6261063130356712
-0.05786679835099712;-1.6292904400232153
-0.038065684652493714;-1.6322530173494418
-0.01817567648571672;-1.6349917906124636
0.001801328749765907;-1.637504499347665
0.02186338510443539;-1.6397888771675893
0.04200849773210488;-1.641842652666862
0.06223462202745385;-1.6436635502041372
0.08253966266646076;-1.6452492906911838
0.10292147264441492;-1.6465975924191776
0.12337785231208476;-1.647706171923218
0.14390654841070485;-1.648572744886108
0.1645052531008427;-1.649195027067255
0.1851716028470444;-1.649570734878982
0.2059031776009177;-1.6496975868175197
0.22669749985709622;-1.6495733045864505
0.24755203363806721;-1.6491956140645772
0.2684641835287266;-1.6485622464470304
0.2894312937138221;-1.6476709394309508
0.3104506470190434;-1.646519438446744
0.3315194639564863;-1.6451054979359312
0.35263490177528584;-1.6434268826766094
0.3737940544057323;-1.641481369125797
0.39499395206861543;-1.6392667468237019
0.41623155823919367;-1.6367808199437348
0.43750376983549344;-1.6340214087792193
0.45880741641449296;-1.6309863513188636
0.48013925936431723;-1.6276735048767481
0.5014959911179818;-1.6240807477770478
0.5228742343902792;-1.6202059810945801
0.5442705414394959;-1.6160471304522768
0.5656813934287793;-1.611602147718757
0.5871032002562457;-1.6068690118141984
0.6085322991845985;-1.6018457322327253
0.6299649543931595;-1.5965303507038004
0.6513973565004587;-1.5909209430524387
0.6728256220389541;-1.5850156213033297
0.6942457929703589;-1.5788125358431842
0.715653836243791;-1.5723098776420232
0.7370456433989381;-1.5655058805341409
0.7584170302193654;-1.5583988235554733
0.7797637372665709;-1.5509870321682622
0.8010814291801923;-1.543268881363592
0.8223656938747133;-1.535242799049469
0.843612042905545;-1.5269072679309446
0.8648159114417833;-1.5182608280935344
0.8859726583067412;-1.5093020796430503
0.907077566089223;-1.5000296854019817
0.928125841328627;-1.490442373662521
0.9491126147769912;-1.4805389409963159
0.9700329419362399;-1.4703182542690416
0.9908818039265085;-1.4597792516300683
1.0116541071175746;-1.4489209493389272
1.0323446840951882;-1.4377424432121575
1.0529482944234494;-1.4262429114255868
1.0734596254700257;-1.4144216175221973
1.093873293335486;-1.4022779134605226
1.114183843890624;-1.3898112427023699
1.134385753925657;-1.3770211433386406
1.1544734323614276;-1.3639072510824939
1.1744412206111334;-1.3504692992494804
1.1942833951919212;-1.3367071254571532
1.2139941693736342;-1.322620674926143
1.2335676946199126;-1.3082100027427264
1.2529980624427497;-1.2934752770211797
1.2722793063922082;-1.2784167820752084
1.2914054041853047;-1.263034921595491
1.3103702799781753;-1.2473302218302487
1.3291678067856298;-1.231303334765701
1.3477918075625717;-1.2149550390388673
1.3662360574853771;-1.1982862424305887
1.3844942897254442;-1.181297989412664
1.4025601968742976;-1.1639914618220417
1.4204274340211465;-1.1463679817724426
1.4380896220062263;-1.1284290145485163
1.455540350836244;-1.1101761714510503
1.4727731832654565;-1.0916112125876734
1.4897816585458887;-1.072736049603391
1.5065592958437979;-1.053552748057269
1.5230995950370698;-1.0340635281385215
1.5393960443681252;-1.014270769098272
1.555442123739333;-0.9941770110162775
1.5712313084315408;-0.9737849566109508
1.5867570732853906;-0.9530974731066192
1.602012897638518;-0.9321175944494262
1.616992275061101;-0.9108485269656279
1.6316887125863249;-0.8892936467146163
1.6460957367329674;-0.867456501798677
1.6602068996208206;-0.8453408144823907
1.6740157845875998;-0.822950482660331
1.687516011250134;-0.8002895807719455
1.7007012339158143;-0.77736235668082
1.7135651547031556;-0.7541732366964506
1.726101528363951;-0.7307268256071304
1.738304166643012;-0.7070279061877213
1.7501669438031533;-0.683081439104488
1.761683802552596;-0.6588925628711707
1.7728487644868467;-0.6344665972062533
1.7836559315133287;-0.6098090387567829
1.7940994920583444;-0.5849255604371337
1.8041737281229813;-0.5598220111739041
1.8138730215706393;-0.5345044147365198
1.8231918602805253;-0.5089789682981269
1.8321248413329434;-0.4832520402350402
1.8406666799499993;-0.45733016866157433
1.8488122157872404;-0.43122005925053475
1.8565564183525576;-0.40492858264134346
1.8638943930050165;-0.37846277168214865
1.8708213869630428;-0.3518298184525519
1.8773327967560527;-0.32503707223771416
1.8834241728771242;-0.2980920350169243
1.8890912254080088;-0.27100235753579627
1.8943298301507288;-0.2437758355921333
1.8991360343021482;-0.21642040576175164
1.9035060619910613;-0.1889441408883653
1.9074363189993517;-0.16135524630476422
1.9109233984904335;-0.13366205410988768
1.9139640862238028;-0.10587301769562509
1.9165553652258251;-0.0779967065456954
1.9186944204380347;-0.05004180052616787
1.9203786431850889;-0.022017083958491696
1.9216056371264074;0.006068559632337822
1.9223732212774194;0.034206154413321505
1.9226794332970694;0.06238663907882547
1.9225225336670533;0.09060087328002592
1.921901009096288;0.11883964451333143
1.9208135756632552;0.14709367520270686
1.91925918225761;0.17535362941814395
1.9172370128912584;0.20361012063460987
1.9147464887211636;0.23185371921957915
1.911787270265864;0.26007495996516994
1.908359259091268;0.2882643497907428
1.9044625991692414;0.31641237554274876
1.900097679098906;0.34450951174889755
1.895265132877033;0.3725462285530314
1.8899658397737902;0.40051299975455573
1.884200925066256;0.4284003107502678
1.8779717593139462;0.45619866680888654
1.8712799576594004;0.48389860120896394
1.8641273797561142;0.511490682996038
1.8565161281375981;0.5389655251572599
1.8484485476587567;0.5663137925548457
1.8399272247688108;0.5935262097935973
1.8309549835998318;0.6205935692089658
1.8215348844070878;0.6475067385889937
1.8116702209119262;0.6742566688882621
1.8013645172599235;0.7008344018750953
1.7906215248624162;0.7272310774602331
1.7794452187395533;0.7534379410368764
1.7678397938481702;0.7794463506487982
1.7558096617247234;0.805247784037573
1.743359445141019;0.8308338453610531
1.730493973709432;0.8561962718170987
1.7172182791026032;0.8813269400633778
1.7035375904921102;0.9062178725297578
1.6894573285862493;0.9308612432244976
1.674983100170524;0.9552493834631001
1.660120692411256;0.9793747873711264
1.6448760674561782;1.0032301175104323
1.6292553557844411;1.0268082094617088
1.613264849950537;1.0501020765435658
1.5969109981997396;1.0731049142792348
1.580200398312521;1.095810104969912
1.5631397905717523;1.1182112212198425
1.545736050918565;1.140302029468486
1.5279961841093022;1.1620764933392909
1.5099273171878669;1.1835287774963896
1.4915366920087454;1.2046532495516742
1.4728316580167062;1.225444482252408
1.453819665163496;1.2458972556942618
1.4345082566639822;1.2660065589710903
1.4149050620047048;1.28576759221996
1.395017790941585;1.3051757709560239
1.3748542246614268;1.32422672261391
1.354422209048948;1.3429162882307746
1.3337296476853506;1.3612405229982325
1.312784494782565;1.3791956961795615
1.2915947482868013;1.3967782927009202
1.2701684430421458;1.4139850140919679
1.2485136437572695;1.4308127736538352
1.226638438388254;1.4472586972063055
1.2045509315497187;1.4633201218135936
1.1822592380390693;1.478994594255054
1.159771475601896;1.4942798724997335
1.1370957592468;1.5091739218238553
1.1142401955313412;1.5236749113698034
1.0912128763583178;1.5377812128737476
1.0680218732428248;1.5514913981114555
1.0446752314880634;1.5648042365098238
1.0211809627826518;1.5777186949985031
0.997547042218759;1.5902339318366197
0.9737814028091274;1.6023492939945205
0.9498919303329089;1.6140643142026385
0.9258864586585248;1.6253787074832033
0.901772764263449;1.63629236828821
0.8775585602878351;1.6468053680086685
0.8532514954024586;1.6569179489700012
0.8288591486551637;1.666630521451449
0.8043890256389755;1.6759436597980604
0.7798485549486925;1.68485809839768
0.7552450826090507;1.6933747282831124
0.7305858695279596;1.7014945927934984
0.7058780901285509;1.7092188828814874
0.6811288284927338;1.7165489332208965
0.6563450757204452;1.7234862179698511
0.6315337272902721;1.7300323465057714
0.6067015781531718;1.7361890591193536
0.5818553231817019;1.7419582227506236
0.5570015551041809;1.747341826699884
0.5321467622483836;1.7523419783452545
0.5072973269499964;1.7569608988842436
0.4824595234985408;1.7612009188831863
0.4576395150554524;1.7650644734562058
0.4328433552614448;1.768554098972705
0.40807698631833256;1.7716724285857834
0.3833462380254972;1.7744221880715672
0.3586568271027398;1.776806191767112
0.3340143555470511;1.7788273377684072
0.30942431003592963;1.7804886038283312
0.2848920630687458;1.781793044455189
0.26042287204426195;1.7827437865175142
0.23602187919768464;1.783344025442622
0.21169411162384233;1.7835970214382952
0.1874444803574395;1.783506094421608
0.16327778151398517;1.7830746215374242
0.13919869681705194;1.7823060338292827
0.11521179379154783;1.781203812433657
0.09132152631986497;1.7797714852063167
0.06753223517325133;1.7780126231383269
0.043848148194328036;1.7759308357614685
0.020273381812809584;1.7735297697886372
-0.0031880582718421605;1.7708131055560672
-0.026532276200348367;1.767784553899261
-0.049755484942632676;1.764447853260098
-0.07285400529684388;1.760806766177318
-0.09582426481595492;1.7568650759912685
-0.11866279647045942;1.7526265856335774
-0.14136623748370267;1.7480951143889383
-0.1639313280557849;1.743274495381498
-0.18635491004160953;1.7381685731527594
-0.20863392542000475;1.7327812002704939
-0.23076541499424186;1.727116235688522
-0.2527465170279066;1.721177542984983
-0.2745744657280828;1.7149689879038574
-0.29624658976184043;1.7084944363332082
-0.3177603106817957;1.7017577522123848
-0.3391131409065956;1.6947627945600334
-0.3603026827997708;1.6875134170975976
-0.381326626987321;1.6800134662625879
-0.40218275071927934;1.6722667794202304
-0.42286891629971124;1.6642771833199448
-0.44338306952026085;1.6560484926414585
-0.46372323746600974;1.6475845076251745
-0.4838875264326221;1.6388890119507602
-0.503874121779646;1.6299657737475362
-0.5236812856760569;1.620818543327673
-0.5433073554867028;1.611451051988348
-0.5627507421883586;1.6018670109089983
-0.5820099287632778;1.5920701100882009
-0.6010834674101356;1.582064016412292
-0.6199699789735846;1.5718523735048935
-0.6386681516649861;1.5614388010711895
-0.6571767391417531;1.5508268937864356
-0.6754945589678923;1.5400202205228541
-0.6936204911002276;1.5290223236344995
-0.7115534760782266;1.5178367181359476
-0.7292925123644001;1.5064668904947114
-0.7468366566398665;1.4949162989450762
-0.7641850217879386;1.4831883726765105
-0.7813367753260061;1.471286511279982
-0.798291137973366;1.4592140842929926
-0.8150473822495005;1.446974430787872
-0.8316048303199031;1.434570858869036
-0.8479628526272671;1.4220066453377929
-0.8641208675249784;1.4092850355596653
-0.880078339398336;1.396409243106744
-0.8958347773421671;1.38338244952355
-0.9113897338693251;1.3702078041256311
-0.9267428035722435;1.356888423832693
-0.9418936208860335;1.343427393070347
-0.9568418599033979;1.3298277636157458
-0.9715872331153025;1.3160925545162665
-0.9861294900134935;1.3022247520406636
-1.0004684159200914;1.2882273096459669
-1.0146038308473224;1.274103147966887
-1.0285355881134113;1.2598551549118617
-1.042263572739379;1.2454861858567885
-1.055787701341286;1.2309990634011703
-1.0691079206926335;1.2163965775655137
-1.0822242066538912;1.2016814859001554
-1.0951365631577878;1.1868565136012865
-1.107845021218583;1.1719243536438484
-1.1203496374797013;1.1568876671961708
-1.1326504935173478;1.1417490836483564
-1.1447476952029074;1.1265112006351425
-1.1566413715799804;1.1111765843502002
-1.1683316739739753;1.09574776975753
-1.1798187751268405;1.0802272608124626
-1.1911028682967082;1.0646175307445873
-1.2021841660470003;1.0489210226456358
-1.2130628999353728;1.0331401492887864
-1.2237393196224755;1.0172772934897734
-1.2342136920487365;1.0013348084343727
-1.2444863006858355;0.9853150179653434
-1.2545574448103576;0.9692202168742853
-1.2644274386639813;0.953052671375694
-1.274096610666503;0.9368146195435267
-1.2835653030399767;0.9205082712382198
-1.292833871016166;0.9041358086113626
-1.301902682194659;0.8876993864411119
-1.3107721159228944;0.8712011324665594
-1.3194425626898936;0.8546431477347723
-1.3279144233919602;0.8380275072501432
-1.336188108888427;0.8213562600670573
-1.3442640394792513;0.8046314295801674
-1.3521426443235198;0.7878550139719915
-1.35982436091724;0.7710289865737677
-1.3673096345875988;0.7541552962262439
-1.3745989179797358;0.7372358677262348
-1.3816926705048167;0.7202726024712975
-1.388591358009741;0.703267378350844
-1.3952954522880097;0.6862220502706621
-1.401805430639811;0.6691384505499454
-1.4081217754539863;0.6520183892890474
-1.4142449738041296;0.6348636547346255
-1.4201755170585502;0.6176760136416033
-1.4259139004324544;0.600457212059133
-1.4314606226279192;0.5832089756658088
-1.4368161855759873;0.5659330095659517
-1.4419810940409328;0.5486309989830754
-1.446955855289172;0.5313046096346205
-1.4517409787697901;0.5139554881036245
-1.4563369758063387;0.49658526220716487
-1.460744359302608;0.4791955413892377
-1.464963643499874;0.4617879174895622
-1.4689953436537972;0.4443639646635169
-1.4728399757710111;0.4269252397593128
-1.476498056365085;0.40947328277965694
-1.479970102212182;0.3920096172470108
-1.4832566301161225;0.3745357505652873
-1.4863581566825539;0.3570531743776954
-1.4892751981275094;0.33956336503790374
-1.492008270126955;0.32206778422590815
-1.4945578875089367;0.3045678787982892
-1.4969245641058369;0.28706508133246766
-1.4991088125785181;0.26956081050143926
-1.501111144244025;0.25205647142543547
-1.5029320689108367;0.23455345601996794
-1.504572094721562;0.21705314334039477
-1.5060317280996411;0.19955690012714872
-1.5073114735696238;0.1820660810657871
-1.5084118335383343;0.164582028946493
-1.5093333082251;0.1471060751204149
-1.5100763955439396;0.1296395398374077
-1.5106415909921562;0.11218373258037118
-1.5110293875450898;0.09473995239608492
-1.5112402755707732;0.07730948824088676
-1.511274742871409;0.059893619482705114
-1.5111332744337391;0.042493616007270814
-1.5108163523732594;0.025110738569646678
-1.510324455888671;0.007746239148622207
-1.509658061196846;-0.009598638735168252
-1.508817641473113;-0.026922659704358833
-1.5078036667966634;-0.044224596213315225
-1.5066166041535165;-0.06150322818647974
-1.505256917469366;-0.07875734263460726
-1.5037250673973954;-0.09598573352828513
-1.502021511361092;-0.11318720142019245
-1.5001467035341403;-0.13036055313919806
-1.4981010948207374;-0.1475046014918009
-1.4958851328404517;-0.1646181649665392
-1.4934992619185086;-0.1817000674408021
-1.4909439231894681;-0.19874913782398196
-1.4882195545278087;-0.2157642098119858
-1.4853265904919992;-0.2327441216390151
-1.4822654623847098;-0.24968771576381318
-1.4790365982689273;-0.2665938385882275
-1.4756404229882085;-0.2834613401785826
-1.4720773581909483;-0.30028907398981913
-1.4683478223834632;-0.3170758965833779
-1.4644522311168149;-0.333820667300577
-1.4603909967855284;-0.3505222480814524
-1.4561645287276388;-0.3671795031780102
-1.4517732332975222;-0.38379129888147534
-1.447217513916296;-0.40035650326176797
-1.4424977711257057;-0.4168739859097193
-1.4376144026453666;-0.43334261768208215
-1.4325678034332652;-0.4497612704492851
-1.4273583657493842;-0.4661288168459848
-1.4219864793747006;-0.4824441299890655
-1.4164525319582868;-0.49870608316939724
-1.4107569084467624;-0.5149135497599131
-1.4048999914327864;-0.5310654029139416
-1.3988821612680926;-0.5471605153215626
-1.3927037961566389;-0.5631977589740054
-1.3863652722511273;-0.5791760049306225
-1.3798669637528005;-0.5950941230884838
-1.3732092430144394;-0.6109509819545734
-1.3663924806464844;-0.6267454484205934
-1.3594170458352275;-0.642476387580154
-1.3522833064543252;-0.6581426625086803
-1.3449916288301955;-0.673743133979493
-1.3375423780654647;-0.6892766602881988
-1.3299359181698853;-0.7047420970424998
-1.3221726121936666;-0.7201382969545863
