0.9510565162951536;0.30901699437494723
0.9467378289442595;0.3220858401386272
0.9422883257032074;0.3351118334363912
0.9377080774838774;0.348094623145661
0.9329971234250368;0.3610338668133304
0.9281554770513677;0.37392920805370244
0.9231831276924028;0.3867802794760883
0.9180800384033715;0.39958670172339517
0.9128461470116537;0.41234808428499353
0.9074813654570384;0.4250640238990671
0.901985581554549;0.43773410376038396
0.8963586529511374;0.4503578927305128
0.8906004192229416;0.4629349465369061
0.8847106930806278;0.47546480682297887
0.878689262314002;0.4879469984211992
0.8725358900417565;0.5003810306718424
0.866250314864963;0.5127663963470895
0.8598322511675066;0.5251025698502287
0.8532813888462576;0.5373890086845491
0.8465973939836349;0.5496251486240836
0.8397799081460016;0.5618104090518128
0.8328285487396669;0.573944190410612
0.8257429091697309;0.5860258731390507
0.8185225590238565;0.5980548151268731
0.8111670442833085;0.6100303483776094
0.803675887272901;0.6219517832637521
0.7960485868582451;0.6338184055903617
0.7882846185784392;0.6456294755360847
0.7803834341081209;0.6573842291647941
0.7723444610918139;0.6690818785577017
0.7641671044120544;0.680721606632648
0.7558507457437077;0.6923025683138601
0.7473947436358839;0.7038238897434197
0.738798433594464;0.7152846659606422
0.7300611281685678;0.7266839604694838
0.7211821170389391;0.7380208057236768
0.7121606671019302;0.7492942015048946
0.7029960225680018;0.7605031139834078
0.6936874056392454;0.7716464718434398
0.6842340162176166;0.7827231673222396
0.6746350317821405;0.7937320563925765
0.6648896076857682;0.8046719568178408
0.6549968773315897;0.8155416469205681
0.6449559533729591;0.8263398607313834
0.6347659268367553;0.8370652904797609
0.6244258671889571;0.8477165857536556
0.6139348227159248;0.8582923515430995
0.6032918209100758;0.8687911465161914
0.5924958704838758;0.8792114772601602
0.5815459594202147;0.8895518023441704
0.5704410554813527;0.8998105302898546
0.5591801066940966;0.9099860176007398
0.547762042177545;0.9200765662708924
0.5361857749100851;0.9300804175380141
0.5244501984833672;0.9399957572813356
0.5125541883457817;0.9498207127251556
0.5004966023632511;0.9595533504644655
0.48827628250700356;0.9691916728283765
0.47589205812720575;0.9787336117789055
0.4633427412742534;0.9881770351687794
0.45062712894223156;0.9975197422412496
0.43774400370926053;1.0067594616213633
0.42469213698806135;1.0158938460485543
0.4114702920320151;1.0249204674188088
0.3980772181200899;1.033836822995472
0.38451165393601544;1.0426403299790037
0.37077232832702667;1.0513283233945234
0.3568579652290547;1.0598980496478365
0.34276728571266757;1.0683466630846665
0.32849900369932794;1.0766712291520608
0.31405182948070115;1.084868719425065
0.2994244734331241;1.0929360073751782
0.2846156468447826;1.1008698660893543
0.26962406126261584;1.108666966988911
0.2544484309750221;1.1163238764239665
0.23908748054413836;1.1238370485313227
0.22353994365968258;1.1312028244204466
0.20780456216727225;1.1384174312322275
0.1918800899707122;1.1454769777013292
0.17576530245910812;1.1523774469895893
0.15945899365613414;1.1591146962839742
0.14295997687931727;1.1656844544606662
0.1262670894544268;1.1720823176000952
0.10937920506948608;1.1783037413228552
0.09229522831190451;1.1843440409587591
0.0750140972199741;1.1901983881924039
0.05753478942169415;1.1958618063154363
0.03985633768895736;1.2013291626346034
0.021977821339387527;1.206595168653403
0.0038983713080548788;1.2116543758539886
-0.014382822246898352;1.2165011709203297
-0.03286649275755675;1.221129769100467
-0.05155330410465163;1.2255342126452569
-0.07044384294061135;1.2297083662839612
-0.08953860631478458;1.2336459129581838
-0.10883799989273084;1.2373403496610986
-0.12834233212667026;1.240784983309105
-0.14805179654186518;1.2439729264907968
-0.1679664685704234;1.2468970933812717
-0.18808630235107004;1.249550195657533
-0.2084111122319009;1.2519247394147304
-0.22894056281207703;1.2540130213544096
-0.24967416841763304;1.2558071238083783
-0.27061127422727127;1.2572989127366117
-0.2917510380825376;1.2584800359290387
-0.31309243363740447;1.2593419163287263
-0.334634230741877;1.2598757511190737
-0.35637496978307565;1.2600725134665345
-0.37831296598510467;1.2599229438203288
-0.4004462902356311;1.2594175497877516
-0.4227727372619866;1.258546612690655
-0.44528982771280523;1.2573001776558963
-0.4679947910287337;1.2556680532470919
-0.49088453147242117;1.253639822014641
-0.5139556187201357;1.2512048354325032
-0.5372042712963675;1.248352214252655
-0.5606263293662629;1.2450708577659695
-0.5842172424634238;1.2413494386625772
-0.60797203945475;1.2371764161513197
-0.6318853050842511;1.2325400422931683
-0.6559511654409956;1.2274283595050317
-0.6801632515232566;1.2218292248170817
-0.7045146829623986;1.2157303070231817
-0.7289980414183294;1.2091191000268062
-0.7536053360162094;1.2019829499356192
-0.7783279875825715;1.1943090485393058
-0.8031567935065798;1.1860844670945974
-0.8280818989776543;1.1772961757399896
-0.8530927755634046;1.1679310459119514
-0.8781781839018903;1.1579759036608968
-0.9033261491962471;1.1474175344487658
-0.9285239315421879;1.1362427134166335
-0.9537579987996614;1.124438249754195
-0.9790139926110264;1.11199101560927
-1.004276700750344;1.098887985276215
-1.0295300412959472;1.0851162674050479
-1.0547570220595321;1.0706631592342406
-1.0799397186922026;1.0555161926846681
-1.1050592605502119;1.0396631861219507
-1.1300957958287843;1.023092297668768
-1.1550284763785161;1.0057920852988582
-1.1798354492922885;0.9877515733493409
-1.20449382804489;0.9689603137450468
-1.2289796887874629;0.9494084585565518
-1.2532680724879637;0.9290868362130298
-1.277332963939189;0.9079870265528531
-1.3011473048043727;0.8861014428619032
-1.3246830087058137;0.8634234166248353
-1.3479109538115628;0.8399472868303458
-1.3708010175953345;0.8156684876456611
-1.3933221077189986;0.7905836405108244
-1.415442174671687;0.7646906559127011
-1.4371282722281458;0.7379888207630936
-1.4583466075433615;0.7104788960659358
-1.4790625806470399;0.6821632266265224
-1.4992408729275917;0.6530458202413052
-1.5188455205455882;0.6231324480113368
-1.537839986418744;0.5924307545967101
-1.556187273753701;0.5609503250513093
-1.573850034053016;0.5287027717655636
-1.5907906774900669;0.49570182497804105
-1.606971498307927;0.4619634024549766
-1.6223548150224492;0.42750568468969347
-1.6369031208438332;0.39234914880431426
-1.6505792389804224;0.35651663442213444
-1.6633464833393299;0.3200333698960118
-1.6751688318122926;0.2829269949206119
-1.6860111077161386;0.24522757769891607
-1.695839154924841;0.20696759092131095
-1.7046200387256016;0.16818191099590601
-1.7123222197941335;0.12890775957695688
-1.7189157596476117;0.089184660014145
-1.7243725025932841;0.049054358885834225
-1.7286662601853697;0.008560729595170182
-1.731773009406698;-0.03225032969927316
-1.733671041411047;-0.07333103543071243
-1.7343411609118766;-0.11463185859048808
-1.7337668128030843;-0.15610169108447533
-1.731934245276556;-0.19768802875921965
-1.7288326342156926;-0.23933716456315007
-1.724454182622031;-0.2809943973047476
-1.7187942412022343;-0.32260426232458095
-1.7118513494543643;-0.36411074639186986
-1.7036273206643795;-0.40545755105103554
-1.6941272518218442;-0.4465883169079272
-1.6833595417985852;-0.4874468880345228
-1.6713358812324823;-0.5279775639485849
-1.6580712036691492;-0.5681253303646743
-1.6435836400285586;-0.6078361399172041
-1.627894427145847;-0.6470571093935873
-1.611027807175007;-0.6857367908846596
-1.593010907086228;-0.7238253636995283
-1.5738735916446531;-0.7612748508869738
-1.5536483030393329;-0.7980393222341169
-1.532369895636196;-0.8340750405797789
-1.5100754269408823;-0.8693406561413528
-1.4868039841242964;-0.9037973095889331
-1.4625964484302634;-0.9374087745206291
-1.437495297158781;-0.9701415433708346
-1.4115443799008258;-1.001964902195848
-1.3847886806852687;-1.032850995268254
-1.3572741269896789;-1.0627748481624255
-1.329047328720629;-1.0917143902488466
-1.300155399768829;-1.119650448160585
-1.2706457195221688;-1.1465667189807778
-1.2405657411483606;-1.172449734200216
-1.209962802967001;-1.1972888025036648
-1.178883924314637;-1.2210759315944648
-1.1473756605860235;-1.2438057598488943
-1.1154839147505855;-1.2654754392413103
-1.083253809601871;-1.2860845508741077
-1.0507295425366463;-1.305634975478606
-1.0179542647854594;-1.324130777047344
-0.9849699792385392;-1.3415780847666354
-0.9518174376855218;-1.3579849431004518
-0.9185360658657722;-1.3733612052804116
-0.8851638920154314;-1.3877183727526132
-0.851737489941;-1.40106948095507
-0.8182919369274524;-1.4134289559646736
-0.7848607796020476;-1.4248124816102297
-0.7514760086730747;-1.4352368823078494
-0.7181680529660364;-1.4447199804302806
-0.6849657655547857;-1.453280493302573
-0.6518964390696332;-1.4609379020588924
-0.6189858092345224;-1.4677123489036799
-0.5862580773732877;-1.4736245288045984
-0.5537359378124946;-1.4786955861119664
-0.521440599068521;-1.4829470262786761
-0.48939183127893937;-1.4864006203262112
-0.4576079913193988;-1.489078327446242
-0.42610607575063525;-1.4910022153011646
-0.3949017591926425;-1.4921943897791323
-0.36400944099067517;-1.492676930327039
-0.3334422988651673;-1.4924718302210456
-0.3032123328926237;-1.4916009407296618
-0.2733304151669384;-1.4900859248915748
-0.24380634293006015;-1.4879482121768965
-0.2146488945146889;-1.4852089566655315
-0.18586586877956085;-1.481889006942429
-0.1574641446246623;-1.4780088714619295
-0.12944972662102108;-1.4735886933056472
-0.1018277914053034;-1.46864822800356
-0.07460273926159477;-1.463206822538028
-0.04777823635378105;-1.4572834000813006
-0.02135726115434349;-1.450896446374649
0.004657852113371511;-1.4440639990510586
0.03026537314100141;-1.436803639552005
0.05546413365051226;-1.4291324874623645
0.08025349010110802;-1.421067196536912
0.10463328657412696;-1.4126239529116933
0.1286038185430612;-1.4038184752277878
0.15216580052647732;-1.3946660154649666
0.1753203327767468;-1.3851813623566558
0.19806887149373012;-1.3753788448708084
0.22041320061275657;-1.365272336705498
0.24235540371143313;-1.3548752627874232
0.2638978368864926;-1.3442006070097823
0.2850431056106918;-1.3332609183227053
0.3057940408530242;-1.3220683193366263
0.32615367966504855;-1.310634514471862
0.3461252424533692;-1.2989707994379227
0.36571211330578507;-1.2870880707491734
0.3849178241120794;-1.2749968347128515
0.4037460376773981;-1.2627072172840266
0.4222005299805486;-1.2502289746997746
0.4402851763297335;-1.2375715032782175
0.4580039392760517;-1.224743848900527
0.4753608539457519;-1.2117547179465071
0.4923600165564009;-1.19861248728606
0.5090055739428302;-1.1853252139462218
0.5253017130396858;-1.171900645313714
0.541252651274438;-1.1583462291245812
0.556862627953003;-1.1446691230291715
0.5721358962490881;-1.130876204040977
0.5870767155670538;-1.1169740782346174
0.6016893447173824;-1.1029690899085607
0.6159780357615037;-1.0888673303384906
0.6299470280772019;-1.0746746468985129
0.6436005430658367;-1.0603966517053751
0.6569427793583588;-1.046038729855119
0.6699779083959246;-1.031606047660021
0.6827100703909799;-1.0171035607689602
0.6951433707022967;-1.0025360217898471
0.7072818765528851;-0.9879079876180666
0.7191296140485408;-0.9732238272104924
0.7306905655209011;-0.9584877286488735
0.7419686671492501;-0.9437037061705074
0.7529678068257213;-0.928875606114484
0.7636918222732776;-0.9140071129297456
0.7741444994382816;-0.8991017568872944
0.7843295710549796;-0.8841629196195779
0.7942507154273436;-0.869193840093799
0.8039115551501563;-0.8541976192508671
0.8133156562670809;-0.8391772257168382
0.8224665277065805;-0.824135501893652
0.8313676206119003;-0.8090751686710609
0.8400223278910349;-0.7939988303828107
0.8484339834791652;-0.7789089786701013
0.8566058623505304;-0.7638079976106702
0.8645411804875518;-0.748698168353041
0.8722430947587089;-0.7335816731671899
0.8797147029453257;-0.718460599510282
0.8869590434312649;-0.7033369433747817
0.8939790957716679;-0.6882126135965357
0.9007777809276739;-0.6730894354744106
0.9073579615245231;-0.6579691542016036
0.9137224421522457;-0.6428534381918759
0.9198739693750377;-0.6277438820011053
0.9258152326130497;-0.6126420098115529
0.9315488645195582;-0.5975492783510821
0.9370774414680689;-0.5824670797609537
0.9424034840006446;-0.5673967443166071
0.9475294571418156;-0.5523395429400879
0.9524577713311604;-0.5372966899942773
0.9571907829083961;-0.5222693456780898
0.961730794729749;-0.5072586183998722
0.9660800566745729;-0.4922655670176922
0.9702407661655362;-0.4772912029939891
0.9742150690676614;-0.46233649260453924
0.9780050602397974;-0.4474023589350076
0.9816127842002018;-0.4324896838405312
0.9850402356475387;-0.41759930980260973
0.9882893601269124;-0.40273204174412425
0.9913620548188193;-0.38788864880107743
0.9942601691371045;-0.37306986599108466
0.9969855053877758;-0.3582763958327715
0.9995398191969076;-0.3435089098952721
1.0019248203483484;-0.3287680503098823
1.0041421735061045;-0.31405443122192145
1.0061934988028203;-0.29936864018417764
1.0080803725018275;-0.28471123950358507
1.0098043276644364;-0.2700827675399707
1.011366854651848;-0.255483739960369
1.0127694008479284;-0.24091465095641862
1.014013372488792;-0.2263759743999884
1.01510013498897;-0.21186816497192823
1.0160310134333779;-0.1973916592501029
1.0168072931755534;-0.18294687675868157
1.0174302204361931;-0.16853422098100207
1.0179010025239024;-0.1541540803995932
1.0182208080272794;-0.13980682950738205
1.018390768283987;-0.12549282957679678
1.0184119775130769;-0.11121242961759356
1.0182854933230971;-0.09696596724309794
1.0180123372268337;-0.08275376950664211
1.0175934951457273;-0.06857615371318716
1.017029917425486;-0.05443342837505258
1.0163225195814316;-0.04032589388564803
1.0154721829976279;-0.026253843184308494
1.014479755187269;-0.012217562550823662
1.0133460502266927;0.001782667684051123
1.0120718491820522;0.015746572447783058
1.0106579004902578;0.029673881230482604
1.009104920054996;0.04356432723768065
1.0074135919934335;0.05741764696116069
1.0055845689548613;0.07123357950894701
1.0036184724378965;0.08501186595374961
1.0015158931450079;0.09875224872267105
0.999277391329169;0.11245447099976001
0.996903497049778;0.12611827607540527
0.9943947103553942;0.13974340665548357
0.9917515018641043;0.1533296044994904
0.9889743129565148;0.16687660976982335
0.9860635560568086;0.18038416046511363
0.983019614912064;0.19385199186627836
0.9798428448632235;0.2072798359892078
0.9765335730184166;0.22066742092831662
0.9730920985308602;0.23401447035019668
0.9695186929105851;0.24732070304549553
0.9658136002108052;0.260585832333323
0.9619770372497025;0.2738095655241973
0.9580091938244748;0.2869916033851438
0.9539102329121766;0.3001316395965418
0.9496802907983127;0.3132293600976057
0.9453194773362655;0.32628444267084294
0.9408278761238061;0.33929655639479
0.9362055446620278;0.3522653610771253
0.9314525145202468;0.3651905067079284
0.9265687914941761;0.37807163291023094
0.9215543557489577;0.3909083683572619
0.9164091619410032;0.4037003301340619
0.9111331393925021;0.4164471232978614
0.9057261922099131;0.429148340259337
0.9001881994076167;0.44180356019520267
0.8945190150275815;0.45441234845904555
0.8887184682537926;0.46697425598459424
0.8827863635190591;0.4794888186000721
0.8767224806100485;0.49195555642215516
0.8705265747708937;0.5043739733303545
0.8641983767973938;0.516743556270458
0.8577375931292985;0.529063774604415
0.8511439059390902;0.5413340794488636
0.8444169732175816;0.5535539030017784
0.8375564288566448;0.5657226578567843
0.8305618827465717;0.5778397361621261
0.8234329208731961;0.5899045087499731
0.8161691053464942;0.6019163248054032
0.8087699744989545;0.6138745109292926
0.8012350429626423;0.6257783703537848
0.7935638017449538;0.6376271821468096
0.7857557183043177;0.6494202003978637
0.7778102366262338;0.6611566533844258
0.769726777338989;0.6728357426545424
0.7615047379203244;0.684456641941581
0.75314349256999;0.6960184966078949
0.7446423923697123;0.7075204225987527
0.7360007653901074;0.7189615054646461
0.727217916789776;0.7303407993779212
0.7182931289192872;0.7416573261230038
0.7092256614306393;0.7529100740593712
0.7000147514268866;0.7640979970247082
0.6906596138649502;0.7752200129797542
0.6811594413385237;0.7862750032069695
0.6715134042907978;0.7972618110859864
0.6617206512269185;0.8081792408457664
0.6517803088909737;0.8190260563259685
0.6416914824556397;0.8298009797024809
0.6314532557253574;0.8405026901760626
0.6210646913726299;0.851129822614417
0.610524831641567;0.8616809659477351
0.5998326981703901;0.8721546619360012
0.5889872922086716;0.8825494037217024
0.5779875950704099;0.8928636342401942
0.5668325684747026;0.9030957446469128
0.5555211549114691;0.9132440726976385
0.5440522780336111;0.9233069010804841
0.5324248430790871;0.9332824556978174
0.5206377379282899;0.9431689037730041
0.5086898333190149;0.9529643520836751
0.4965799829217079;0.9626668451764457
0.48430702425213945;0.972274363361728
0.4718697793094644;0.9817848207153994
0.45926705525884925;0.991196063020782
0.4464976451608905;1.0005058656493417
0.43356032875013656;1.009711931378463
0.42045387391857536;1.018811888149779
0.40717703792804216;1.0278032867587192
0.39372856705157033;1.0366835984634064
0.38010719830123935;1.0454502125397644
0.36631166058495823;1.0541004337603
0.35234067592948803;1.0626314797997571
0.33819296078261124;1.0710404785659426
0.32386722739809154;1.0793244654539293
0.30936218591102843;1.0874803806632178
0.29467654719879016;1.0955050665974275
0.27980902211287917;1.10339526430984
0.26475832428484114;1.1111476106789062
0.2495231722043452;1.1187586353033638
0.23410229133017657;1.1262247572922268
0.21849441633092445;1.1335422819693606
0.20269829346112714;1.1407073974910047
0.18671268355157833;1.1477161716071926
0.17053636726096583;1.1545645493728816
0.1541681443187669;1.1612483477350621
0.13760683757349484;1.1677632523117747
0.12085129666766574;1.1741048138101682
0.10390040157102633;1.1802684441926028
0.08675306632129985;1.1862494127575962
0.06940824298142537;1.192042842134949
0.051864926014701385;1.1976437043550556
0.03412215965926675;1.2030468191421133
0.016179040021942842;1.208246847500182
-0.0019652797993692447;1.213238287530145
-0.020311583563515034;1.2180154707975237
-0.03886058600395978;1.222572558155386
-0.05761292659479651;1.2269035355330409
-0.07656916327238197;1.231002209860411
-0.09572976633152012;1.234862205253328
-0.1150951097438897;1.2384769580720916
-0.1346654639278805;1.2418397129202734
-0.15444098769294215;1.2449435184392168
-0.1744217196906498;1.247781223083104
-0.19460756941040686;1.2503454709127642
-0.21499830530925587;1.252628701381833
-0.23559354503854057;1.2546231448671266
-0.25639274706660276;1.2563208150823333
-0.2773951979688292;1.2577135078474122
-0.29860000042894863;1.2587927978301807
-0.32000606060204695;1.2595500354733542
-0.34161207492270496;1.25997634455516
-0.363416517450585;1.2600626247514177
-0.3854176239018476;1.259799544379845
-0.40761337637688266;1.25917753902808
-0.43000148752477374;1.2581868113140058
-0.4525793836835262;1.256817330130382
-0.47534418721068616;1.2550588303512284
-0.4982926989289599;1.252900816481615
-0.5214213808599324;1.2503325710196127
-0.5447263326579863;1.2473431438693243
-0.568203271996917;1.2439213600056818
-0.5918475128975982;1.240055823818693
-0.6156539430137719;1.235734923968804
-0.6396169999784129;1.2309468392477676
-0.6637306520342484;1.2256795528353783
-0.6879883724553971;1.219920860421479
-0.7123831098670272;1.2136583752411352
-0.7369072642491482;1.2068795437851547
-0.7615526599436278;1.1995716601908568
-0.7863105187902387;1.1917218809873986
-0.8111714338803794;1.1833172394960958
-0.8361253377226684;1.1743446709388694
-0.8611614738600909;1.1647910325698339
-0.886268366995448;1.154643127684405
-0.9114337937406229;1.1438877329250534
-0.9366447670837513;1.1325116363066157
-0.9618874939956672;1.1205016627492566
-0.9871473464766051;1.1078447104024285
-1.0124088351882954;1.0945277916386247
-1.0376555811450432;1.0805380762229908
-1.0628702951640285;1.065862932856923
-1.0880347542065827;1.050489977458654
-1.1131297722983262;1.0344071302176687
-1.1381351825174177;1.0176026695448603
-1.1630298170453284;1.000065294057333
-1.1877914888212997;0.9817841900120314
-1.2123969806331818;0.9627490959327127
-1.2368220333157836;0.9429503778433943
-1.2610413409224122;0.9223791033539809
-1.2850285578216425;0.9010271067748572
-1.3087562941350466;0.8788870863218526
-1.3321961274317853;0.855952686548844
-1.3553186159298622;0.8322185860958566
-1.3780933200312961;0.8076805908232295
-1.4004888314702408;0.7823357309796738
-1.4224728090581975;0.7561823551814767
-1.4440120279262147;0.7292202076815478
-1.465072426756638;0.7014505489077916
-1.4856191708025637;0.6728762506760425
-1.5056167219707803;0.6435018794695075
-1.5250289199264766;0.6133337946521469
-1.5438190742947053;0.5823802525659216
-1.561950064475403;0.5506514901036642
-1.5793844432999657;0.5181597881020873
-1.5960845676991968;0.48491957486418286
-1.61201273091;0.45094749648439036
-1.627131290584177;0.4162624623043645
-1.6414028222710466;0.3808857015375076
-1.6547902923390319;0.3448408214234602
-1.6672572196466962;0.3081538319958421
-1.6787678204574368;0.27085314844631936
-1.6892872252899143;0.23296961250323933
-1.6987816649610084;0.19453647855545403
-1.7072186289204352;0.15558938201922537
-1.7145670609041714;0.11616629416564342
-1.7207975811791556;0.07630746043227006
-1.7258826676812218;0.036055318019431945
-1.729796803334485;-0.004545590983768964
-1.7325166782507093;-0.04544874625505457
-1.734021366718766;-0.08660578283856177
-1.7342925087668595;-0.1279666434159453
-1.7333144522380335;-0.1694797567418374
-1.7310743745793888;-0.2110922075903648
-1.727562408976315;-0.2527499430290285
-1.7227717585385942;-0.2943979947164644
-1.7166987930425566;-0.3359806901587743
-1.7093431061210034;-0.37744190196468974
-1.7007075635227265;-0.4187252857452874
-1.690798328342107;-0.4597745176336932
-1.679624857299409;-0.5005335630137627
-1.6671998905063363;-0.5409469138253292
-1.653539402320786;-0.5809598412514889
-1.6386625272811786;-0.6205186457039874
-1.6225914880193182;-0.6595708843801744
-1.6053514680317038;-0.698065605586421
-1.5869704871797015;-0.7359535638247617
-1.5674792656513081;-0.7731874202815817
-1.5469110369361787;-0.8097219289853226
-1.5253013860498101;-0.8455141101938374
-1.5026880513286116;-0.8805233984827772
-1.479110712272677;-0.9147117701757658
-1.454610794815698;-0.9480438666542738
-1.4292312397801434;-0.9804870713609651
-1.403016284238359;-1.0120115832769485
-1.376011245172722;-1.0425904755559745
-1.3482622886155362;-1.072199704485251
-1.3198162141766787;-1.1008181345910788
-1.2907202402801474;-1.1284275223494353
-1.2610217953074034;-1.1550124779047457
-1.2307683139556442;-1.1805604376591905
-1.2000070510882557;-1.205061587000262
-1.1687848992095862;-1.2285087883515384
-1.1371482140697793;-1.2508975023854196
-1.1051426688390023;-1.272225675047973
-1.0728130996254117;-1.2924936384480565
-1.040203378396254;-1.3117039926351417
-1.0073563023860614;-1.3298614788670737
-0.9743134766239984;-1.3469728567564263
-0.9411152359704201;-1.3630467704062357
-0.9078005650764659;-1.3780936150882166
-0.8744070256431987;-1.3921254029611605
-0.8409707170391374;-1.4051556307167137
-0.8075262258567759;-1.417199143810813
-0.7741065983887018;-1.428272007197094
-0.7407433261587338;-1.4383913802462676
-0.7074663279894856;-1.4475753865722214
-0.6743039550899784;-1.4558430004126843
-0.64128299705024;-1.463213930332686
-0.608428692913103;-1.4697085048525815
-0.5757647560085681;-1.475347575988271
-0.5433133981137994;-1.4801524134754618
-0.5110953615746126;-1.4841446152607713
-0.4791299561758162;-1.4873460267296321
-0.4474350979071006;-1.4897786486127724
-0.4160273515077203;-1.4914645659845525
-0.38492197529404154;-1.4924258858069062
-0.3541329706998657;-1.4926846648434264
-0.32367312973439777;-1.492262854801352
-0.29355408274885064;-1.491182254235688
-0.2637863528789066;-1.4894644542088615
-0.23437940492517972;-1.4871307982333866
-0.20534169350881443;-1.4842023475418447
-0.17668071819714265;-1.4806998432491263
-0.14840307110398504;-1.4766436785487569
-0.12051448326444564;-1.4720538749629575
-0.09301987746310518;-1.4669500580656818
-0.06592341288124373;-1.461351439866619
-0.03922852835576543;-1.455276804256615
-0.012937990884977369;-1.448744493706927
0.012946063651878663;-1.4417723996826268
0.03842209116860679;-1.434377955393086
0.06348909613081372;-1.4265781308354588
0.0881465952677427;-1.418389429429799
0.11239458260171525;-1.4098278864485232
0.1362334918539113;-1.400909070216315
0.1596641646819866;-1.3916480833701674
0.18268782014718202;-1.3820595655217238
0.20530602266825815;-1.372157698747291
0.22752065465726853;-1.3619562121809077
0.2493338902959981;-1.3514683877069014
0.2707481686684771;-1.3407070682758446
0.291766170507521;-1.3296846647759848
0.3123907959815006;-1.3184131637982048
0.33262514228666906;-1.3069041379755593
0.3524724845301823;-1.2951687536971956
0.3719362573945891;-1.283217779773305
0.39102003702015187;-1.2710615980706637
0.40972752311284766;-1.258710216103217
0.4280625255896104;-1.2461732729087514
0.4460289496977293;-1.2334600498900814
0.4636307821981791;-1.2205794830846415
0.48087207907184826;-1.2075401723019175
0.4977569541450515;-1.194350389865849
0.5142895682180733;-1.181018091301812
0.5304741189749231;-1.1675509274236628
0.5463148318301426;-1.1539562515482802
0.5618159513103543;-1.1402411293947434
0.5769817333520778;-1.126412349756891
0.5918164380386745;-1.1124764339521678
0.6063243226293629;-1.0984396436435009
0.6205096354786267;-1.0843079902219945
0.634376610912142;-1.0700872448095895
0.6479294635711671;-1.0557829456166865
0.6611723836498162;-1.0414004061983189
0.6741095328588576;-1.026944724046291
0.6867450408004859;-1.0124207889675207
0.6990830008488966;-0.9978332897875406
0.7111274670795322;-0.9831867220516722
0.7228824519194733;-0.9684853958548084
0.734351923194209;-0.9537334424407068
0.7455398016535745;-0.9389348208245304
0.7564499592156675;-0.9240933246446296
0.7670862176709998;-0.9092125889638534
0.7774523460228557;-0.8942960955431207
0.7875520592541877;-0.8793471789401064
0.797389016906579;-0.8643690321034042
0.8069668234727082;-0.8493647129615873
0.816289027881404;-0.8343371500532154
0.825359120476795;-0.8192891460554422
0.8341805332716746;-0.8042233834201522
0.8427566393229549;-0.7891424291103534
0.8510907541970149;-0.7740487400881126
0.859186134600395;-0.7589446672678428
0.8670459773867862;-0.7438324594441443
0.8746734199166557;-0.7287142676608468
0.8820715400900754;-0.7135921492129824
0.8892433581757646;-0.698468071989073
0.896191835193768;-0.6833439176844408
0.9029198731642047;-0.6682214853906605
0.9094303155448816;-0.6531024950965945
0.915725947770602;-0.6379885910170867
0.9218094987519208;-0.6228813448822977
0.9276836397025732;-0.6077822588633666
0.9333509849572557;-0.5926927685638534
0.9388140924473808;-0.5776142458706669
0.9440754646253173;-0.5625480016618827
0.9491375494875657;-0.5474952884083606
0.9540027400054854;-0.5324573027749263
0.9586733750895516;-0.5174351880380944
0.9631517401288835;-0.5024300364416118
0.9674400681340858;-0.48744289133459484
0.9715405402118532;-0.4724747493736001
0.9754552857181653;-0.4575265627165427
0.9791863830951997;-0.44259924099327
0.9827358604879789;-0.4276936532482798
0.9861056968991355;-0.4128106296176492
0.9892978224088297;-0.3979509632779538
0.9923141187212045;-0.38311541221166495
0.9951564198896735;-0.36830470084541467
0.9978265130131765;-0.353519521623976
1.00032613935248;-0.3387605363040635
1.0026569942844594;-0.3240283778008724
1.0048207280396062;-0.3093236515681523
1.0068189463354749;-0.2946469369799135
1.0086532109315323;-0.279998788702614
1.0103250404617947;-0.26537973784815483
1.0118359119925937;-0.25079029263817854
1.0131872601107978;-0.2362309405206857
1.0143804779305463;-0.22170214907759908
1.015416917721701;-0.20720436711931117
1.0162978914414207;-0.19273802579743154
1.0170246714765439;-0.17830353949314193
1.017598491618599;-0.16390130646407292
1.0180205467783168;-0.14953171053127529
1.0182919937863277;-0.1351951217962161
1.018413951911627;-0.12089189756246793
1.0183875033394123;-0.10662238325659162
1.018213693866378;-0.09238691308472768
1.0178935336078523;-0.07818581064081745
1.0174279968895004;-0.06401939033078669
1.0168180229360744;-0.049887957932175236
1.0160645163168305;-0.035791811375854785
1.015168347368941;-0.02173124152037668
1.0141303527749632;-0.00770653266737277
1.0129513360262916;0.006282036791520083
1.0116320675544068;0.020234193278123286
1.01017328524592;0.034149667520079904
1.0085756948187856;0.04802819387194355
1.0068399701846131;0.061869509645228304
1.0049667539435092;0.07567335468338805
1.0029566577030435;0.08943947068083918
1.0008102622800952;0.1031676003400266
0.9985281181026663;0.11685748687912254
0.9961107455253441;0.1305088734252429
0.9935586351342107;0.14412150241565935
0.9908722481356107;0.15769511522095514
0.9880520165929219;0.1712294514515616
0.9850983436553341;0.18472424827465161
0.9820116038607735;0.19817923992742104
0.9787921433936714;0.21159415715373428
0.9754402803348623;0.22496872664838308
0.9719563049691514;0.23830267066815375
0.968340479964205;0.25159570635261175
0.9645930405779192;0.2648475451379487
0.9607141948912996;0.2780578922554889
0.9567041240139588;0.29122644618427557
0.9525629822858456;0.3043528981156415
0.9482908975333145;0.3174369315852774
0.9438879711719959;0.3304782217120137
0.9393542783837225;0.3434764346548822
0.9346898682968918;0.3564312270968425
0.9298947641437182;0.36934224568245594
0.9249689634095584;0.38220912644920874
0.9199124379744253;0.3950314942516497
0.9147251342860431;0.40780896227344426
0.9094069736627087;0.42054113186664566
0.9039578521477676;0.4332275913023629
0.8983776407054263;0.44586791536386744
0.8926661853563422;0.4584616647984864
0.886823307286221;0.471008385708469
0.880848802948578;0.4835076089313932
0.8747424441618288;0.49595884940939594
0.8685039782734393;0.508361605621767
0.8621331283522753;0.5207153590396978
0.8556295930312596;0.5330195732100981
0.8489930466928453;0.5452736931862145
0.8422231395562139;0.557477144846398
0.8353194977548742;0.5696293341921512
0.828281723410851;0.5817296466309358
0.8211093947056719;0.593777446243067
0.8138020661221567;0.6057720750260874
0.8063592685065836;0.6177128521278639
0.7987805088957322;0.6295990730696309
0.7910652707238481;0.6414300089373465
0.783213013895472;0.6532049055581932
0.7752231748576475;0.6649229826569885
0.7670951666719534;0.6765834329918257
0.7588283790941206;0.6881854214638332
0.7504221790256317;0.6997280839856922
0.7418759102971908;0.7112105267216231
0.7331888936173176;0.7226318252070496
0.7243604268091258;0.7339910232748452
0.7153897849102661;0.74528713203824
0.7062762202769618;0.7565191288467653
0.6970189626925047;0.7676859562145044
0.6876172195445847;0.7787865206791041
0.6780701766469177;0.7898196912242389
0.6683769975418745;0.8007842986439266
0.6585368237422387;0.8116791342813618
0.6485487750452147;0.8225029486943085
0.638411949715911;0.8332544503758073
0.6281254246819191;0.843932304439413
0.617688255739529;0.8545351312681218
0.6070994780279391;0.8650615049873241
0.5963581072446789;0.8755099515044763
0.5854631383449649;0.8858789478822546
0.5744135463303323;0.8961669205458843
0.5632082866868131;0.9063722436478193
0.5518462957386556;0.9164932374449
0.5403264910239876;0.9265281666296947
0.5286477716932648;0.9364752386150106
0.5168090197163441;0.9463326014556513
0.5048091012470595;0.9560983416679438
0.49264686480173026;0.9657704832877037
0.48032114285516947;0.9753469855168149
0.46783075250878803;0.9848257407009895
0.45517449615173766;0.9942045722685737
0.4423511621610852;1.003481232611285
0.4293595256423441;1.012653400905657
0.41619835125641064;1.0217186803858247
0.4028663936790824;1.0306745961301258
0.38936239615611296;1.0395185932500999
0.37568509295481667;1.0482480340959943
0.3618332104840094;1.056860195726145
0.34780546847788163;1.0653522673061377
0.33360058124576286;1.0737213474364171
0.31921725907197834;1.0819644414011478
0.3046542128024659;1.0900784581227427
0.28991015323224834;1.098060207412881
0.27498379188942873;1.1059063970531395
0.25987384394401436;1.1136136296526031
0.2445790302661735;1.121178399491296
0.22909807960897854;1.1285970892793826
0.21342973095310835;1.135865967244146
0.1975727359582896;1.142981183799163
0.18152586150334288;1.1499387675121264
0.16528789243836262;1.156734621859759
0.14885763446083455;1.1633645216111865
0.13223391714305943;1.1698241091258144
0.11541559866502586;1.1761088908533819
0.09840157239384474;1.1822142340605537
0.08119076509257742;1.1881353618809822
0.06378214303584032;1.1938673497157786
0.046174716488481246;1.1994051212066166
0.028367544250282192;1.2047434440964728
0.010359738902016219;1.2098769263535372
-0.007849525105106267;1.2148000141603283
-0.026261009646016825;1.2195069849078066
-0.04487540639385922;1.2239919434546964
-0.06369333029291085;1.2282488180982063
-0.08271531309989216;1.232271356199355
-0.10194179641873831;1.2360531199176752
-0.12137311993259771;1.2395874859810565
-0.14100951740291867;1.2428676379745769
-0.16085110937697272;1.2458865612653969
-0.1808978933124238;1.2486370399072029
-0.20114973448008625;1.2511116524391621
-0.221606356417057;1.2533027676960078
-0.24226732782203728;1.2552025448071127
-0.2631320514469742;1.2568029298817818
-0.28419975579474355;1.2580956482754018
-0.30546948129084084;1.2590722036585782
-0.3269400674172506;1.2597238751268436
-0.34861014021245995;1.2600417153396057
-0.37047809852945657;1.2600165484279524
-0.39254209799367246;1.2596389668531065
-0.41480003628984435;1.2588993301647835
-0.4372495371279182;1.2577877635616834
-0.45988793188988963;1.2562941618499148
-0.48271224098835813;1.2544081923343493
-0.5057191578933475;1.25211928724437
-0.5289050285090903;1.2494166488190306
-0.5522658308216803;1.2462892514352966
-0.5757971548687839;1.242725848322731
-0.5994941818417805;1.2387149791211596
-0.6233516589414991;1.2342449672994162
-0.6473638767205937;1.2293039296515302
-0.6715246445490878;1.2238797836558588
-0.6958272674540813;1.2179602613405656
-0.7202645229158628;1.211532926414432
-0.7448286286432623;1.204585173544346
-0.7695112171527653;1.1971042472651854
-0.7943033074164781;1.1890772576130286
-0.819195280025072;1.1804912027155434
-0.8441768550316447;1.1713329974799718
-0.8692370499292109;1.1615894808888862
-0.8943641540197068;1.1512474463256517
-0.9195456978819363;1.1402936689742325
-0.9447684277540577;1.1287149390554823
-0.9700182893776762;1.116498104061486
-0.9952803823718868;1.1036300949375282
-1.0205389375841771;1.0900979701684388
-1.0457772905663787;1.0758889585113536
-1.0709778562696688;1.0609905008409357
-1.0961221015911256;1.0453903062718366
-1.1211905208438826;1.0290764041138567
-1.1461626173992778;1.012037201865944
-1.1710169048554073;0.9942615502526733
-1.1957308675788243;0.9757388055008156
-1.220280952785554;0.9564589005539623
-1.244642563258716;0.9364124181535783
-1.2687900632073381;0.9155906586745403
-1.2926967693424964;0.8939857279047764
-1.3163349575194154;0.8715906194562713
-1.3396758747072532;0.8483993012987555
-1.3626897549359427;0.8244068068287809
-1.3853458414202728;0.7996093296222752
-1.4076124213628953;0.7740043108158919
-1.4294568671783388;0.7475905307657507
-1.450845677458836;0.7203682183576351
-1.4717445346250289;0.6923391433482247
-1.492118369123522;0.6635067050870165
-1.5119314340530356;0.633876040706286
-1.531147389050949;0.6034541184413622
-1.549729391132822;0.5722498136767706
-1.5676402015852153;0.5402740089814638
-1.5848423019011886;0.5075396801586264
-1.6012980110869663;0.47406195912089155
-1.616969621686552;0.4398582045551327
-1.6318195517312697;0.40494807303849933
-1.645810491045344;0.3693535621739472
-1.6589055511321331;0.333099040768632
-1.6710684564984855;0.2962112906046904
-1.6822637162128535;0.2587195160608641
-1.6924567808991007;0.22065533507092774
-1.701614256947671;0.18205276973986986
-1.7097040984498773;0.14294821191571738
-1.7166957691381184;0.10338037510667797
-1.7225604492171023;0.06339022368855665
-1.7272712395939496;0.023020882495357182
-1.7308033260715914;-0.01768245908846655
-1.7331341473625257;-0.058672665212209416
-1.7342435970452401;-0.09990081491021663
-1.7341141742725128;-0.141316355669096
-1.7327311100937512;-0.18286725172989843
-1.730082514324562;-0.22450019554947975
-1.7261594991319016;-0.2661608119715625
-1.7209562853014109;-0.3077938814514046
-1.7144702770165596;-0.3493435727548515
-1.7067021164055793;-0.39075365505774023
-1.697655724994972;-0.43196776076718296
-1.6873383237089719;-0.4729296344895964
-1.675760436739204;-0.5135833794887773
-1.66293584717059;-0.5538737162944596
-1.6488815571782514;-0.5937462207522867
-1.6336177081718648;-0.6331475699455817
-1.6171674807067629;-0.6720257800192961
-1.5995569945850083;-0.7103304246254493
-1.580815153756485;-0.748012849720891
-1.5609735029487526;-0.7850263715340254
-1.5400660592623907;-0.8213264573600365
-1.5181291154517826;-0.8568708861617207
-1.4952010607007615;-0.8916199005360954
-1.471322162034216;-0.925536323958157
-1.4465343518707066;-0.9585856671734353
-1.4208810167317034;-0.9907362196769899
-1.3944067644333042;-1.0219590975365898
-1.3671572080435979;-1.0522282998661139
-1.3391787426764197;-1.0815207235023794
-1.310518325613856;-1.1098161596257086
-1.2812232641319388;-1.1370972923150022
-1.2513410108394785;-1.163349646982751
-1.2209189634188087;-1.1885615488006536
-1.1900042768769645;-1.2127240582783818
-1.1586436912822695;-1.2358308817056622
-1.1268833576769537;-1.2578782913674245
-1.0947686935846597;-1.2788650151355052
-1.0623442415973605;-1.2987921261024105
-1.0296535361890218;-1.317662928530561
-0.9967390028930332;-1.3354828275513797
-0.9636418478503275;-1.3522592032224956
-0.9304019766168771;-1.3680012781325825
-0.8970579245976777;-1.3827199831310346
-0.8636467864359405;-1.3964278220944284
-0.8302041781743962;-1.4091387405000375
-0.7967641944354484;-1.4208679909290072
-0.7633593812162512;-1.4316320032861274
-0.7300207251462043;-1.4414482615966446
-0.6967776400028733;-1.4503351756827916
-0.6636579727146025;-1.4583119679550125
-0.6306880122418873;-1.4653985590918936
-0.5978925036718178;-1.4716154562853396
-0.5652946738787743;-1.4769836573345667
-0.5329162581000575;-1.4815245481281776
-0.5007775332791058;-1.4852598144854336
-0.46889735560787393;-1.4882113586685337
-0.43729320148807516;-1.490401215011255
-0.4059812101433787;-1.491851485042965
-0.3749762297427217;-1.4925842687598632
-0.34429186776157045;-1.4926215921927874
-0.31394053648623416;-1.491985363609492
-0.2839335035224072;-1.4906973204735907
-0.254280946942644;-1.4887789770084663
-0.2249920005834716;-1.4862515902941507
-0.19607480512333048;-1.483136123033114
-0.16753656383708643;-1.479453206244717
-0.1393835862541286;-1.4752231160909768
-0.1116213370567591;-1.4704657491891313
-0.08425448920670461;-1.4652005994036659
-0.057286965119311306;-1.4594467424825137
-0.030721981677598695;-1.4532228216039444
-0.0045620989222740355;-1.4465470348631722
0.021190742017895343;-1.4394371268683428
0.04653517862599908;-1.431910382044321
0.07147038381184934;-1.4239836204941823
0.09599603160479103;-1.415673195040423
0.12011226184807008;-1.4069949903009007
0.14381964280771758;-1.397964424526522
0.16711914073227246;-1.388596451003164
0.1900120894390831;-1.3789055612397982
0.21250015858423793;-1.3689057909687488
