66.92379110100845;115.91610273736629
-71.44828322487147;140.63030552533215
-182.0978270774694;94.74450699106433
-251.9751791897148;24.487727044027736
-290.76690995818467;-49.6978366208988
-306.83617394541614;-120.35589609299893
-305.7496941422208;-184.45844245307515
-291.2469839203226;-240.56446158478965
-265.96711536677395;-287.8275724405961
-231.885004914122;-325.5999864108327
-190.5801832592403;-353.2466596278221
-143.42083091012555;-370.03596601909237
-91.71516227380621;-375.0525699164896
-36.872579835710376;-367.1043475656229
19.371289175919603;-344.6032648454926
74.5639699057065;-305.4054526281237
124.74171030633543;-246.6286057918046
162.60412209378148;-164.68210067764053
173.05819062319688;-57.11584303848689
125.82377767097263;64.49378003698516
2.682050978474298;139.61905868429537
-128.41880479850502;124.59259971015608
-219.17453758146016;63.333120104345674
-273.328134720885;-10.194154717411054
-300.68687561250147;-83.29014325250114
-308.2046393461212;-151.1396813206348
-300.4833468840015;-211.64717892322383
-280.6803127429564;-263.7214887886417
-251.08359419776704;-306.6404924031007
-213.45711376744075;-339.7790072861387
-169.26205053887884;-362.4684224436511
-119.8202320017085;-373.9022223756711
-66.46464297150835;-373.04887520188794
-10.7218754479101;-358.54890765302866
45.40351917124752;-328.57791969451074
98.8945378459607;-280.6687522343492
144.56668888416297;-211.56640759712653
172.29913873041014;-117.7018450224083
160.63717467394136;-0.05557053044956559
75.62076353648045;110.5960390752019
-62.36045825438821;141.8402797938518
-175.91750891149442;99.02359318484683
-248.300896336457;29.54732190662967
-288.91536211820903;-44.687225230320585
-306.3347438166415;-115.71087022443298
-306.2863199065624;-180.31804192362722
-292.60734580913703;-237.00167322319575
-267.99569767184227;-284.89105662622745
-234.4617971058008;-323.33211031302596
-193.60571971405008;-351.6928771400755
-146.8051400131341;-369.25117695654114
-95.36759477580986;-375.10701366161555
-40.689517183422616;-368.0905879021885
15.525494923748827;-346.64552300614844
70.8926051374202;-308.6718894515648
121.59213836048147;-251.3423690239045
160.6505791310672;-171.09639732000048
173.74077538253172;-65.22591059130153
131.6612989477232;56.644349188673864
12.412197694168444;137.54949403476144
-120.637695299863;127.66844363359341
-214.25750963975162;68.13861015893985
-270.57542451914367;-5.098522044539992
-299.51168250369074;-78.42586481324952
-308.21851163857934;-146.7184165418999
-301.426017593122;-207.76929785988622
-282.3685590738863;-260.44543639067655
-253.3807186517496;-304.01047080617644
-216.2542332806455;-337.8379163220549
-172.46539118543666;-361.26539291151533
-123.34083254521818;-373.49852763799424
-70.20762028041486;-373.52416379085514
-14.571754345407896;-360.0091382123346
41.607809510955505;-331.1660985513976
95.40970672017806;-284.57788398745527
141.85856443901486;-217.04263841906356
171.3218264771617;-124.95371362717681
163.40065578483538;-8.549261229896738
84.02435147541715;104.85080517550189
-53.11931935526176;142.69623443696307
-169.54019889525696;103.19001762578044
-244.48009765479628;34.58826747023874
-286.95697603606624;-39.66110792922431
-305.75253038665414;-111.03627015197509
-306.75960334416845;-176.14126831076254
-293.9166464824047;-233.39846389132936
-269.9823865871579;-281.9110018709637
-237.00400538490422;-321.01764775173956
-196.6029770977151;-350.08902589274464
-150.16716362347367;-368.41200180260427
-99.00414764113766;-375.10149438826386
-44.49838061926708;-369.00948611897854
11.676892628683715;-348.61051909527174
67.20113984753665;-311.84768910519324
118.39124892661337;-255.94827920113912
158.58204794268602;-177.38692603658816
174.17105460558457;-73.24012202431904
137.08338539124844;48.61759543420059
22.09692564512983;134.99622030185049
-112.65144999731032;130.52516852188973
