133.91186493284744;-0.11064464055401997
86.21584070426617;132.18270295795512
-8.831988083621965;205.17862458345846
-104.63933767076234;230.65730230491556
-188.32448022107133;227.22684059424856
-257.6014780330311;205.86142002741877
-312.626183357421;172.89911601830102
-354.0174108768554;132.3013483667901
-382.35974203041377;86.77858614329627
-398.078149663693;38.366372889369764
-401.41115145128134;-11.248855037208859
-392.40796899631925;-60.51562590513044
-370.928620612503;-107.84268315238573
-336.64373573663664;-151.4127940136205
-289.04370379051113;-188.92817209775777
-227.49516701773686;-217.19197962829082
-151.4795656880799;-231.32846175420218
-61.53104833687488;-223.21567459232756
36.93499561692408;-178.5463371059157
118.7580248215246;-76.85468331682841
122.36880397588762;67.4175333804551
43.855622955132496;173.55656560021737
-54.58156154294548;221.62803936360137
-145.36962043364736;231.842871203412
-222.39925851642232;219.04596311023096
-284.9700406912384;191.6705689163877
-333.56415080672394;154.75266177474109
-368.8128665195362;111.57421582454903
-391.23314767539784;64.47935064071271
-401.1641676661243;15.309417051677855
-398.7562274696249;-34.33497447795755
-383.97047638833345;-82.90512467892535
-356.57858111961315;-128.73026240915854
-316.1646423057168;-169.80797454842104
-262.1484880218832;-203.48928780140298
-193.89850891259326;-225.92651226396006
-111.18285948516679;-230.9995251426868
-15.963265520326589;-208.1522548857421
80.19326699231964;-139.27642200173665
133.64446620489426;-10.307109758554738
91.80425726619289;124.90930931672224
-2.035462591256947;201.95869112852338
-98.4180407298611;229.99961016747915
-183.056136808168;228.12472182038704
-253.32445361471065;207.7470363710409
-309.30512384783253;175.43250292196748
-351.6085281044068;135.2602639395745
-380.82753417962056;90.00391445579017
-397.3993951743623;41.73291933142197
-401.5755670823908;-7.8500175614452505
-393.4182021679415;-57.18991301501769
-372.80027738835076;-104.70376029250843
-339.4052957100353;-148.59672057527527
-292.7350895678184;-186.61458573308855
-232.16060360372586;-215.64109921587703
-157.13897432094547;-230.95286661672438
-68.06712775764369;-224.72630961828258
30.245731526859135;-183.18917586999527
114.86968669877253;-85.83589616789116
125.4351979048276;57.9491474196903
50.40874228161985;168.34793964817078
-47.959760181288836;219.76614073884969
-139.57742776702037;232.00204780120245
-217.59561665566872;220.45704762185073
-281.14438775862226;193.8911031382366
-330.67348429524935;157.50689591597882
-366.81632615227574;114.67412842496464
-390.10076706614205;67.78436535495948
-400.8787453829674;18.703719060693544
-399.3135107199597;-30.957215097209534
-385.37914221882795;-79.65163140978765
-358.8602770268727;-125.7230709017319
-319.35353662739925;-167.20011312919652
-266.2880880295471;-201.49181552741246
-199.02788967797775;-224.85836771999948
-117.28270297081102;-231.38746728016233
-22.73774940783568;-210.92752122109886
74.21090718030344;-145.9147173558769
132.86195644183908;-20.46163484901395
97.1623745244156;117.32617539428118
4.761803146627446;198.51171811659356
-92.13972242444926;229.20559479165743
-177.72098425479604;228.93773560606766
-248.98143988418525;209.57739844322924
-305.9208935143409;177.92915047309884
-349.13910024645264;138.19510806555178
-379.23665793402296;93.21467595788089
-396.66298176715264;45.092757495987016
-401.682454552855;-4.450683522856155
-394.37015860176535;-53.85635142389253
-374.61202290725083;-101.54865001712548
-342.1044469510397;-145.7540073062163
-296.36090323343336;-184.25997128133923
-236.75751178109945;-214.02751957037663
-162.7305244107759;-230.4789120807426
-74.55335758683351;-226.075442344619
23.51352891607752;-187.56542104089237
110.62011795538145;-94.54556477510269
128.0596000564591;48.27851057583826
56.87438720646284;162.8520370229186
