133.91186493284744;-0.11064464055401997
86.21583968488935;132.182703208904
-8.831989090110863;205.1786238058609
-104.63933823246427;230.65730069569082
-188.324479592696;227.22683800922016
-257.6014764940471;205.86141602628092
-312.62618059059196;172.8991105189926
-354.0174061817518;132.30134138149683
-382.3597350801397;86.77857754770126
-398.0781399684092;38.366362619825004
-401.4111384315391;-11.24886693662562
-392.407951919784;-60.51563919862316
-370.9285985977836;-107.84269738156499
-336.6437073922267;-151.4128090604726
-289.0436675023435;-188.92818741350803
-227.49512126251784;-217.19199450952343
-151.47951012445088;-231.32847018583936
-61.53098605349274;-223.21566997121514
36.93505311896643;-178.54631040120393
118.75806233653223;-76.85463440104006
122.36881444645651;67.41757364823494
43.855640761690125;173.55659246225343
-54.581531691387696;221.62807312922166
-145.36958583240533;231.8429193229968
-222.39922622164124;219.04602669608903
-284.9700163028171;191.67064659052687
-333.56413788345645;154.75275176485658
-368.8128683366069;111.57431598463492
-391.23316722575794;64.47945829944567
-401.1642077595118;15.309529322253562
-398.7562909010543;-34.33486078356915
-383.97056612243045;-82.9050136535798
-356.5787000892305;-128.73015990024265
-316.16479325607645;-169.80788855785946
-262.1486745547566;-203.48922861898842
-193.8987347567516;-225.9264948057664
-111.1831254670115;-230.99957388489892
-15.963564964962961;-208.15241607213363
80.19300064609834;-139.2767779475876
133.6444781120143;-10.3076551549524
91.80462499135193;124.9089040895265
-2.0349856260028907;201.95854312268975
-98.41757982401454;229.99965521286455
-183.0557339001279;228.1249047381173
-253.32412355684951;207.74732159814238
-309.30487571562355;175.4328656792035
-351.60836875382034;135.26068537167234
-380.82746997102953;90.00437901481989
-397.39943272235666;41.73341216703452
-401.575713622052;-7.849511218459439
-393.4184658433207;-57.189409390785556
-372.8006675286477;-104.70327844268655
-339.4058224542333;-148.5962865582019
-292.73576453531234;-186.61423256297044
-232.16143993463288;-215.64087381777813
-157.13998170560563;-230.9528431466921
-68.06829701766365;-224.72661812395526
30.244508147251477;-183.19005279447848
114.8689535020845;-85.83760244096403
125.43581657910103;57.94727677394079
50.410127730206284;168.34690541174618
-47.95831724602976;219.7658236095901
-139.5761399115927;232.00219256167327
-217.59453721077568;220.45749657650677
-281.14352971802447;193.89176099311948
-330.6728495498817;157.5077005081628
-366.81591554969623;114.67503483277846
-390.1005831110023;67.78533743485653
-400.8787926923473;18.704725008665815
-399.3137966303446;-30.95620623479901
-385.37967709368354;-79.65065277917797
-358.8610746368029;-125.72216138781273
-319.3546138256396;-167.19932347624703
-266.2894644707171;-201.49121653849645
-199.0295830557927;-224.85806636135788
-117.28471422805316;-231.3876382771765
-22.740000648437356;-210.9284766801774
74.20888490306972;-145.91697501870894
132.86167148907032;-20.465181169028114
97.16435302209196;117.32343940885987
4.764404243734306;198.51050642325077
-92.13726799180145;229.20541860739115
-177.71887089809965;228.93821553687698
-248.97970978179342;209.57831325143792
-305.9195510425604;177.93036285922724
-349.13814208728434;138.1965248472597
-379.23608161844965;93.21622783253574
-396.6627884433032;45.094387283504325
-401.68264967038374;-4.449027527142393
-394.3707525163942;-53.85472093816725
-374.6130311805478;-101.5471029686436
-342.1058904063374;-145.7526143857595
-296.36280782229693;-184.25882534755203
-236.7599081607451;-214.0267511503352
-162.7334337883758;-230.47872926710005
-74.55674501074081;-226.07620400905068
23.509964462601076;-187.567774117569
110.61779159361899;-94.55028063676063
128.06104432988383;48.27308709708029
56.87815318323907;162.84891134849815
