-0.06428273083056732;-0.11064464055401997
0.06794031507423265;-0.13463234611843308
0.17384369838390665;-0.09105238867645254
0.2408312317546836;-0.02406696755822702
0.27811031095511446;0.046755410766165205
0.29365692141538574;0.11426456159167551
0.292785115025722;0.17555113389022192
0.2790662144941689;0.22922774335643914
0.25502103947297655;0.2744783561837995
0.2225359761894431;0.3106785270155846
0.18311944477491082;0.3372170243772003
0.13807755741905606;0.3533908319772826
0.08865861887463891;0.35832145828166434
0.036206952084538724;0.35086553143130783
-0.017622271388349767;0.32950032941036744
-0.07049000171591036;0.2921698705639018
-0.11861428982798196;0.23610827375439586
-0.15502511634448038;0.15786379914467621
-0.16529953065735264;0.05505479677946289
-0.12045876625506625;-0.06133022362389529
-0.0029275678766224407;-0.13347257161340037
0.12244745501568985;-0.11944818349733033
0.2093718351683796;-0.06111877142043047
0.26133554277208015;0.009034270644681694
0.28768153395139945;0.07884475220813528
0.2950453643535771;0.14369114439889166
0.2878211363341891;0.2015580261419271
0.26902448543446955;0.2513940115788564
0.24084097512891106;0.2925027787157177
0.2049553344512246;0.32428204408706934
0.16276274880224825;0.34608879325259934
0.11552482050189423;0.3571485346008026
0.06451323211989532;0.35647162575620034
0.01118390690144496;0.34275439908612126
-0.04255149964900057;0.31424746035054746
-0.09381507515561854;0.2685842847742037
-0.13765878198992534;0.20263950971594624
-0.16441612529880142;0.1129746859497212
-0.1535732729477935;0.0004713455771730513
-0.07258339952673462;-0.10553588719518958
0.059248982282397895;-0.13576545331601
0.16792402609162022;-0.09512721594491771
0.2373053652155688;-0.028894509832090846
0.27632716127779283;0.04196994818553404
0.29316548186872377;0.10982509041466175
0.29328741097487987;0.1715913946268227
0.28035754261089096;0.22581807416595454
0.2569528508132774;0.2716656857931732
0.22499364879477327;0.30850367589164784
0.1860080056681373;0.3357237110919904
0.14131113406398937;0.3526317817451402
0.09215072991027995;0.3583640641704023
0.03985877388825529;0.3517985644261355
-0.013940103522730377;0.3314429112104443
-0.0669714062285248;0.295283309166637
-0.11559079131508428;0.2406068254425518
-0.15314067996092692;0.16399131108904771
-0.1659310227018163;0.06281047012579169
-0.12601947292753443;-0.05381031143310143
-0.012224996062667777;-0.13146854438710295
0.11500006984951211;-0.12236866164026479
0.2046582417992852;-0.06570038543531712
0.25869045535796337;0.004169624237901851
0.2865452804147519;0.07419719293268312
0.29504710487343205;0.13946404581580557
0.2887122967063106;0.19784802697831574
0.2706300429218488;0.24825746634008733
0.24303035181425903;0.2899823041726162
0.2076245418695676;0.3224189396060485
0.16582226012873424;0.34493027649457275
0.11888974178278695;0.3567534200954187
0.06809305635354386;0.3569163116375451
0.014868508168563362;0.3441404923163708
-0.038915746557643655;0.31671210764720914
-0.09047310537067564;0.27231268373149214
-0.13505532655726488;0.20786821029299374
-0.16346284742624;0.11990555579840055
-0.15619327785089926;0.008599248598174342
-0.08060299247401928;-0.10002104940148115
0.05041141617778632;-0.13655974139094865
0.16181590504852658;-0.09909405545140994
0.23363920650681066;-0.03370411669010987
0.27444165683921745;0.037169675940784824
0.29259661721642183;0.1053573198934122
0.293728970885007;0.16759684148664797
0.2815998813036805;0.22236971793876112
0.25884443359840004;0.268811347747518
0.2274180687714246;0.30628424281990013
0.1888693222104826;0.3341824816401952
0.14452317086758742;0.35182067577046466
0.0956273944521074;0.35834926052960026
0.043502576779163624;0.35266709713423194
-0.010255589882911486;0.3333114525358876
-0.06343397267668859;0.2983098320375126
-0.11251864411118408;0.24500185825589693
-0.15114671652907039;0.1699998389234178
-0.16632150340806995;0.07047339777751847
-0.13118222658468157;-0.046122380471952974
-0.021477231895220023;-0.12900230304236185
0.10735753203347917;-0.12507897389910771
