-0.06428273083056732;-0.11064464055401997
0.0679403159702873;-0.134632345685228
0.1738436988252491;-0.09105238823005972
0.24083123207700957;-0.024066967663347906
0.2781103110572131;0.04675540965223756
0.29365692139176225;0.11426456012869779
0.2927851149016551;0.17555113217541882
0.27906621411474763;0.2292277412209992
0.2550210387220402;0.274478353635871
0.2225359748657928;0.310678524130715
0.18311944263893604;0.3372170212036685
0.13807755429361696;0.3533908283738933
0.08865861460695812;0.3583214540062376
0.0362069455662617;0.3508655261903738
-0.017622281315418903;0.3295003226500271
-0.07049001634341832;0.29216986201030964
-0.11861430635512654;0.2361082620273131
-0.15502513200023652;0.15786378582167787
-0.16529954192399574;0.05505478720214213
-0.12045878160385315;-0.0613302298981827
-0.002927599667715956;-0.1334725878226334
0.1224474228099246;-0.11944822949335089
0.20937181992293183;-0.06111884073101646
0.26133554979285284;0.009034188065990928
0.28768156402299977;0.07884466473314876
0.29504541680323304;0.14369105861782525
0.28782120984449633;0.20155794662914242
0.2690245786285456;0.25139394236231655
0.24084108622364855;0.29250272403867195
0.20495546158464725;0.32428200789584444
0.16276288981122466;0.3460887797652284
0.1155249726981475;0.3571485483545472
0.06451339208405865;0.35647167190339585
0.011184069196109937;0.3427544839216409
-0.04255134291418037;0.31424759203464697
-0.09381493621563253;0.2685844735436449
-0.1376586824985255;0.20263976759006594
-0.1644161090548297;0.11297502941882856
-0.15357344411731916;0.0004717566873278983
-0.07258387348192144;-0.10553562258722714
0.059248450714240335;-0.1357655625129055
0.16792365790616015;-0.09512754203659411
0.2373051637698986;-0.0288949126407928
0.27632709670921185;0.041969530831430533
0.29316552852479216;0.10982468686734018
0.2932875501909589;0.17159102234116672
0.28035776020268677;0.22581774546725109
0.25695313559396393;0.27166541040877457
0.2249939907457911;0.3085034629971861
0.18600839558428808;0.33572356982973767
0.14131156262672884;0.35263172192776404
0.09215118686881929;0.3583640970217829
0.039859244547047624;0.3517987039762515
-0.013939636640130502;0.3314431742212383
-0.06697096769646031;0.2952837178464242
-0.11559042282159089;0.24060740845038545
-0.15314046091362288;0.1639921062986465
-0.1659311285637376;0.06281149721931215
-0.1260202520967673;-0.053809287528853694
-0.012226362196888477;-0.1314682819442267
0.1149989335704589;-0.12236918111984751
0.20465753097408645;-0.06570121517649913
0.25869009745896143;0.004168712063120448
0.28654519992535954;0.074196294255382
0.29504724775774394;0.13946320823471303
0.288712624278938;0.1978472779968754
0.27063052631029094;0.2482568259528466
0.2430309678810207;0.2899817898227621
0.2076252707625083;0.3224185681028868
0.16582308327888165;0.34493006596510706
0.11889064020420623;0.35675339118042537
0.06809400808450923;0.3569164893115674
0.01486948364942098;0.34414090800591757
-0.038914788005453796;0.31671280230239246
-0.09047222867174685;0.27231371158096196
-0.13505464972280268;0.20786964066195
-0.1634626123142269;0.11990745879722113
-0.15619402169158192;0.008601509671412278
-0.08060530759042621;-0.100019462090448
0.05040874809208342;-0.1365600317924503
0.16181403417280465;-0.09909539679291547
0.23363811513477278;-0.0337057849777447
0.27444116688405285;0.03716797126795361
0.2925965953782248;0.10535570128593234
0.29372932478983677;0.16759537123990012
0.28160054504044785;0.22236843488430358
0.2588453575690418;0.26881028146824193
0.22741921284061759;0.3062834202658385
0.18887065137661022;0.33418193060282575
0.14452465176320378;0.3518204274803394
0.09562899085040147;0.3583493525981741
0.04350424412138464;0.3526675764613488
-0.01025390935381199;0.333312379006292
-0.06343236315453073;0.2983112851112773
-0.1125172516606922;0.2450039433688043
-0.1511458230781687;0.17000268466316829
-0.16632171902243292;0.07047706016641028
-0.13118473682728707;-0.04611862018931177
-0.02148190527467415;-0.12900104818512415
0.10735356227859452;-0.12508045840965148
