-0.06428273083056732;-0.11064464055401997
0.06794031527419847;-0.13463234640759805
0.1738436989855818;-0.0910523894348144
0.24083123313801413;-0.024066968899065583
0.27811031349533066;0.046755408932536296
0.2936569254370053;0.11426455948292881
0.2927851207739279;0.17555113182648782
0.2790662221397308;0.22922774175375468
0.2550210491591991;0.27447835526094805
0.22253598800254842;0.3106785272225276
0.18311945871661303;0.3372170262623441
0.13807757346834346;0.3533908361178432
0.08865863692230745;0.3583214653837914
0.03620697159170327;0.3508655424083848
-0.017622251259816903;0.32950034530581507
-0.07048998210893392;0.29216989270028454
-0.11861427275046686;0.23610830391701307
-0.15502510596443353;0.15786383952313032
-0.16529953643546622;0.05505484753699635
-0.1204588040568977;-0.061330175438545194
-0.002927627935799526;-0.13347255986463483
0.12244740914018454;-0.119448201897197
0.20937180632020164;-0.06111879986865027
0.26133552660126325;0.009034239735302332
0.28768152694066956;0.07884472190966334
0.29504536428493605;0.1436911160118634
0.2878211416493766;0.2015580004492798
0.2690244949606153;0.2513939888724382
0.2408409878564608;0.2925027594841564
0.20495534955770592;0.32428202857023103
0.16276276542009815;0.3460887818298333
0.11552483790507169;0.3571485273967461
0.06451325031687427;0.3564716226957884
0.011183925753639088;0.34275440035914234
-0.04255148125245024;0.3142474662074096
-0.09381505890679633;0.2685842952192083
-0.1376587697055897;0.20263952435251914
-0.16441611935093714;0.11297470461878141
-0.1535732775504812;0.0004713658891119136
-0.0725834169245994;-0.10553587418249469
0.059248961964289366;-0.13576545278197397
0.1679240088900101;-0.09512721870257412
0.23730534747063467;-0.02889451004223051
0.27632713863685004;0.04196995157609216
0.2931654509577596;0.1098250964331771
0.29328736926253607;0.1715914013479372
0.28035748821306355;0.22581807920913502
0.2569527823468965;0.2716656861750254
0.22499356534652334;0.30850366820129815
0.186007906773555;0.3357236914111738
0.14131101991390116;0.3526317453762108
0.09215060153418007;0.358364005490881
0.039858633271443566;0.35179847659347024
-0.013940252135455885;0.33144278555594353
-0.06697155491987762;0.2952831345426508
-0.11559092511742813;0.24060658695061574
-0.15314076637884927;0.1639909918512315
-0.1659309900904466;0.06281006556002
-0.1260191930745793;-0.05381071153255723
-0.01222451927121742;-0.13146866722235157
0.1150004526386884;-0.12236853161062818
0.2046584848052304;-0.0657001743975743
0.2586905951326993;0.004169846054915423
0.28654534623572375;0.0741974017823693
0.2950471152504589;0.1394642328760612
0.28871226343429157;0.19784818839136747
0.27062997385630916;0.2482575998664424
0.2430302524949954;0.2899824078594258
0.20762441652186847;0.3224190112005299
0.1658221122545414;0.3449303132212848
0.11888957482858879;0.3567534181394183
0.06809287390064224;0.3569162659503105
0.014868314526173695;0.3441403960682481
-0.0389159429605576;0.3167119516011241
-0.09047328951707459;0.27231245621489547
-0.13505547247427296;0.2078678960963185
-0.163462901630537;0.11990513981483528
-0.156193124791943;0.008598755743261194
-0.08060251263320466;-0.10002139759033886
0.050411958185000966;-0.13655970778284807
0.1618162826619426;-0.09909382743765864
0.23363943732037057;-0.03370384048600261
0.2744417831985329;0.037169948322470545
0.29259666848839994;0.1053575699853656
0.29372896609594507;0.1675970621514561
0.2815998331617788;0.22236990608340798
0.25884435097786107;0.26881150177536084
0.22741795825424138;0.3062843613223382
0.1888691889241672;0.33418256311890115
0.14452301923325203;0.35182071810412496
0.09562722866875453;0.3583492606980658
0.04350240074252165;0.3526670509378719
-0.010255769608682155;0.33331135389447136
-0.06343414708142155;0.2983096724996941
-0.11251879740643282;0.2450016259764616
-0.1511468172287462;0.16999951935590252
-0.1663214824986378;0.07047298566757283
-0.13118195363212778;-0.046122803836679695
-0.02147672965938894;-0.1290024540521227
0.10735795134270942;-0.12507884358712154
