1.2328362789179241;1492.0867783575004
-832.7530731128054;1040.7914317904426
-993.3936248071305;454.5835888445746
-905.4560995814984;86.40918838387557
-765.4644888549792;-137.39150737770888
-620.5844294222222;-279.71062555291195
-481.0051966984359;-373.10659220445837
-347.8096864437679;-434.4209318263828
-219.74828233539608;-472.6931201077595
-95.0174203078951;-492.77457624540284
28.275492295764252;-496.97223915435643
152.02132736721882;-485.7409000206443
278.1155056840418;-457.8119181523622
408.438648898911;-409.82621492708
544.6485706618028;-335.2738814281268
687.3064768715894;-222.11814788265212
832.5923707778699;-47.57039491253983
959.3687185789529;233.0187219222896
974.5116468765129;698.8699992465042
540.8519240488616;1332.4677039772787
-479.59261565390165;1368.6108655118799
-964.0009022433511;741.0574158733968
-965.4544446822094;259.4934273889509
-842.3489606870618;-31.06301347689909
-697.6027857571966;-211.33680141110784
-554.7485853377954;-328.03184245185656
-418.2200695133467;-404.98224357962005
-287.6240557110731;-454.7476963533258
-161.34828258350734;-484.12206721317955
-37.5228696587556;-496.63902763818857
85.74585888604953;-493.6955024979229
210.34915036302053;-474.9563545899758
338.1839618196718;-438.2588865189479
471.07552201697337;-378.9666729153675
610.3577828163799;-288.41276905075574
755.2536832571354;-150.4725764580003
896.7186650059132;65.95758072076562
992.2233371127271;421.29846182267767
862.452904077443;993.7101403457082
76.90434537482922;1489.1416306731185
-801.1130976450861;1086.4605183998763
-994.2634053509855;487.33970107361955
-914.1065833840782;106.03735111739884
-775.4157300178506;-125.18930441133871
-630.3628688862742;-271.7943357523473
-490.3398627204781;-367.87823664648334
-356.73585213673044;-431.0361673662966
-228.3784678490565;-470.6939795407875
-103.4800317552106;-491.9224050792869
19.850924408511936;-497.17259463625834
143.5055224704269;-487.01644711341424
269.3785842960883;-460.30882873080463
399.354812316929;-413.8574182171595
535.1227898225451;-341.4230268282696
677.3777413102299;-231.4679453767323
822.8228314181464;-62.20560235589653
952.4229429197626;209.00372230713205
981.8498374757665;659.3969350630874
595.8504184366752;1294.1868422565271
-416.75604730369156;1400.3845656565848
-952.508904062708;782.706470677926
-971.442253722968;285.27997281833535
-851.9504470542151;-15.431633724163637
-707.547658647583;-201.40245507063568
-564.3264892632886;-321.50838701697216
-427.3530495353894;-400.6886673070107
-296.39685353739213;-452.04946951663123
-169.88435048959897;-482.6770316869965
-45.95177913356769;-496.2815388903697
77.29482335620678;-494.3868874840797
201.74640765322485;-476.77404231184863
329.3002050987876;-441.41852433584853
461.79339800032875;-383.8889763894464
600.622756826604;-295.8737017295329
745.264594093874;-161.93323368244447
887.6663906446981;47.634256585348076
989.4049652344273;390.73976891413326
887.0599758305973;948.2847141116814
151.84616819757755;1480.4924399315505
-765.6977927128038;1131.8344385453904
-994.027544771685;521.2295388666971
-922.5346404501772;126.35146623854672
-785.3494843101472;-112.60340517764503
-640.1680766228376;-263.64764381692817
-499.70551007380993;-362.49882176575125
-365.6868777814556;-427.54310071703475
-237.0249646386362;-468.6096472520468
-111.95005478195361;-490.99624690233566
11.427803827505752;-497.30158145575695
135.00004306914227;-488.2153878388608
260.66087168171606;-462.7145580478278
390.29834123384325;-417.7690589986943
525.6285563469803;-347.40040402888167
667.4686343574771;-240.54797399767227
812.9984021137186;-76.37902447898264
945.0902436082404;185.82027931503853
987.412829703404;621.0742240318477
646.7244775872002;1253.5079275230303
-350.4541378552056;1428.1529357739964
-938.6822040058431;825.3588045031207
