-1291.5725158475411;745.6852602975002
-1316.9344839297016;-201.7856608381669
-889.4293107802494;-633.4485070679451
-526.6955285900569;-741.0275995921489
-263.01600243248254;-731.4775448082025
-67.46218683518958;-677.0310332563091
83.07750011622583;-602.7603557992543
202.64786386772613;-518.0079985671928
299.700950428752;-426.2028597780478
379.3382794455714;-328.20407757928615
444.5022106170224;-223.52388023236148
496.5302345656197;-110.75168222724433
535.2695731020432;12.387110478167932
558.7496864788639;149.19749687915612
562.1601390747741;304.36392247418513
535.3568273720327;484.37928971210255
456.6978387290625;697.3079109364179
276.9670573343098;947.1261131227665
-118.91583260482828;1192.720784636764
-884.0441553765179;1133.3530661518892
-1424.592276917729;267.65736756355244
-1122.855166753193;-465.03044272542513
-706.5330296269157;-706.6110744699166
-393.46813893835804;-744.9989475050763
-165.11136074089458;-709.6094499774839
7.24031307124639;-644.1298345861223
142.0152494617736;-564.2940931719656
250.28669869349082;-476.0295629973619
338.7429240323178;-381.33042304017033
411.37733457255666;-280.3407649810639
470.3447336322873;-172.11774159301183
516.2986997039147;-54.85623288208949
548.3129438288564;74.16585966019878
563.283065700975;218.84301605220872
554.3689565635518;384.65566536947495
507.21848738544844;578.9777426668027
390.3813919878435;809.4985303668138
130.30759297136555;1069.5390616953653
-430.1777096482885;1242.8131929013944
-1251.2584929472962;809.7490869728824
-1340.6954023681476;-151.5936778944737
-918.2310545327919;-617.8550054489536
-548.0110274087583;-738.7238287669363
-278.5495537125211;-734.0061490888909
-79.19778495150656;-681.5488476408431
73.8911888666641;-608.2352489085408
195.2620124931218;-524.0491531365767
293.6627943129745;-432.67917533833327
374.37705694855316;-335.10765812454605
440.47149026741096;-230.9197715766745
493.38512809034154;-118.76315568553262
533.0718536912068;3.5746294808349
557.7075802167338;139.31889765649862
562.7316784995413;293.04564029200696
538.4991263049756;471.11477018600925
464.49689249312314;681.5436052766036
294.29844991854236;929.1263306692629
-81.06900167752093;1179.3770447223787
-823.4451952577231;1161.8794083469445
-1420.7509267242265;337.9320337633498
-1153.1893640163657;-434.2933308887015
-731.8530624559886;-698.9280482781954
-411.79690745606837;-745.5133430518246
-178.67770841424004;-713.2643003700508
-3.188976436772911;-649.1690659640323
133.73913278675033;-570.0608171088701
243.5719449633231;-482.2805095949641
333.2316068288462;-388.0017532232486
406.86133929368054;-287.46202720468295
466.7260496667918;-179.7816001734267
513.5797159363048;-63.213549111686795
546.6158868875726;64.89548493393626
562.913722209612;208.34799593467113
555.9721168446544;372.50153106242095
512.1587291614804;564.6075424955206
401.7324022759639;792.5148616361646
155.3657598812701;1051.8481295733634
-378.55803230571684;1241.4542809184861
-1206.368759396566;870.3344145819591
-1362.3166414888083;-98.27945807080705
-947.4628714369846;-600.7382091043713
-569.8095788396136;-735.8851096189192
-294.40666967673064;-736.3281277801112
-91.14627614400702;-685.9748631766046
64.55859507194043;-613.6615873807683
187.769962254971;-530.0577894968482
287.5427197963897;-439.1271024535333
369.34806097925406;-341.9807344939024
436.37968498403694;-238.27879338119504
490.178831297168;-126.72745700306827
530.8047548579558;-5.17571269551778
556.5755861681142;129.5236647041163
563.1702055250107;281.8403989479397
541.4175935999743;458.00187622171757
471.86863508176424;665.962214821193
310.7165997449397;911.2064455010674
-45.104310739085044;1165.0700120367221
-762.8277323863833;1185.6371423931764
-1411.711492564595;409.20894203430265
-1183.2273082560473;-401.03362288681393
