-0.06428273083056732;-0.11064464055401997
0.06794046052168065;-0.13463233515365847
0.1738441129873423;-0.09105228535339284
0.24083183171547048;-0.024066734587536102
0.27811099439273795;0.046755738029853285
0.2936576204293918;0.11426492704819219
0.2927857905271886;0.1755514852647401
0.2790668455173588;0.22922803921592946
0.2550216153025531;0.27447856713932334
0.2225364907589613;0.3106786353275333
0.1831198924702888;0.33721702255348207
0.1380779295965236;0.3533907213719795
0.08865890014628258;0.3583212474919288
0.0362071150241814;0.35086523361700367
-0.017622270194838474;0.3294999567531768
-0.07049022751460028;0.29216942373072996
-0.118614837042777;0.2361077135390073
-0.15502608783835328;0.15786298499479717
-0.1653008915441018;0.05505336177774013
-0.12045971821002105;-0.061332760274734645
-0.0029267321222664626;-0.1334751905199971
0.12244928576865978;-0.11944964298064796
0.2093737814508931;-0.061119351987683534
0.26133732597097536;0.00903417619808026
0.28768307933582676;0.07884488972868063
0.29504666146921177;0.14369135417532794
0.28782219661533454;0.20155820612033665
0.26902532678077007;0.25139409669453866
0.24084161503789972;0.29250272912568276
0.2049557862124712;0.32428183772320196
0.1627630186944006;0.34608842068991624
0.11552490502850728;0.35714799461161095
0.06451311504274637;0.35647092030380007
0.011183555991589288;0.3427535261116507
-0.04255213749190096;0.31424640060752235
-0.09381607316969622;0.2685829747882463
-0.13766021124989472;0.2026377849202973
-0.16441793476675687;0.1129721676913777
-0.15357476198099604;0.00046739330657331635
-0.07258240806634857;-0.10554072531292116
0.05925227005042351;-0.13576827881427958
0.1679273504369451;-0.09512808437810842
0.2373080690861448;-0.028894436916993137
0.27632920239386444;0.041970370322909206
0.2931669357690944;0.10982554382367288
0.2932883667439566;0.17159169970025545
0.28035808121671607;0.22581812518285588
0.25695304135948127;0.27166542001949884
0.22499354796690654;0.3085030578322724
0.18600765840172004;0.335722722042539
0.14131057391945195;0.352630412707093
0.09214997896977872;0.35836230963237353
0.03985784336232056;0.35179641444356247
-0.013941211296233767;0.3314403399846777
-0.06697268833656675;0.29528025484187087
-0.11559221499307801;0.24060315262410534
-0.15314207708103061;0.1639867475951451
-0.16593171944792923;0.06280459109250819
-0.12601741460374224;-0.05381719397963759
-0.012219142653273427;-0.1314726283466289
0.11500574087429324;-0.12236879048254921
0.20466221372612628;-0.06569885575328736
0.25869290604685746;0.004171510543942911
0.28654655211492186;0.07419886527988663
0.29504747793779335;0.13946523730017127
0.2887119858414899;0.19784860530223405
0.27062921478708984;0.24825736524310327
0.24302913828049272;0.28998149400460255
0.20762304958905087;0.32241741052896566
0.16582057673901157;0.34492802917367626
0.11888794167319122;0.35675045765042085
0.06809120578180757;0.3569126324765502
0.014866670768486322;0.34413608097144816
-0.03891749076999309;0.3167069196686931
-0.09047462621405972;0.2723066229766164
-0.1350563482162677;0.2078610976096581
-0.1634626705976067;0.11989714134070427
-0.15619005653239953;0.008589756778689962
-0.08059426937858312;-0.10002796613700941
0.0504211576201218;-0.13655955166384365
0.161822340938734;-0.0990902981037521
0.2336426370454223;-0.03369974835261947
0.2744429363580941;0.03717353693965854
0.292596378934885;0.10536025425596315
0.29372765490622155;0.16759868774663894
0.2815978034754167;0.2223704208950507
0.2588418306415924;0.2688109005392913
0.22741512534758415;0.30628266112664254
0.18886618793476026;0.33417979050905317
0.14451997227788846;0.3518169008473257
0.09562424530177446;0.35834442059130084
0.04349958805848294;0.35266119571720855
-0.010258289986455702;0.3333044654254861
-0.06343620178851929;0.29830169021331804
-0.11252008557908875;0.24499242359112758
-0.15114669901425645;0.16998891043163059
-0.16631842533071609;0.07046099765133368
-0.13117284743689578;-0.04613395703443083
-0.021462632492338207;-0.12900536659696127
0.10736851468206797;-0.1250741688295805
0.19978459101287152;-0.07022052238228768
0.25592724206004847;-0.0006895186398847589
0.28531966543007803;0.06953260189840108
0.2949783380181754;0.1352089875475397
0.28954584796400074;0.19410351094667933
0.2721873681739548;0.24508150832084427
0.24517879826366482;0.2874180088219455
0.210258968897896;0.3205074806335783
0.16885266822649886;0.3437183261335019
0.1222313918876895;0.3562988544485161
0.0716563592424206;0.3572941214682005
0.018545441401784404;0.345450244460857
-0.03527449468928037;0.31908805166916565
-0.08710346217335647;0.27593621336254565
-0.13238188179973404;0.21297283250927393
-0.1623495006314592;0.1267040474884645
-0.15847538529180993;0.016691878683923696
-0.08829741932899114;-0.09413578499461776
0.04146015700894014;-0.13699345909727337
0.15552760989773656;-0.1029349607302101
0.22983503701206187;-0.03848374119851702
0.2724533989541369;0.032363351311611346
0.29194815192792956;0.10086757744549195
0.2941063508381588;0.16357169230604204
0.28278888971676425;0.2188849600849931
0.2606908366997896;0.2659158311580509
0.22980389818543223;0.3040190414684503
0.19169784338684748;0.3325905855646616
0.14770803600402202;0.35095330115081724
0.09908299471105017;0.3582714606786674
0.047132810355150295;0.3534642388559504
-0.0065742141562426006;0.33509779515645827
-0.05988322306360514;0.3012399784918974
-0.10940376873461684;0.2492823596403508
-0.14905055958312324;0.1758756443704224
-0.16648097533905654;0.07802106752954119
-0.13593839602213664;-0.038313956400327406
-0.030630586845366778;-0.12607671258356612
0.09953827545010607;-0.12755809261761647
0.19473890544949493;-0.07468551278409857
0.2530406077875287;-0.005552227147026335
0.28400424063632135;0.06484300643142896
0.29484184707124267;0.130920309515884
0.29032670931808097;0.19032151101044945
0.2737027574438796;0.24186595354280588
0.24729343091340872;0.2848124738877226
0.2128661167908213;0.31855295702667247
0.1718614942206916;0.34246087814040704
0.12555697815909803;0.3557953715858267
0.07520969131154961;0.3576181716118779
0.022220186873635077;0.3466993930574326
-0.03162393757625341;0.32139376714653656
-0.08370508146648498;0.27947627086516674
-0.12964237142382187;0.21797768937043033
-0.16109007590164517;0.1333952861813517
-0.16044934595984445;0.02476055976410223
-0.09567365056600083;-0.08789346545301333
0.032383738035777376;-0.13705529179081974
0.14904038638400544;-0.10665589726463569
0.22588290663017413;-0.04324634204050932
0.2703597879780339;0.027538418723005675
0.291222368089404;0.09634600503173334
0.29442501175411045;0.1595094331439677
0.2839320728545925;0.21536074601995178
0.2625008186114227;0.2629794721793875
0.2321605680871916;0.3017116688064049
0.19450322140320042;0.3309547401843743
0.1508752282783655;0.35003937111957023
0.10252653412694905;0.3581432866456998
0.05075762460859766;0.3542054929187389
-0.002889140990410774;0.3368203872612264
-0.056314379670396625;0.3040953283675578
-0.1062449087083553;0.25347331213402474
-0.1468578215068629;0.18164684524768945
-0.16642906887729186;0.08547948217183654
-0.1403160775366159;-0.03038526789672558
-0.03968593856311413;-0.12268422026939964
0.09151887592775003;-0.12980073110251739
0.18952098185489577;-0.0790853300704025
0.25002909439634774;-0.0104129265253939
0.2825970523974831;0.06013185244338712
0.2946352262675494;0.12659999616046608
0.291052075455782;0.18650274657283344
0.27517309621144553;0.23861031946683264
0.2493709347448834;0.28216403864015005
0.2154425854706753;0.31655254463395216
0.17484537080410364;0.34115395936732124
0.12886328462562985;0.3552378675194207
0.07875010656321309;0.3578822508191515
0.02589018440555994;0.3478806503577814
-0.027966161878967964;0.32362092737673565
-0.08027958228111312;0.28292351313048025
-0.1268382649076331;0.22287227256205688
-0.15968706414138903;0.13996610509083454
-0.1621174517276043;0.032780287705142575
-0.1026933716458703;-0.08132747169038322
0.023216862510246038;-0.13671826150318778
0.14235879956688013;-0.11023384080443278
0.22178082768743446;-0.047977541585188535
0.2681566977428554;0.022704604248802978
0.2904139426005656;0.09179916458289138
0.294678871426207;0.1554140457104489
0.28502290241930983;0.21179877185135476
0.26426765922049084;0.2600018688358092
0.23448138315047912;0.29935976495406413
0.1972789778801942;0.32927074157227704
0.15401866336749753;0.3490729358158717
0.10595249336876332;0.3579571293327651
0.05437223442569254;0.35488167105278784
0.0007957476390676682;0.3384685370785623
-0.05273027331549317;0.30686375392927273
-0.10304381237790625;0.25756115870315743
-0.1445695493697416;0.18729802501127965
-0.16616700472509424;0.09282789388374378
-0.144302914797976;-0.022375481639549635
-0.04858403201605965;-0.11882587006741821
0.08331843050174481;-0.13177505037405438
0.18412664236753534;-0.08340538207347419
0.24688745737803752;-0.015263422639535427
0.28109311833892103;0.055404281061248235
0.2943538707253195;0.12225140073796836
0.2917177173439245;0.1826493487793975
0.2765945291271194;0.23531582238193707
0.25140783190527644;0.2794732007174138
0.2179852808645089;0.3145061639035418
0.1778015928042745;0.3397970266310913
0.132147995151988;0.3546254358130775
0.08227566557092035;0.35808518810930934
0.029553828219408065;0.348992688647724
-0.024302552917806926;0.32576817489536103
-0.07682843332856927;0.2862766889294895
-0.12397195399459349;0.22765541067316192
-0.15814597361751578;0.14641405878648914
-0.16349004260025363;0.04073788617542898
-0.10933603207812002;-0.07446873631497342
0.013985482441370923;-0.1359616618058178
0.13548194869100938;-0.11365294623039382
0.21752499759405894;-0.052670297968069595
0.2658409909845582;0.01786554799670154
0.28952047033946027;0.08722928341469141
0.29486607067981063;0.15128708880059208
0.28605992547698833;0.20820026635929015
0.26599021434423054;0.25698410865432103
0.23676543150422577;0.2969644014916385
0.20002436160104;0.32753974353555393
0.15713767237036289;0.3480553167545755
0.1093601870443003;0.357714560674685
0.0579757986351661;0.35549468130872963
0.004479233486762721;0.34004458038429963
-0.04913289461206589;0.3095481035329951
-0.09980404167468747;0.2615492495682402
-0.14219268774357208;0.19283239213355607
-0.16570874561205834;0.10006492426165764
-0.14791240510705422;-0.014309466233838887
-0.05729275953408793;-0.11451362630326584
0.07494292414783414;-0.13346607359843898
0.17855324941371783;-0.08764133709145512
0.24361433327009746;-0.020103569376720243
0.279492518793947;0.05065956104368387
0.2939987480726969;0.11787392292157627
0.2923250965987445;0.178761169221211
0.2779687577603569;0.23198287769379447
0.2534058850622524;0.27674098485094845
0.22049588262606426;0.31241547395045566
0.18073162200359658;0.3383923945427262
0.13541220794471182;0.35396107048698683
0.08578692334433091;0.35823068642232353
0.03321088177731888;0.35003995394806925
-0.020634526016199528;0.3278407263280309
-0.07335490967902267;0.2895417544591617
-0.12104992961505567;0.23233346807874458
-0.15647943684441135;0.15274394127309138
-0.16458905409026353;0.04862591439502103
-0.11559947106620365;-0.06735268358961163
0.00471015108973336;-0.13477821218665728
0.12840863975250982;-0.11690823670819259
0.21311424050077937;-0.05732645306708617
0.26341363593106304;0.013018180218953415
0.28854423262118783;0.08263376388160622
0.2949895396226607;0.14712684512183882
0.28704631656010293;0.204564449967291
0.2676716486590287;0.2539263155151593
0.23901569116178267;0.29452655410565126
0.20274202349173567;0.3257635259466347
0.16023444827359581;0.34698906176586314
0.11275120640297967;0.3574188734297052
0.061569122347806704;0.3560485506483978
0.008161066311831484;0.3415532751224731
-0.04552399704708343;0.31215385114507654
-0.09652970775276844;0.26544365007079174
-0.13973555144245886;0.19825585485634506
-0.16507054278984593;0.10719202353163682
-0.15116373549255552;-0.006208997746271303
-0.06578557934094527;-0.10976596477189185
0.06639833031044519;-0.1348622266143522
0.17279833693179447;-0.09179170005377917
0.2402090482211619;-0.024935592320330106
0.27779619949702605;0.0458951012231425
0.2935716502993395;0.11346547386392783
0.292876364815506;0.17483678719665707
0.2792980127824882;0.2286107127090417
0.2553672370178618;0.2739672004159424
0.22297633855038884;0.31028079765370326
0.18363713345336832;0.3369408410738329
0.1386572567920202;0.35324596055253465
0.08928479558036176;0.35832031780717283
0.03686173099911999;0.35102439178517203
-0.016962418632792117;0.3298409090611942
-0.06986046727962282;0.29272142314103533
-0.11807568446424202;0.2369093808172044
-0.15469521252919788;0.15895758724588788
-0.16542943898763365;0.05643681270206511
-0.12147801706951071;-0.060011749476534156
-0.004582519312172552;-0.13315598059199013
0.12113809313456604;-0.11998745280514538
0.2085451947711768;-0.06194253399532835
0.26087245162871403;0.008163096440409568
0.28748392441661386;0.07801233418585717
0.29504844816513903;0.14293275854092782
0.2879814876920727;0.20089064659874017
0.26931149528971676;0.25082772792279723
0.24123175834345278;0.292045369375344
0.20543160113257797;0.3239411252710484
0.16330866948194758;0.34587308013103574
0.1161252818222262;0.3570688401287699
0.06515200030657903;0.356541920319669
0.011841098113595147;0.34299316139758523
-0.041903754876175134;0.31467949790992145
-0.09322132164204953;0.26924289200479895
-0.13719996940612003;0.2035667738819151
-0.16425805084718068;0.11420485682115734
-0.15406276736661667;0.0019049375095547211
-0.07402447298362197;-0.10459673652798165
0.057697129238107145;-0.1359382281825001
0.16685813375771602;-0.09584298476311778
0.23666669670475568;-0.02975294385036003
0.275999705474764;0.041114487017920746
0.2930685402050774;0.10902804660902138
0.2933678022402678;0.17087712206120026
0.28057884547828105;0.22519940261995022
0.25728870381375135;0.27115119712762986
0.22542374901679366;0.30810082780244197
0.1865155495678336;0.3354404477946085
0.14188093840595867;0.3524776131479844
0.09276751635397822;0.35835105432394254
0.040505115723653014;0.3519424926676773
-0.013286936642545037;0.33176481580448525
-0.06634530037503679;0.29581151711123194
-0.11504926179038823;0.24137881459238547
-0.15279452766252646;0.16504995461713762
-0.166015757230435;0.06415911736424396
-0.1269564049170762;-0.052476844463980425
-0.013854164027914374;-0.13107612485257508
0.11367254250240759;-0.12286642343012137
0.2038128299424307;-0.06650564160141677
0.2582118281894354;0.0033079358094273686
0.2863341068070297;0.07336991353405962
0.2950376044373081;0.13870800403442485
0.2888605125248133;0.19718073535284925
0.2709051168958858;0.24768917405654392
0.24340931614963834;0.28952077747810745
0.20808913520691752;0.3220716800163513
0.1663567760164946;0.34470579987398364
0.11947929787294252;0.356662247805779
0.06872180603100289;0.356972005275668
0.015517218054763667;0.34436096223038354
-0.038273786561156084;0.31712137828326803
-0.08988021777445745;0.27294303488864397
-0.13458777555945373;0.2087608260832363
-0.1632757713560514;0.12109662036733111
-0.1566141163365097;0.010010460445319627
-0.08196973861256775;-0.09902510226817626
0.04885769341948742;-0.13666692455914284
0.16073099272736718;-0.09977848555015367
0.23298327688874776;-0.034546395251272635
0.27409904813687463;0.036323625496800294
0.2924856624773717;0.10456575854861395
0.29379589168202835;0.16688513704169708
0.2818079711958208;0.22175108003346455
0.2591672317389466;0.26829447434148596
0.2278352890546541;0.3058765693990231
0.18936426675135534;0.33389183349601925
0.14508085324774644;0.35165635316507776
0.0962328560002712;0.35832301261986016
0.0441389062473447;0.3527942521549711
-0.009610250694213587;0.33361241348366844
-0.06281192561898247;0.2988120600814942
-0.11197425701120295;0.2457418133992589
-0.1507839000234705;0.1710201903753609
-0.1663604695180755;0.0717846726391422
-0.13203274163689496;-0.044781172885481856
-0.023069568142712375;-0.1285319543687817
0.10601533022665009;-0.1255286398119555
0.19891485473030218;-0.07100908903039853
0.2554300706294572;-0.0015443190446471217
0.2850938858893956;0.06870825608412824
0.2949566560401158;0.13445394596453322
0.2896833866109944;0.19343602424428816
0.27245272853089475;0.2445120707867684
0.24554870272799836;0.2869544078256377
0.21071500046896843;0.3201571123800613
0.16937908667863888;0.3434895088386045
0.12281340252299992;0.3562018241887072
0.07227835812651688;0.35734205293067844
0.01918867852961168;0.34566053126129326
-0.03463581215788264;0.3194840350069555
-0.08650985089842159;0.27654932184612513
-0.13190577110550514;0.21384353718022353
-0.16213730396046827;0.12787021803609466
-0.15883839423207566;0.018092860805447034
-0.08960218186631255;-0.09307970246640364
0.03989200983024919;-0.1370354257957874
0.15441432539004776;-0.10359444182587926
0.22915745483629507;-0.0393175279990977
0.272094878490786;0.031520024712587906
0.29182489931616173;0.10007652287917126
0.2941631965855064;0.16285950954784867
0.28298828964536166;0.2182652786489705
0.26100582641300263;0.26539743581634384
0.2302138967950962;0.3036092923569517
0.19218600506445624;0.33229713239840986
0.1482593500550798;0.35078518731950314
0.09968261036972306;0.35824009300225224
0.047764104713386844;0.35358449714138046
-0.005932513999571293;0.33538949444821353
-0.05926226522875839;0.3017298209000663
-0.1088555365468844;0.25000594448189445
-0.14867364797792154;0.17687544517297676
-0.1664836141821925;0.0793132742612708
-0.13672077870015895;-0.036954322933968976
-0.03220320584939445;-0.12552738482991535
0.0981665091101612;-0.12796679966628594
0.19384883712474849;-0.07545458519747092
0.2525272660290071;-0.006397559120631438
0.2837650719681026;0.0640237403780902
0.2948083215011288;0.13016783269002324
0.29045323725528854;0.1896547265438933
0.27395756047953945;0.2412955590034362
0.24765304931506138;0.2843462624692762
0.21331207940462465;0.31819822158488864
0.17237810768070863;0.3422257502147841
0.12612959889050995;0.3556898157425187
0.07582300622576771;0.35765498622707365
0.02285596596358972;0.3468954532542119
-0.030990544855231845;0.3217717015572421
-0.08311276917166661;0.2800665683010611
-0.1291597119518908;0.21881987877561734
-0.16085464259284618;0.13452825717041703
-0.1607548000998795;0.02613912660747379
-0.09690472302435578;-0.08679088285657129
0.03081520219686663;-0.13702996491654668
0.1479059455837367;-0.1072850200088967
0.22518740064883863;-0.04406644118030623
0.2699868805979973;0.02670223342651825
0.291086796175529;0.09555885387704263
0.29447064912897797;0.15879904747166104
0.2841208491333723;0.21474114112241208
0.26280549923921237;0.2624595238128437
0.23256045782924017;0.301298685202131
0.1949814692951943;0.3306562274430098
0.15141691604304183;0.3498641479370826
0.10311701845390316;0.3581024429647718
0.051380662150804356;0.35431347139399866
-0.0022541455464677286;0.3370964011005376
-0.055697313746969256;0.3045652607863625
-0.10569522055218457;0.2541717503176065
-0.1464685015591475;0.18261571712918204
-0.16639552900500318;0.08673966346257571
-0.14102377788769202;-0.029024408017841296
-0.041218527797158705;-0.12206164111948002
0.09013016341996187;-0.13016193631974202
0.18861087048390035;-0.07983431425043025
0.2494998483883161;-0.011248638661022377
0.28234481628092384;0.05931773246318551
0.29459020067249797;0.12585016957933456
0.29116793093574755;0.1858367996251097
0.2754176574938915;0.2380391620334235
0.249720547679369;0.28169547314069004
0.21587871464558003;0.31619376184123993
0.17535235931706075;0.3409129062914493
0.12942662714689274;0.3551242412035702
0.07935476251906293;0.35790848002288883
0.026518411802103337;0.34806310236892957
-0.027338325402060985;0.3239815338866994
-0.07968911689513364;0.2834918402149155
-0.12635014167858072;0.2236868782874649
-0.15943062135427363;0.14106655195606121
-0.16236935841391667;0.034134677731966316
-0.10384963515109882;-0.08018501949590366
0.02165157360438448;-0.13662450301619386
0.14120346038221998;-0.11083162934165403
0.22106740270833317;-0.04878384935328876
0.2677695421135616;0.02187544871624083
0.290266284925366;0.09101580158018811
0.2947135802955713;0.1547053944483017
0.28520135058032375;0.2111792489470323
0.2645623228974686;0.2594804440975241
0.23487143981621014;0.29894369445119107
0.197747561339076;0.3289673878594127
0.15455093745925086;0.3488908949099554
0.10653400942553028;0.3579071794032935
0.054987107195649934;0.3549778275300481
0.0014240215526239329;0.3387294268241595
-0.05211729486135342;0.30731446290288145
-0.10249319437296622;0.2582352804695615
-0.1441690554263435;0.1882368540544829
-0.1661000425484843;0.094056169209634
-0.14493904758690174;-0.021017802115690747
-0.050071474722566484;-0.11813287729435254
0.08191419455009032;-0.13208672925585122
0.18319641964708322;-0.08413349792846991
0.2463422367901566;-0.016089274014367647
0.28082783118800597;0.05459540844531643
0.2942974111119647;0.12150430242034599
0.29182298813435753;0.18198432802794928
0.27682894255578117;0.2347440114066592
0.2517475307413567;0.279002414233743
0.21841165988870542;0.31414349273377823
0.17829902692230715;0.3395502361632621
0.1327021115231287;0.35450396061402956
0.08287168647976163;0.3581010958998694
0.03017448167841435;0.34916185279962114
-0.02368038015425982;0.32611185060674414
-0.07624009656638638;0.2868235434354851
-0.12347903401307625;0.2284430304897316
-0.15787010039981145;0.1474824275695456
-0.16369157716439675;0.042066583825821874
-0.11041636744148896;-0.0732926963732915
0.012427813225643784;-0.13579794492463335
0.13430608427119703;-0.11421763058119963
0.21679348551478253;-0.053462095770941055
0.265439445092175;0.0170437692695808
0.28936063115439953;0.08644992389056094
0.29488978154025447;0.15058033254718578
0.286227988731019;0.20758095916253205
0.26627480963547484;0.2564613262903263
0.23714560500730297;0.2965453541403519
0.20048322908969124;0.327231654618595
0.15766047708888625;0.34786656436274077
0.10993266929831398;0.3576556182484396
0.058582420360598;0.3555791468356288
0.005100656465030665;0.3402905086391946
-0.04852422618420989;0.3099798027901319
-0.0992529268900506;0.2621993349248419
-0.14178196199487186;0.19374145861568706
-0.16561049336334413;0.10126090658539179
-0.14847944165162327;-0.012959328500544673
-0.058729212525120485;-0.11375353936262451
0.07352543127046243;-0.13372552392870254
0.17760308227543314;-0.08834708721093447
0.24305307380912985;-0.020918758392258208
0.2792141054272008;0.04985646204421232
0.29393078802393124;0.11712994495760684
0.29241972784459935;0.17809738696861463
0.2781929826133493;0.23141067339655697
0.25373564598047627;0.2762682031156883
0.22091250631713139;0.3120491204573593
0.18121951497100688;0.33814006745564895
0.13595712622359596;0.3538319576935737
0.08637434309637412;0.35823651315373584
0.033823983218237715;0.35019612277081186
-0.020018046775893524;0.32816784603186816
-0.07276886886448618;0.2900676289603699
-0.12055272517560839;0.23309472237869475
-0.15618549596447268;0.15378077311457222
-0.16474317661805726;0.049927781944766304
-0.11660339778095229;-0.06614911651068607
0.0031647967522265494;-0.13454324839470644
0.12721266789801386;-0.1174378704973551
0.21236442825076457;-0.058102968666915604
0.26299754482490845;0.012204104118584618
0.2883721547549894;0.08185856624767894
0.2950022778870221;0.1464220752105982
0.2872040900487028;0.2039454285484295
0.26794633139976815;0.25340225186324006
0.23938619034954242;0.2941046340431994
0.20319142847418695;0.325450853775123
0.16074807086271084;0.3467938181881604
0.11331496106226024;0.3573512496638429
0.06216779560668602;0.35612175450698835
0.00877589846528525;0.3417848241451012
-0.04491949698850302;0.31256731898632933
-0.09597823345150724;0.2660707152830371
-0.13931537855833326;0.19913637921025923
-0.16494324646156014;0.10835654766201441
-0.1516651830608526;-0.004869217807286745
-0.0671671122927612;-0.1089424026051257
0.06496883040896992;-0.1350673291409656
0.1718276477914295;-0.09247445963561252
0.23963131246456898;-0.025740271034632688
0.2775044886190278;0.04509740766804074
0.29349221985001245;0.11272422124585915
0.29296053170581815;0.17417389266858005
0.2795123302813747;0.22803784037950486
0.25568741808098244;0.2734922443526471
0.2233836179375576;0.3099106924274669
0.1841159273801322;0.3366830305618569
0.13919342770850252;0.35310939984441725
0.08986404641310505;0.3583164068182832
0.037467655788603574;0.35116808457253096
-0.016351375466310283;0.33015219704784504
-0.06927669622704649;0.29322728090269623
-0.11757463760182447;0.2376454869621217
-0.15438466600063025;0.15996416273494501
-0.16553954415399488;0.05771170041681226
-0.1224067805292273;-0.05878610660045496
-0.006111700895285695;-0.13284931143638432
0.11992188122055181;-0.12048077072954692
0.2077765775376524;-0.06270374235367665
0.2604415827371654;0.007356374822667287
0.2872995998683255;0.0772408988937834
0.29505035424939124;0.1422296255768911
0.2881292078113524;0.20027164649492404
0.2695765624113225;0.25030221656580853
0.24159291484477027;0.2916205140261074
0.2058718890393402;0.32362391515438044
0.1638134496528875;0.3456715034053953
0.11668062143774739;0.356992813167863
0.06574298255316578;0.35660427183158255
0.012449498372868649;0.3432108875009628
-0.04130343444237982;0.31507545850155855
-0.09266981449804079;0.26984784554317226
-0.13677131491450178;0.20441979735250435
-0.16410404307812418;0.11533854636234905
-0.1545023064399215;0.0032315570598948186
-0.07534746909545276;-0.10371432430362469
0.056257561399010676;-0.13608709735799493
0.16586675448912527;-0.09650204107340758
0.2360723382996826;-0.030547104360151865
0.2756947335154414;0.040322033145459506
0.2929778061403724;0.10828934593284277
0.29344175731728;0.17021498780294403
0.280783565341111;0.22462580124106177
0.25759965323614653;0.27067408210281246
0.22582205651590517;0.3077270711243625
0.1869856282188333;0.3351773480856302
0.14240874230092274;0.35233390457121777
0.09333895657992981;0.3583378269390997
0.04110416847945305;0.35207427389660745
-0.012681129073479172;0.33206100906634967
-0.0657637993099953;0.2962983049105588
-0.11454478570265178;0.24209095349081247
-0.15246870506533833;0.1660275452102898
-0.16608500520858643;0.0654071206793917
-0.1278117834076105;-0.05123413317174214
-0.015363227790471825;-0.1306976888478302
0.11243594475964043;-0.12332207963516492
0.20302481035081987;-0.06725155465976462
0.25776590073920475;0.0025081153344638407
0.2861375365884959;0.07260170416278704
0.2950288874024266;0.13800600758772533
0.2889985459017877;0.19656133850594448
0.2711610596746324;0.2471619031130946
0.2437617224635856;0.28909279802857807
0.20852098095943736;0.3217498826544201
0.1668534530814766;0.344497999364457
0.1200270051321208;0.35657811012728297
0.06930589389791585;0.35702401238989656
0.016119954214821666;0.34456563192560113
-0.03767698969819245;0.31750091428632754
-0.08932829491901562;0.27352734558905717
-0.13415089734021193;0.2095882300180702
-0.16309678615814813;0.12220138289545582
-0.1569955454104238;0.011323147679496048
-0.08323241417909309;-0.09808752368214664
0.0474086323881107;-0.13675750863855757
0.1597175093460274;-0.10041350745229224
0.23237126746658096;-0.03533069073003962
0.27378027147694;0.03553551428829434
0.2923834362686579;0.1038287159623764
0.2938597009965931;0.1662229571731138
0.2820033474890749;0.22117606580001067
0.2594693455099033;0.26781465476812566
0.22822512893014857;0.3054987632317736
0.18982621502613764;0.33362320341671714
0.14560093082778278;0.3515054236111237
0.09679715337019389;0.35830058038623086
0.04473174876423309;0.35291444044302317
-0.009009076900267664;0.33389406988398185
-0.06223225464872772;0.2992806160092084
-0.1114662836532279;0.24643113442891532
-0.15044358335167757;0.17197015122223383
-0.16639140745097483;0.07300627577915587
-0.13281661009580503;-0.04352563329958101
-0.024554333159050853;-0.12808169824063534
0.10475821859646861;-0.12594474966753777
0.19810662807948304;-0.07173931908808723
0.2549685344906387;-0.0023373953756139435
0.2848847599809043;0.06794296447057926
0.2949371732259105;0.133752755712538
0.2898117062689168;0.19281592591060703
0.2726996004912998;0.24398278171493154
0.2458924675028547;0.2865231027546419
0.2111385474509857;0.31983059006332676
0.16986782066195605;0.34327541611398205
0.12335363617150738;0.3561095819071473
0.07285568831988021;0.35738380299345646
0.019785833987290946;0.3458523229898066
-0.03404255809263534;0.31984742962167706
-0.08595773813726422;0.27711338867623303
-0.13146133625223955;0.21464580210702747
-0.16193500784661108;0.12894622900080716
-0.15916462579008053;0.01938918232658132
-0.09080116545584414;-0.092092231281762
0.038436605418152255;-0.1370653610660466
0.15337883912263184;-0.10420389481157424
0.22852761216476591;-0.040091329624534454
0.27176217184197843;0.030736568383932048
0.2917111109690893;0.09934133085194241
0.2942168251211428;0.1621974295215911
0.2831743080391486;0.21768897939138773
0.26129910125690486;0.26491503828639523
0.2305952685340194;0.3032275742981631
0.192639817147852;0.33202313040555964
0.14877168047528086;0.35062722578423977
0.10023971848378933;0.3582086849966333
0.048350648000848054;0.3536933742280818
-0.005336136904132637;0.3356569655792395
-0.05868472385550734;0.3021805882185396
-0.10834464884706443;0.25067299432663265
-0.14832006584055235;0.1777983181999794
-0.16647884209721792;0.08050808192314587
-0.13743499914036197;-0.03569084601837454
-0.0336585450198976;-0.12500626695736708
0.09688958306212844;-0.12834132565769893
0.19302003989277458;-0.07616851207120925
0.25204986577201965;-0.007183830218652528
0.2835432940529726;0.06326126752645246
0.294778090236479;0.1294673226245792
0.2905719383358267;0.1890338239817442
0.2741955108945422;0.24076419524513393
0.2479883593920634;0.2839116349288828
0.21372753907028044;0.3178670476762737
0.1728591227574478;0.3420055194734116
0.12666258221457413;0.355589716998225
0.07639378334762201;0.35768683824051434
0.023447696435732742;0.34707486032803603
-0.030400782106045694;0.32211961426257457
-0.08256063068937719;0.28061125499530737
-0.12870835839971964;0.21959807943771387
-0.16063076371165377;0.13557650010074881
-0.16102924570464575;0.027417865813052868
-0.09803846085377646;-0.08575849001522932
0.02935569423039062;-0.13699729932168825
0.146847746255883;-0.10786800572885562
0.22453905354422402;-0.04482991228133995
0.2696399045498467;0.025922973852392183
0.2909613594178635;0.09482502404262229
0.2945141884102718;0.1581366318063194
0.28429772937384584;0.2141632081867407
0.26309025050228935;0.2619743017661264
0.2329337499143987;0.30091291973938755
0.19542758928563808;0.3303768378732833
0.15192198294808495;0.34969926977066806
0.10366744011319284;0.358062322159383
0.05196139629914694;0.35441147137473744
-0.0016621370335045452;0.3373503232962745
-0.05512162348413128;0.3049991180110008
-0.10518146876409783;0.2548176877920162
-0.1461024515906811;0.1835128712411333
-0.16635744999670482;0.08790842629991975
-0.1416710394592847;-0.02775649416609937
-0.04264024951925073;-0.12147087080248418
0.08883361187015733;-0.13049288468553152
0.18776072199842692;-0.08053152558756656
0.24900608007036043;-0.012028299970928608
0.2821101644935637;0.05855773383706196
0.29454920124851514;0.12514999276641772
0.2912771402117975;0.18521479574634023
0.27564692439870114;0.23750549860199618
0.2500477285308538;0.2812573836910123
0.2162864819026366;0.3158578940821336
0.17582610366345963;0.3406866053000246
0.12995284454240255;0.35501647949737297
0.07991948409302904;0.35793077444173266
0.027105194819467687;0.3482306405269945
-0.026751655789276702;0.3243146933395684
-0.0791367528178807;0.284018131976657
-0.12589213099750618;0.22444226876185
-0.15918648520735784;0.1420882972568355
-0.1625951316013599;0.03539524381517635
-0.10491718814947437;-0.07911245654748146
0.02019049433116233;-0.13652724428451038
0.1401218451449597;-0.11138697978692341
0.22039981951038504;-0.049536996080736286
0.26740789403925086;0.021100016580886397
0.2901290544640575;0.09028288093749155
0.29474706894025987;0.15404220571922267
0.2853692654030303;0.21059929975505787
0.2648388229532235;0.25899208964269405
0.23523699806658913;0.29855366114111603
0.19818638624309237;0.32868248824819624
0.15504916786516576;0.34871908624159675
0.10707817869021297;0.3578584528196809
0.05556244712497178;0.35506519340324694
0.002012016787307536;0.3389702000178581
-0.051543234896813436;0.3077319933916777
-0.10197664459903528;0.25886089192165684
-0.14379123844652866;0.1891092085527394
-0.16603072825365187;0.09519923358683044
-0.14552181499186848;-0.019748965908739074
-0.05145492921327696;-0.1174743554718488
0.08059881376903116;-0.13237183786056597
0.18232435537222047;-0.0848132782010634
0.24583166842892934;-0.01686228215876295
0.2805800695640553;0.05383772944594346
0.29424554018344296;0.12080425955450758
0.291922685042217;0.18136103124417874
0.2770495541941386;0.23420788513179264
0.2520666353921606;0.27856073521334246
0.21881179381304566;0.31380284068657527
0.1787655496544156;0.33931781097858343
0.13322158607520262;0.35438851708104735
0.08343033172347826;0.3581138469077364
0.030756228369435454;0.34931756698345195
-0.023096998529022143;0.32643032944497025
-0.0756878788315542;0.28733153222227537
-0.1230150761353806;0.22917567750571516
-0.15760714702516435;0.14847743491573123
-0.16387125003905134;0.04330679705847359
-0.11141582388404654;-0.07218628182301633
0.010970184539873546;-0.13563448363576902
0.13320200032555102;-0.11474323206906845
0.21610688562373057;-0.0542037235563289
0.26506320308936965;0.01627302294838793
0.2892115943403835;0.08571863150419588
0.29491312041338735;0.14991700635702698
0.28638675681439624;0.20699956210197892
0.2665428005878152;0.2559703445218586
0.23750310033393418;0.29615149481626335
0.20091436331397716;0.32694162173021557
0.15815141168838;0.3476881343773678
0.11047006464950467;0.35759852382240104
0.05915177832586187;0.35565604176669463
0.005683972713897149;0.3405182167676531
-0.04795256823562884;0.31038100471618363
-0.09873453560137538;0.262804511664434
-0.14139373051225174;0.1945886893874395
-0.1655121660471727;0.10237708153825202
-0.1489997384773376;-0.011694535141309612
-0.06006814848827369;-0.11303089071681552
0.0721941159604129;-0.13396221106406558
0.17670982556650433;-0.08900776148075698
0.24252603791039634;-0.02168397813075848
0.2789533945265336;0.04910203806893662
0.29386806556119993;0.11643086688277855
0.29250980646971664;0.1774735488169208
0.2784047202691507;0.23087276144161384
0.25404635442340157;0.27582353737242055
0.2213045952793681;0.31170421050665786
0.18167832061621678;0.33790196496260744
0.1364692845869015;0.3537091958052028
0.08692626406088348;0.35823999655606265
0.03439996709068353;0.3503401970466557
-0.019438773254276624;0.32847173194800183
-0.07221775683398757;0.29055729568817573
-0.12008404253255209;0.2338044564297389
-0.15590553931108556;0.15474847282440815
-0.16487954939811492;0.05114521272419927
-0.11753352310273667;-0.06501574172236645
0.0017163430099913347;-0.13431276345380788
0.12608753456715435;-0.11793164785585118
0.21165931396039034;-0.05883188392199413
0.262607002568679;0.011438904162346476
0.28821147622354437;0.08112962725101891
0.2950155178779694;0.1457592572314574
0.28735365799876955;0.20336316518403713
0.26820566412411145;0.2529091634271599
0.23973538526584465;0.29370740702400666
0.20361455188739036;0.32515608057157247
0.16123131089580672;0.34660909034206117
0.11384510597030262;0.3572860369116625
0.0627306148691471;0.3561883486933259
0.009353889044011571;0.34199955189073494
-0.04435100837779804;0.31295218182633505
-0.09545896444973247;0.26665532606240977
-0.1389180906880849;0.19995812552649836
-0.16481810972593028;0.10944464649294709
-0.15212529395896793;-0.0036132427468758242
-0.06845552750879655;-0.10816023094119352
0.06362503212075234;-0.13525314893565313
0.17091415711301855;-0.09311432583112789
0.23908829308697233;-0.026496585714306832
0.2772311260799404;0.04434711930610763
0.2934188100431362;0.11202685977281081
0.2930410468386584;0.1735501702206947
0.279715156785136;0.22749871810465178
0.2559896147395937;0.2730450914346132
0.22376747825473128;0.30956195190257935
0.18456677120140844;0.3364396084895008
0.13969796761032677;0.35297961011815215
0.09040888278286668;0.3583108481122061
0.03803745265949157;0.3513006818474052
-0.01577671707500994;0.3304415927842196
-0.0687273294790744;0.2936986675606903
-0.11710213361414132;0.2383322576401338
-0.15408920487484654;0.16090419924689175
-0.16563519616729558;0.058904391289560265
-0.12326701766367419;-0.05763231701749585
-0.007545018724178036;-0.13255136421772204
0.11877718986866073;-0.12094047950913356
0.20705338748189805;-0.06341866540310118
0.26003696895853406;0.006597591219041459
0.2871274088480052;0.07651499821225119
0.29505355144477824;0.14156788846057416
0.28826957409437093;0.19968900608355264
0.26982718973333475;0.24980744229871937
0.24193372570478977;0.29122028234736447
0.2062868881004694;0.32332471530244117
0.16428885545187097;0.345480750202496
0.11720335071259869;0.3569197220318426
0.06629906771912396;0.35666078297603604
0.013021921968826901;0.34341284349841295
-0.04073843654127149;0.3154441986754439
-0.09215015434024502;0.2704121305976624
-0.13636584958504344;0.2052162827792432
-0.16395391503571793;0.11639831615366002
-0.1549048083798295;0.004475427202948102
-0.07658077302783234;-0.10287703649281846
0.054904042558531214;-0.13621957630808876
0.1649332870466939;-0.09711956452545994
0.23551329494478507;-0.031293707106025435
0.27540865216170846;0.039576417152642374
0.2928936311227621;0.10759411735729689
0.2935126172406638;0.1695917274773667
0.28097737423163566;0.22408576574724362
0.257893217727876;0.2702247002540891
0.22619755553231458;0.3073747254815148
0.18742836591250978;0.33492880463617936
0.14290550748897787;0.3521972632633465
0.09387653538769812;0.3583233878146111
0.04166757968405199;0.352195550488697
-0.012111334553241059;0.33233607842653
-0.06521653271509369;0.29675159698518816
-0.1140690578515216;0.24275496570343572
-0.15215892946822587;0.16693999281191546
-0.16614233666802597;0.06657390143933857
-0.1286024881579393;-0.050065610841497965
-0.01677586094351358;-0.13033219102376775
0.11127285305231936;-0.12374548816641932
0.20228366340664328;-0.06795132069337478
0.25734720702994374;0.001756470233561147
0.2859537887551528;0.07187938425634982
0.2950219680908431;0.13734579923516113
0.2891296086542683;0.19597870656747818
0.2714028532560455;0.2466657814643905
0.24409399601224227;0.2886898621352863
0.20892767794204314;0.3214465253103145
0.16732082136948154;0.34430146425100217
0.12054208641562479;0.35649736375473656
0.06985497602063062;0.35707064932995775
0.01668648818067931;0.3447550187464134
-0.03711589538557089;0.3178537380002417
-0.08880883512940432;0.2740715178159349
-0.1337382351275234;0.21035962594433738
-0.16292354440251774;0.1232325374998868
-0.15734322527061925;0.012551819892104642
-0.08440668246044805;-0.0972002841879824
0.046048531734664215;-0.13683455486401142
0.1587644988886071;-0.10100730858180507
0.23179631498955258;-0.036066929594782964
0.27348157813992063;0.03479496669404591
0.29228861479447577;0.10313591896437893
0.2939210329878625;0.16560041852879173
0.28218827149782977;0.2206353650027066
0.2597544139105661;0.26736329733710373
0.22859240278275497;0.3051430859208136
0.1902609785130039;0.3333698451774826
0.1460900410324887;0.35136228496653343
0.09732757067757118;0.35827767867442323
0.045288823640693955;0.35302489827073347
-0.00844418347241361;0.33415542481929666
-0.06168728894794483;0.2997165676676119
-0.11098786785639712;0.24707330780333184
-0.15012078211154;0.17285598062307495
-0.1664132611288848;0.07414714839630289
-0.13353984708271574;-0.04234697117060145
-0.025942174016293482;-0.1276493257968364
0.10357696771830918;-0.12633045456901718
0.19734711105232364;-0.07242377078374264
0.25453556804845784;-0.003082164695918482
0.284689472879321;0.06722388826966907
0.29492030015512066;0.13309377459414598
0.2899337275026866;0.1922330754215083
0.27293289106206875;0.2434851771593064
0.24621658122167944;0.286117428078428
0.21153734860802106;0.3195231499802246
0.1703275694482152;0.3430732924864445
0.12386147974992359;0.35602150495668494
0.07339814329201153;0.35742103924185886
0.020346781091360643;0.3460297863246209
-0.033485206869999784;0.32018518496299087
-0.08543858818946502;0.27763853290693374
-0.13104215038923192;0.21539341518804597
-0.16174054951109954;0.1299499271968223
-0.1594611097688222;0.02060135405592675
-0.09191476810740173;-0.09115984253214424
0.037071877389362864;-0.13708543003663543
0.15240587851514525;-0.10477332538538874
0.22793638941840524;-0.04081732136433894
0.2714507356912049;0.030000807736296268
0.2916056621135925;0.09865070282004067
0.2942687324514319;0.1615754185989066
0.28335049333974277;0.21714749941271752
0.26157583565928383;0.2644616718690415
0.23095447647173326;0.3028686091103083
0.1930667472474412;0.33176507568668084
0.149253243915738;0.3504777806916356
0.10076303293302616;0.35817758481441947
0.04890137306237688;0.3537933537922911
-0.0047762655003016595;0.33590502927572846
-0.05814235698402202;0.3025997128247517
-0.10786416756352209;0.2512939235571019
-0.1479855355806448;0.17865806819464852
-0.16646786468578914;0.08162258948098618
-0.1380927345085823;-0.034506982093590016
-0.03501640321829795;-0.12450854238298556
0.09569152080959442;-0.12868743969874485
0.19224234204179855;-0.07683674512262924
0.2516027156187538;-0.00792119046550941
0.28333652083216115;0.06254587374934706
0.29475126116467837;0.1288099824582182
0.29068484768800573;0.18845115512838165
0.2744201557018981;0.24026549010572038
0.24830409819237642;0.2835035778814609
0.21411815922970093;0.31755584610954657
0.1733108992042518;0.34179808504208115
0.12716276923865844;0.3554945357784996
0.07692912575039691;0.3577148414230871
0.024002499572881964;0.3472405027409647
-0.029847823663607706;0.32244233273497375
-0.08204259295960716;0.2811173170587657
-0.1282837537328213;0.2203217115130064
-0.16041688066855242;0.13655205660350597
-0.16127717072053022;0.028610453669192792
-0.09908810540364425;-0.08478732698651173
0.027991110712212778;-0.1369585822533224
0.14585609812527286;-0.10841103798219867
0.22393207222112302;-0.045544309473694
0.26931597172503036;0.025193064540485133
0.290845347186194;0.09413747362423283
0.29455658690567244;0.15751593684593787
0.2844649674089722;0.2136216261677627
0.2633583372851409;0.26151949323274093
0.23328448870786742;0.30055112187598604
0.1958462067063725;0.3301144265019848
0.15239545493857798;0.34954373864206983
0.10418305071606504;0.3580231191887364
0.052505120614327175;0.35450093761756113
-0.0011079900956259597;0.33758492326177103
-0.05458262831557509;0.30540109524731046
-0.1046998323156636;0.2554168755119832
-0.14575743372505487;0.1843457402189241
-0.16631562952165088;0.08899470797261483
-0.14226415133456916;-0.02657329742557897
-0.04396098265686418;-0.12091012664776654
0.08762174901456303;-0.13079660598179751
0.1869658252942937;-0.08118151937770371
0.24854517486090683;-0.012756745678553942
0.2818920463745639;0.0578472478696722
0.2945123556696851;0.12449531604754659
0.29138072338830984;0.18463315837574104
0.27586258769800565;0.23700638483389477
0.25035465862235134;0.2808474864127121
0.216668406363733;0.3155433281912872
0.1762693254792377;0.34047411367931385
0.13044473555068456;0.3549143028796507
0.08044702562027757;0.3579495049504173
0.027653118793626513;0.34838426829686214
-0.026203874607032954;0.32462201872061747
-0.07862068722771119;0.28450457883817576
-0.1254631417608006;0.22514115940707505
-0.15895467499870097;0.14303444417747888
-0.1627966165403474;0.03656486172839955
-0.10589952503856757;-0.0781093491688254
0.018831894234320277;-0.136428010998788
0.13911327327139653;-0.11190106858085841
0.21977777347016378;-0.05023796331008368
0.26707174945764267;0.02037743492510053
0.2900025085671984;0.08959965893171958
0.2947798028918866;0.15342389793527975
0.28552726006908064;0.21005852822331983
0.26509785775231687;0.25853660547683033
0.23557877946756878;0.29818965929886987
0.19859613718859245;0.32841621798825776
0.15551394353980222;0.34855784111478744
0.10758543981762944;0.35781139819630176
0.05609848910339586;0.3551442815755295
0.0025597180401791047;0.3391913613185013
-0.051008394131481574;0.3081167444867504
-0.10149477105066751;0.2594381528047017
-0.14343700508943005;0.1899148178391261
-0.1659601923286466;0.09625606735048682
-0.1460520830374717;-0.01857142857618617
-0.052732487035135486;-0.11685366058911341
0.07937579899991215;-0.13263081889660408
0.18151298572114835;-0.08544347549474804
0.24535735684638738;-0.01758075179481411
0.28035081277542073;0.05313299815741079
0.29419879950476346;0.120152972605837
0.29201700857208857;0.18078106954097603
0.27725626874550846;0.23370894740446427
0.2523647710053293;0.2781495410645351
0.21918502889983982;0.31348542937356394
0.17920022088843893;0.3391007747837299
0.13370518306915383;0.35427987177100134
0.08395006463270346;0.35812386991303247
0.031297235784429826;0.3494598137551821
-0.02255450677345129;0.32672300130743476
-0.0751740711314044;0.2877992518187886
-0.12258238658611444;0.22985088146110635
-0.157359028464005;0.14939518722525372
-0.16402961890796738;0.04445281865340534
-0.11233109400885985;-0.07115647093181825
0.009620590768488957;-0.1354740027856105
0.13217641937070082;-0.11522754222651908
0.2154695067564479;-0.05489136395681778
0.2647148241823;0.01555739233397036
0.2890747044420707;0.085039328429143
0.2949365408220571;0.14930072869545394
0.2865359840606332;0.20645933451128318
0.26679335781482627;0.25551403243791543
0.23783657525178487;0.29578527089287204
0.20131595423059667;0.3266716284111006
0.15860822996066196;0.3475214869638248
0.11096971922873627;0.3575441310743198
0.059680846904990655;0.35572549919137453
0.006225843867930906;0.34072696146634857
-0.0474214639866531;0.31074987678075877
-0.09825240412440517;0.26336156790891757
-0.14103109001854247;0.19536910324317486
-0.16541546682528993;0.10340624993093074
-0.1494713573671297;-0.010524477788587972
-0.06130052746476437;-0.11235316046731833
0.07095981171768898;-0.13417555461549854
0.17588098950626213;-0.08961869282119035
0.24203781225590218;-0.02239354149453653
0.27871292892211147;0.048401955955455066
0.29381166165998157;0.11578198555876809
0.2925953085110331;0.17689445077672394
0.27860306550050473;0.23037337744731576
0.2543363691219842;0.2754106211590556
0.22166987121728;0.3113837308282746
0.18210519519970342;0.337680369210254
0.13694533233619235;0.35359428326859194
0.08743888687602638;0.358241742518746
0.034934661837507465;0.3504717406628073
-0.018901134547795902;0.3287507005596085
-0.07170606351380387;0.2910075408961321
-0.11964805937290762;0.23445753387680074
-0.15564264004644687;0.15563948850831189
-0.16499835106504426;0.052267880263159275
-0.11838328816985311;-0.06396397722993309
0.00037830235987646544;-0.1340908284340757
0.12504450253641422;-0.1183856827574834
0.21100609984447638;-0.05950666666648097
0.2622462228221492;0.01072953874414723
0.2880643166164978;0.08045359565747007
0.29502984857321085;0.1451444713153453
0.28749443187467666;0.20282306980015916
0.26844810929864815;0.25245173924129133
0.24006094347237175;0.2933388014230194
0.20400837588918289;0.3248823257842115
0.16168054993706574;0.3464371220737478
0.11433749794713932;0.3572245092407476
0.0632529941910051;0.3562485064333137
0.009890115901924528;0.34219634969120005
-0.043823614901470645;0.3133057998232934
-0.09497683729375296;0.267192972332193
-0.13854788480898542;0.20071426117435673
-0.16469732973063828;0.11044666412068412
-0.15254140829290952;-0.0024533468040990733
-0.06963920647957723;-0.1074291689127463
0.06238106627753745;-0.13541909937015034
0.17006773804199787;-0.0937052404819399
0.23858600374937847;-0.027197068504391696
0.27697940454997994;0.0436517007241097
0.293352766494287;0.11138036491877919
0.29311779452044107;0.17297192130789443
0.2799052282799987;0.22699889096878903
0.2562716248089165;0.27263047919267225
0.22412492790360394;0.3092384567684635
0.18498599594149726;0.33621353798432574
0.14016662364974863;0.35285855473586625
0.09091455757150319;0.35830449270736386
0.03856599040120317;0.3514217663513705
-0.015243812161996202;0.3307071967460442
-0.068217734830489;0.294131905570817
-0.11666310309402089;0.2389638332442947
-0.15381244185155815;0.16176914302121143
-0.16571673733510198;0.060003274977451004
-0.12405166757710433;-0.05656326555505961
-0.008867332354954932;-0.13226717257701845
0.11771697851494514;-0.12136231229313275
0.2063839233751818;-0.06407977792995735
0.2596634012268882;0.0058948618477191374
0.28696965841075756;0.07584243439012979
0.2950585186438003;0.14095470494986784
0.2884016542303774;0.19914910108023087
0.2700613084398035;0.2493489266594877
0.24225117547114627;0.29084928548277766
0.20667277494380618;0.3230471646525014
0.16473036638960026;0.3453034066108153
0.11768835250465262;0.35685099060491543
0.0668146498601775;0.3567115662473655
0.01355241020615628;0.34359762702551405
-0.04021486123197885;0.31578252254568034
-0.09166822371701108;0.2709303766302007
-0.13598855421737313;0.20594818034939671
-0.16381030709917557;0.1173728907092262
-0.15526736553432915;0.005622296185318883
-0.07771127050138939;-0.10209646609833774
0.053653110056151754;-0.1363354266621428
0.16406942304781322;-0.09768864678886642
0.23499669323628908;-0.03198407419379902
0.275145355016679;0.038886350341121576
0.2928175995397571;0.10695050612567694
0.2935802426717584;0.16901469415807535
0.2811587891821395;0.2235857591357532
0.25816682879625563;0.2698085675507631
0.22654677558593503;0.30704831065268956
0.18783953065801828;0.33469827982020617
0.14336635660071825;0.35207001237236474
0.09437484214232907;0.35830880647232116
0.04218953042229862;0.3523059806798183
-0.011583612069072003;0.33258805286221177
-0.06470953353803231;0.29716749385897173
-0.1136276142446381;0.24336461970065412
-0.15186932487752114;0.16777821733882411
-0.166188469371859;0.06764715974764417
-0.12932162731992194;-0.04898509998435761
-0.018076272171245023;-0.12998571947302365
0.11019725505994706;-0.12413254011116
0.20159842209403817;-0.06859708883433589
0.2569609972452937;0.0010615868960456324
0.285785440845408;0.07121125204857383
0.2950174701648461;0.1367350160101686
0.2892528307586781;0.19543966182751096
0.2716284401306811;0.2462067398906931
0.24440310567112739;0.28831695279330516
0.20930537920493786;0.32116558577785204
0.16775434415309345;0.34411909407929836
0.12101942658190702;0.35642173252402465
0.07036347218728083;0.3571123314745167
0.017210915788496862;0.34492804644223524
-0.03659653215408556;0.3181770284629312
-0.08832765103283569;0.27457063957052985
-0.1333547648069011;0.21106753921233035
-0.16275888457858856;0.12417950918236823
-0.15765493099518949;0.013682880763163777
-0.08548051994712937;-0.0963751994730217
0.04479376043944141;-0.13689848324503512
0.15788380435123073;-0.10155316985740441
0.23126564981802414;-0.03674636564054558
0.2732068776289437;0.03411087798116819
0.2922027173084243;0.10249574822120626
0.2939796131320943;0.165025126127917
0.28236106563956365;0.22013568750037285
0.2600196235629515;0.2669461450635465
0.2289333538133318;0.3048142522220368
0.19066400508855555;0.33313537467221566
0.14654296025545516;0.35122936366296376
0.09781833088400788;0.35825542246299213
0.04580393334963029;0.35312526287625123
-0.007922011447223192;0.3343944097237055
-0.0611834426027824;0.30011582706788087
-0.110544921440109;0.24766179626280788
-0.14981997372642702;0.17366813639454518
-0.16642703592183852;0.07519429374054365
-0.1341955907938587;-0.04126011583271225
-0.027216207840183016;-0.12724215235284983
0.10248717414852664;-0.1266815984685894
0.19664647439825275;-0.07305379955793283
0.2541370722521411;-0.0037690112501123675
0.28451087937848024;0.06656038742939782
0.29490665411261546;0.13248564861129175
0.2900483537271606;0.19169521065705178
0.27315014167076623;0.24302598704995698
0.24651747150068903;0.28574303547087576
0.21190690291398678;0.31923929678122726
0.17075305157731954;0.34288641293523675
0.1243310032591501;0.3559395294393421
0.07389927863131675;0.3574542114034184
0.020864722628056356;0.3461916830889257
-0.03297068038491333;0.32049409770726073
-0.08495907972359788;0.27811920158456505
-0.13065396431888984;0.21607795412831948
-0.1615573321624046;0.13086942528296966
-0.1597257255057216;0.021714056696201557
-0.0929300328361668;-0.09029632692272355
0.03581639319169246;-0.1370968593532357
0.1515091401490494;-0.10529548675648867
0.22739221923645003;-0.041485790713462166
0.2711652047466043;0.02932267216442808
0.2915104726458701;0.09801399499304586
0.29431882199319365;0.16100196012390275
0.2835151908526424;0.21664831790617192
0.2618331311508544;0.26404373989106256
0.23128760400501636;0.30253766888823025
0.1934620339197043;0.33152704627945406
0.1496985763530674;0.35033965514381493
0.10124652040793974;0.3581482084878151
0.04940982305776882;0.3538843095170257
-0.004259597688116269;0.3361318020446302
-0.05764183401075378;0.3029832542671442
-0.10742027462113168;0.25186231618493365
-0.1476748508240086;0.17944526472740344
-0.16645214462498137;0.08264389686418024
-0.13868791285582582;-0.033417819820869096
-0.03626041419969017;-0.12404250297129447
0.09458808276596643;-0.12900174671265785
0.1915261390043181;-0.07745116167913677
0.25119196498455837;-0.008600509392566999
0.2831479283590851;0.06188643018247083
0.2947288768901921;0.12820397727760424
0.2907914136560715;0.18791401013364853
0.27462970682120025;0.23980578781234843
0.24859748953654726;0.2831274497916179
0.2144803562241855;0.3172689534443437
0.17372918592013767;0.3416067136942636
0.1276253598352215;0.35540639954507086
0.07742379882971191;0.3577398826817863
0.024514831294357397;0.3473918825479421
-0.0293373447042216;0.3227377693365184
-0.08156418130581151;0.28158079074235604
-0.1278907664576963;0.22098454299657003
-0.16021617450611988;0.13744595515879338
-0.1614977725244491;0.029705064867573402
-0.10004460217807963;-0.08388889429685414
0.02673597318228895;-0.13691585495334155
0.14494201199598733;-0.10890896375725313
0.22337329891472546;-0.046202345254510495
0.26901895313476387;0.024520012809123894
0.2907405586634005;0.09350328803589594
0.2945981459295246;0.15694339953436603
0.28462173823776843;0.21312210046524796
0.26360805851106156;0.2611000386040183
0.2336102731660361;0.30021744710912307
0.19623435071859371;0.3298723409693492
0.1528338941384268;0.3494000591008711
0.10466003479063204;0.35798644085165415
0.05300773199072079;0.35458249746769127
-0.0005959911716945418;0.3377997302017619
-0.0540846453197153;0.30576945347319495
-0.10425440665308583;0.25596606595994187
-0.14543684443885296;0.18510924449729402
-0.1662717521648989;0.0899912565775052
-0.14280076837166703;-0.025483933050192194
-0.04517160443829432;-0.12038563925162311
0.08650435851098474;-0.13107180636453608
0.18623275378934384;-0.08177968618926325
0.24812111292691594;-0.013428645219244993
0.2816926985937705;0.05719147400718823
0.29448071902762146;0.12389093806920658
0.29147890875157;0.18409620753935935
0.2760642787989252;0.23654565099376026
0.2506405264560939;0.2804691326957674
0.2170233398151333;0.315252951990346
0.17668061476176003;0.3402778676774361
0.1309006830177536;0.3548197000248934
0.08093560472865374;0.35796620545737157
0.028160270958938496;0.34852504277454904
-0.025696986916520885;0.32490404805136475
-0.07814296633428329;0.28495113054695376
-0.12506517634651948;0.22578280380172858
-0.15873699353481222;0.14390337161649408
-0.16297503330079952;0.03764072011625639
-0.10679575616120643;-0.07717986084196539
0.017579934114776517;-0.13632877499563306
0.13818135834398448;-0.11237289373925338
0.21920358191307068;-0.050884831692883256
0.26676256724708575;0.0197097375082936
0.28988760095315097;0.08896806246773689
0.29481244513780996;0.15285224937120898
0.285675833175138;0.20955857755669122
0.2653398354601655;0.2581155298241783
0.23589714288216038;0.2978531561978417
0.19897714299746047;0.32817000561972753
0.15594556687068914;0.34840857826605964
0.10805605898858588;0.35776744986906295
0.056595444014820626;0.35521656258154954
0.003067246386499021;0.3393944340138283
-0.050512796572331355;0.30847030222351474
-0.10104782875718354;0.25996871111255265
-0.14310699645100394;0.1906553575423064
-0.1658897676680669;0.09722818960061502
-0.14653221294748967;-0.01748471398274569
-0.0539056568675098;-0.11627249054662347
0.07824535494535927;-0.1328647574144507
0.18076261360985588;-0.08602446220295039
0.24491957510992918;-0.01824487670176627
0.28014041850114485;0.05248106568571698
0.29415770301257765;0.11955033982059875
0.292106659274204;0.18024442579283517
0.277449978006048;0.23324731001492183
0.25264300970588505;0.2777691159499234
0.21953259541782993;0.31319175787815773
0.17960439791402422;0.3388998820246785
0.1341543462814479;0.35417907455172704
0.0844323634370653;0.3581325510803554
0.0317989486596757;0.3495903589017669
-0.022051587841155035;0.32699205938136866
-0.07469761926531694;0.28822937782177804
-0.12218040356466257;0.23047185688277655
-0.15712612565688047;0.1502394238798189
-0.1641688934594894;0.045508464090423806
-0.11316668847977145;-0.07020161525315768
0.0083756449406958;-0.13531782467169065
0.13122744446410575;-0.11567220022370352
0.21488022956169442;-0.055526625961234734
0.26439379361424;0.014895348851496123
0.28894997045077914;0.08441063463146779
0.2949605110926648;0.14873033044065495
0.28667654090417344;0.20595937179763418
0.267027700620984;0.2550917961475895
0.2381475463215139;0.29544644161599914
0.2016897631586034;0.3264218281138378
0.1590328820590778;0.3473672119532409
0.1114337083543136;0.3574935120129031
0.06017174898516878;0.35578912490818543
0.006728338358079311;0.34091894263472067
-0.04692904006954779;0.3110892862442126
-0.0978050771659253;0.2638741250850416
-0.14069340062685554;0.19608715760420256
-0.1653213797400778;0.10435360358097094
-0.1498983051164798;-0.009444458179635356
-0.062432277812414415;-0.11171963736241203
0.06981853415318445;-0.13436737005055602
0.17511412405763235;-0.09018216348440403
0.24158701500359997;-0.023049790155704034
0.2784921795677083;0.04775399072331441
0.2937617624770358;0.11518130379225325
0.2926770332759272;0.17635840336972103
0.2787893478829636;0.22991120489954348
0.2546074779476761;0.2750285678389523
0.2220105128491956;0.31108727995405583
0.1825026408859009;0.3374754206428372
0.13738802258110638;0.35348796413357064
0.08791513063440422;0.35824316928861594
0.035431045886820986;0.3505929292036001
-0.01840224096334385;0.32900778756455096
-0.07123120726387697;0.2914223877475064
-0.11924286989103967;0.23505912093167322
-0.1553962906227861;0.15646023235719805
-0.16510194639718376;0.05330302600436904
-0.11915956535804018;-0.06298875143834586
-0.0008566779463047743;-0.1338779115931589
0.12407864793715555;-0.11880273034745009
0.2104017402013031;-0.060130632068230605
0.2619135573780076;0.010072683449539035
0.28793012052748884;0.07982737836086799
0.295045601776058;0.14457498543562775
0.28762748144838746;0.20232285544763098
0.26867535811723137;0.25202820173965856
0.2403650798114375;0.2929976050624054
0.20437555029278423;0.3246289982804258
0.16209878597412078;0.34627800240337303
0.11479539079442092;0.3571675027041016
0.06373833646235512;0.3563038899871337
0.010387996721881402;0.3423778034527911
-0.04333408016772013;0.3136318044899255
-0.09452910388565046;0.26768848041478704
-0.13820304710086176;0.2014109637018553
-0.16458131424341652;0.11137011915579247
-0.15291809529170067;-0.001381951291602982
-0.07072670578197988;-0.10674636871844984
0.06123000655959812;-0.13556712581459154
0.16928388689418825;-0.09425066498388468
0.2381217688435308;-0.02784553733673046
0.2767480511765199;0.0430074212737567
0.2932939356283113;0.11078130786255572
0.29319154079055754;0.1724361439808029
0.2800840797539126;0.22653587081763488
0.25653563036115;0.272246502728765
0.2244586899194137;0.3089389489347115
0.1853767661622352;0.33600427151075735
0.14060290201201464;0.3527464649380511
0.091384808179868;0.35829842871432777
0.03905710004944117;0.3515333764343628
-0.014748909045880167;0.3309521113787317
-0.06774449265073912;0.2945313042949073
-0.11625487633647888;0.2395459008528291
-0.15355324087440667;0.16256619510720488
-0.16578616321248113;0.061016722846518275
-0.12476797064881275;-0.055572372019169446
-0.010087476042543985;-0.13199648097614824
0.11673500021491928;-0.12174933731824665
0.20576425809855894;-0.06469112897925886
0.2593187259673074;0.0052439788109973524
0.28682559256485246;0.07521919578897034
0.295065641264666;0.14038644872365036
0.2885267897280743;0.1986488123184818
0.2702810721609814;0.24892415054767333
0.2425481096141822;0.29050568559641043
0.2070329784523981;0.3227901859720727
0.1651418886988976;0.3451392400677566
0.11813989775967845;0.356787325122351
0.06729423547644586;0.356758377124189
0.01404554057619125;0.34376817824681705
-0.039728297290617595;0.3160947247108914
-0.09122014729667044;0.2714084457060386
-0.1356367484737033;0.206623159259746
-0.1636730483478391;0.11827183074378665
-0.1555948889882133;0.006682371995857082
-0.07874982426911242;-0.10136751063055138
0.05249491381846061;-0.13643655002530986
0.1632685898817942;-0.09821386899148568
0.2345185834434677;-0.03262348612361236
0.2749028868614205;0.03824659439043636
0.2927493256574593;0.1063536475511242
0.29364552583625747;0.168479577654029
0.28132976752001365;0.22312214545273715
0.25842334206123196;0.2694228172874373
0.22687332994384282;0.3067458158613398
0.1882233643049999;0.3344847079993104
0.14379603215852138;0.35195212867802245
0.09483898029844584;0.35829521520693086
0.042675318464743324;0.35240798881392943
-0.011092691566946172;0.3328208192542322
-0.06423788772140555;0.2975515599803143
-0.1132164411822964;0.24392741995520398
-0.1515977917943336;0.16855191526270136
-0.16622530299470262;0.06863852572671807
-0.12997830698368565;-0.04798240030236632
-0.019277403481175313;-0.12965656524725183
0.10919941456331725;-0.12448736631576443
0.20096290819900225;-0.06919484775427256
0.256603805987222;0.00041714006884820403
0.2856311025244008;0.0705912480504976
0.2950156492380762;0.136168151929453
0.289369813192347;0.1949394194082329
0.27184054193417084;0.24578083222142366
0.2446927130698057;0.2879710627034699
0.20965853036528964;0.32090509081479246
0.16815910391016797;0.34395005162156084
0.12146459450832672;0.3563516301423267
0.0708372683855188;0.3571508600396192
0.017699225253117786;0.34508807288242255
-0.036113099514499404;0.31847591494155825
-0.08787958877867057;0.27503188352299257
-0.1329967782153904;0.21172150740252102
-0.16260213075292737;0.12505438488141454
-0.1579362153190869;0.014729735696777768
-0.08646782390009253;-0.09560438673173963
0.04363046044856107;-0.1369512979395245
0.15706599824034495;-0.10205749126070476
0.23077362226450973;-0.03737660963261634
0.27295338218345144;0.033475625444483875
0.29212517932286863;0.10190108191659927
0.29403666468541106;0.1644907232418639
0.2825244284865263;0.21967160914034112
0.26026890895184757;0.26655883367461314
0.22925295520195482;0.3045090721524759
0.19104113013249072;0.33291789371945524
0.14696621500890586;0.3511061830078032
0.09827646632162886;0.35823490981495637
0.04628439755148371;0.3532183933312641
-0.007435243863882095;0.334615879657072
-0.06071382668316401;0.3004855446763856
-0.11013168151108847;0.24820642201804666
-0.14953782345004227;0.17441950343572915
-0.1664345107486193;0.076163509285127
-0.1347952861313272;-0.040250171216171006
-0.028394821572461978;-0.12685635398472261
0.10147423357822609;-0.12700377285737366
0.19599539460898255;-0.07363823772986534
0.25376781374356083;-0.004407429535508094
0.2843468403482029;0.06594329819863397
0.29489651835712466;0.13191999512056363
0.2901578265498868;0.1911949771473723
0.27335521224991133;0.24259905155899925
0.2468003499072158;0.28539509535149993
0.21225354822338482;0.3189756604024357
0.17115152537228542;0.3427130039044975
0.12477017766906909;0.3558636367890436
0.07436754808226424;0.35748524648696234
0.021348311294493896;0.3463421240305981
-0.03249051686387001;0.3207807672427436
-0.0845115395138046;0.2785648782482982
-0.13029094723271473;0.21671226490420772
-0.16138345012381672;0.13172127982308537
-0.15996475658869863;0.022746285418224294
-0.09386539669651565;-0.08948883574290405
0.03464997487440819;-0.13710110921572805
0.15067456390200304;-0.10577900222880139
0.22688654491940127;-0.042107371274241474
0.2709011235979302;0.02869143569428277
0.2914241971433715;0.09742115705342146
0.29436819352740673;0.16046804422763059
0.2836714788981207;0.21618367660093438
0.2620756959447269;0.2636548851629079
0.2316007102034977;0.30222992678517985
0.19383284562688227;0.3313058762432723
0.1501157296932619;0.3502114884675269
0.10169888229542222;0.3581211722826342
0.04988508197604476;0.3539690465147047
-0.0037770084695112863;0.3363425487820444
-0.057174479355914486;0.3033392901119187
-0.10700553913368384;0.25238951829120754
-0.14738330605856206;0.18017501967174843
-0.16643275285602793;0.08359085273126678
-0.13923285147940148;-0.03240464474845027
-0.03741251794094321;-0.12360177976091109
0.09356105752072677;-0.1292900226779239
0.19085960709071345;-0.07802185089168202
0.25081072675816923;-0.009232769606663417
0.2829742830233197;0.061272324414859504
0.29471049747972344;0.12763959877262898
0.2908934062949451;0.18741385286078735
0.27482772545690676;0.23937788794650086
0.24887356554967352;0.2827775095164309
0.2148203705246574;0.31700220172630567
0.17412119947852533;0.34142893079784425
0.12805832243985632;0.3553246662671655
0.07788628383850689;0.3577633231456666
0.024993405189176587;0.34753258035996387
-0.028860782277876987;0.3230120058340181
-0.08111755972794296;0.28201062658910464
-0.12752327954946388;0.2215988455992041
-0.1600261848464577;0.13827414851037348
-0.161696232870158;0.030720315679132967
-0.10092507073395118;-0.08304962709368374
0.025570459495395197;-0.13686947318658824
0.14409141583730423;-0.10936953983297147
0.22285400501391747;-0.04681389488922047
0.2687440792121593;0.023893784086926665
0.29064519793646354;0.09291303838117178
0.29463938609974105;0.15641054810249855
0.28477042139691555;0.21265731032642426
0.2638433138310366;0.26070989950857404
0.23391625476384423;0.2999072481388606
0.1965981964012543;0.3296474320123124
0.15324428847559318;0.3492666980341707
0.10510597955566704;0.35795251022079655
0.05347717740932571;0.3546583034343491
-0.00011813068537991508;0.33799904719430973
-0.053620026988340154;0.30611093278205076
-0.10383858004770331;0.2564748034851605
-0.145136331607752;0.18581613733529492
-0.16622621523649211;0.09091403569704803
-0.1432905812727659;-0.02447221226074141
-0.04629038271739396;-0.1198911644506784
0.08546593426155388;-0.13132271479753463
0.1855513076776032;-0.08233402847505723
0.24772779627914984;-0.01405281560103048
0.28150904136901617;0.056581859564738074
0.2944535048447654;0.12332901902727847
0.2915727122065061;0.1835970378838345
0.27625446417581;0.236117455401985
0.250908979916405;0.2801176392526029
0.21735589077177317;0.3149833249658619
0.17706534635958154;0.34009575520534335
0.13132664287688384;0.3547319837427725
0.08139156483798633;0.35798172975862397
0.028633157842710595;0.34865550463234946
-0.025224616045384042;0.3251651966573197
-0.07769777396530968;0.2853643192786506
-0.12469370353452798;0.22637614097394204
-0.15853156555992148;0.14470664503021394
-0.16313394395446257;0.03863627677510729
-0.10761797776928707;-0.07631401797137452
0.01642046599385456;-0.13622951879251927
0.13731602081037875;-0.11280768728935467
0.21867090876054657;-0.05148432103263472
0.2664767773563701;0.01909008482420096
0.28978284078129185;0.08838166618138064
0.2948451271461969;0.15232149562622743
0.2858164199440125;0.2090944819499913
0.26556725762639766;0.2577247897273025
0.23619546679735617;0.29754104869718767
0.19933349635776137;0.3279417925343038
0.156348693111872;0.34827036428327157
0.10849510028179489;0.35772689268747193
0.05705861045547268;0.3552836529240706
0.0035399193383056785;0.33958250756664776
-0.05005140143053485;0.30879740919922327
-0.1006315172493453;0.26045918809083063
-0.14279847855245337;0.19133956387814646
-0.16581993305900097;0.0981264094489462
-0.1469688797492729;-0.016477950071442964
-0.05498681710788968;-0.11572673678778202
0.07719710507053029;-0.13307652964181374
0.18006641690609382;-0.08656155738588892
0.2445142387719124;-0.018860511510321386
0.2799468444050091;0.05187624421768123
0.29412178926841126;0.11899114522411514
0.29219244241258957;0.1797465158356037
0.2776325266754415;0.23281912389227435
0.25290405868806515;0.2774164264427053
0.21985791505165794;0.31291968139288867
0.17998208257466308;0.3387139522986259
0.13457352492565036;0.3540859940792171
0.08488198063442276;0.3581409078221028
0.03226625209213828;0.34971149009560976
-0.021583452264807172;0.3272412136956344
-0.07425417164135605;0.2886272317763316
-0.12180578242939132;0.2310457540786037
-0.15690715958602125;0.151019281821726
-0.16429198765301273;0.046484286652816204
-0.11393215647034041;-0.06931385422869088
0.00722417180128688;-0.13516598539802305
0.13034715849370435;-0.11608136878167931
0.2143340886977874;-0.056114849691263693
0.2640973430757926;0.014281433171568755
0.28883629940858685;0.08382739567429678
0.2949852658089895;0.14820116823136542
0.2868097443300902;0.2054956642829137
0.26724804294233195;0.2547003478468651
0.23843897304725847;0.2951325161965363
0.20203936209385742;0.3261905996931765
0.15942942533388332;0.34722463479450594
0.11186644257831539;0.35744702547945095
0.060629098944444036;0.3558484135211354
0.007196089280437547;0.3410969154302991
-0.046470906901299444;0.311403402979634
-0.09738881230095342;0.2643479542795303
-0.14037827522664895;0.19675040962198212
-0.16523024898523556;0.10522843994988498
-0.1502861556284409;-0.008445080702773469
-0.06347398675425818;-0.11112661390951611
0.06876135964604764;-0.13454003725239488
0.17440333493615515;-0.09070265681191973
0.24117006068085473;-0.02365767681154058
0.27828927484651883;0.04715331633807154
0.2937178153789404;0.11462438124680409
0.29275547651184175;0.17586148795489842
0.2789649134543787;0.22948293099296993
0.254861721349753;0.274674734278971
0.22232912328659962;0.31081293964469664
0.182873704269283;0.3372859790870987
0.13780072897801357;0.3533899326130143
0.08835857391079435;0.358244868394124
0.03589276183708543;0.35070532642813196
-0.01793856492745094;0.32924561965097043
-0.0707900325525693;0.29180563561495104
-0.11886610200738862;0.2356143079119173
-0.15516563977234316;0.1572171489008398
-0.16519245170463998;0.05425799833796088
-0.11986906923835776;-0.06208470495121252
-0.0019962230478743196;-0.13367418628628416
0.12318463830469502;-0.11918556856836131
0.2098428105892656;-0.06070727735340406
0.2616070006359642;0.009464757580999121
0.2878079792439997;0.07924757993106445
0.2950627469636311;0.14404772941965496
0.2877534954976144;0.20185986390224991
0.2688886944584254;0.25163636769357817
0.2406495690532975;0.2926821612552165
0.20471824714990242;0.324395015121643
0.1624884980378463;0.34613126916812686
0.11522147696753031;0.35711522577878013
0.06418944262839966;0.3563554341034061
0.010850312801653446;0.34254563848027036
-0.042879810736059155;0.31393278817271814
-0.09411361123253137;0.2681453982183751
-0.13788229017596126;0.20205281550187254
-0.1644704556645391;0.11222054271656955
-0.15325886114170886;-0.0003936442914257545
-0.07172422518328853;-0.10611004201037277
0.06016706113640285;-0.13569863361656473
0.16855941688888185;-0.09475283356932299
0.23769352621359927;-0.028444403819666755
0.27653585862424684;0.04241193065631675
0.2932417942730584;0.1102275214657976
0.2932623264571345;0.1719409307167641
0.2802522232485235;0.22610806282112414
0.2567825373554294;0.2718919237590472
0.2247699949622715;0.3086625852383178
0.1857405716379821;0.33581139700221896
0.14100848423033863;0.3526433962433609
0.0918214363637261;0.3582932168798678
0.03951262471669933;0.3516366195972337
-0.014290232200835608;0.3311780397549936
-0.06730604747398952;0.2948992175511611
-0.1158763580701238;0.2400815203552737
-0.15331139869500335;0.16329912800612337
-0.16584499438540984;0.061948895073972526
-0.12542000147335516;-0.054656913004791724
-0.01120940950922078;-0.13173977540737314
0.1158287481175599;-0.12210283387836658
0.20519266795088154;-0.06525407806073989
0.25900176465715485;0.004643609625018487
0.28669447185163144;0.07464404147569972
0.29507454706083297;0.13986201837961457
0.2886449186816686;0.1981872139960133
0.27048668086513583;0.24853239141831016
0.24282494537135266;0.29018898666263254
0.20736808991229136;0.3225535295795634
0.16552414340189522;0.3449882646717766
0.11855878907032885;0.3567290193691855
0.0677386499157604;0.35680180369468173
0.014502091616116831;0.3439253898644863
-0.03927809465767766;0.31638200773272623
-0.09080551954180556;0.27184784439548043
-0.1353104471245435;0.2072429959769827
-0.16354288380163462;0.11909702379619637
-0.15588927627824894;0.007656975500160032
-0.07969845839696436;-0.10069087599549299
0.05142911243276898;-0.13652378094187187
0.1625306721832609;-0.09869528813350614
0.2340787006155319;-0.033211722823870214
0.2746808835946346;0.037657441091143995
0.29268840705443355;0.10580384979946277
0.29370806088552875;0.1679866937676375
0.2814899157981711;0.22269525341342655
0.25866237951786253;0.2690677993545587
0.22717685047814568;0.30646761853503984
0.18857949660466036;0.3342884970223232
0.144194144490758;0.3518440484109904
0.09526851903725778;0.3582830697494712
0.04312444277950844;0.3525020320959303
-0.010639175348814972;0.3330348037055553
-0.06380233070497439;0.29790413711715785
-0.11283644037813302;0.2444435349363836
-0.1513454238785535;0.16926091811177726
-0.16625407533544087;0.06954715077932358
-0.13057321653491952;-0.04705971973740563
-0.020377288805770097;-0.12934686455062885
0.10828184017206822;-0.12480956336455033
0.20037864387744084;-0.0697430214502152
0.2562763070874586;-0.0001750018197451054
0.2854908568932353;0.07002122918082346
0.2950161741688752;0.13564694771631614
0.2894799221715239;0.19447956667414776
0.27203829257435086;0.24538947901194824
0.24496176432047853;0.2876534374228059
0.20998591679023154;0.32066610294345504
0.16853374163707666;0.34379520182608253
0.12187609593943251;0.3562877007694364
0.0712747412878508;0.3571866220891142
0.018149673754386027;0.3452351730316926
-0.035667447406404124;0.3187500774499975
-0.08746656700916072;0.2754544089536143
-0.13266616603002213;0.21231997280537165
-0.16245488578000794;0.12585458235135438
-0.15818760622921557;0.015688358976643054
-0.08736573728502946;-0.09489256771789986
0.04256426618319958;-0.13699381963546362
0.15631530631239393;-0.10251787622271594
0.2303226291520546;-0.037954239302445486
0.2727221230150002;0.03289278506206518
0.29205604108548394;0.10135533223724486
0.2940914844212921;0.16400033283626514
0.28267707573592965;0.21924590500071015
0.2605005143983278;0.2662037564956548
0.2295490563222008;0.30422952939158276
0.1913898642841752;0.33271894381301953
0.14735702125971528;0.35099379925957963
0.09869893952630747;0.35821665148799825
0.046726969746369515;0.3533041714034056
-0.00698727446339684;0.3348189696246594
-0.06028187924692661;0.30082394228863374
-0.10975144261185935;0.24870425412723451
-0.14927708694478323;0.17510565964222582
-0.16643697330152732;0.07704848141420625
-0.1353364293829172;-0.039325048887178235
-0.02946956359713821;-0.12649654490577103
0.10054650607723212;-0.12729498940997552
0.1953992281449163;-0.07417227306961227
0.2534306572281305;-0.00499192475133147
0.2841984098959527;0.06537802365904569
0.2948896042979094;0.13140182600842934
0.29026082368050893;0.19073686490897185
0.2735459569449451;0.2422082688476358
0.2470623959325331;0.2850768657899546
0.21257390054064998;0.31873481261166625
0.17151913160710652;0.34255489646927795
0.12517474778121548;0.35579484494674857
0.07479837957722807;0.3575142523386985
0.021792754567232297;0.34648017324164876
-0.03204959318581879;0.32104302813009306
-0.08410070766247378;0.27897190602846944
-0.1299572809807629;0.21729083536344748
-0.16122163330733152;0.13249766936939328
-0.16017739730819655;0.02368776047477882
-0.0947126693386122;-0.08874708259266781
0.033585203848557586;-0.13709934438897295
0.1499114595091187;-0.10621880734331282
0.22642487098613095;-0.04267508025104803
0.27066117812188945;0.028114314189224967
0.2913474682360689;0.09687902232429
0.29441593123660437;0.15997986962490796
0.2838172316721774;0.21575901923634613
0.2623004306412409;0.26329972563383613
0.23188989671351967;0.3019491164510585
0.19417462139531214;0.33110435338369865
0.15049959657578324;0.3500950461255499
0.10211457428782536;0.3580971192511002
0.050321287285735594;0.35404695003750286
-0.0033345267761046115;0.33653521059896346
-0.05674626057500093;0.3036640576670826
-0.10662547835380486;0.25286969919046826
-0.14711520258592592;0.18083895181122864
-0.16641109012668467;0.08445209073802945
-0.13972233304028686;-0.031480741679408356
-0.03845836925784872;-0.1231936834457666
0.09262433554955277;-0.12954906060820684
0.1902517304710327;-0.0785411915360724
0.2504639857746292;-0.009809347797384134
0.28281769824388675;0.060711967783428994
0.29469613188148086;0.12712458950494937
0.29098923550562134;0.18695756404341396
0.27501136807515963;0.23898771418458828
0.24912847684740239;0.28245866268646597
0.2151335345587547;0.31675942234304105
0.17448160553293848;0.3412674289075601
0.12845578918737818;0.3552508050882131
0.07831031112644109;0.3577852930911112
0.02543169994402561;0.3476612273018269
-0.02842470489752315;0.3232619493723075
-0.0807090238851666;0.2824016910037085
-0.1271867328996536;0.22215701206646882
-0.15985030313468074;0.13902603490507337
-0.16187120964872076;0.03164255189152996
-0.10171870507053493;-0.08228229424746893
0.024511178124137;-0.13682123625953124
0.14331673270295506;-0.10978632237124333
0.22238162882495;-0.047369984204687306
0.26849511983488866;0.023323636438977568
0.29056039250492627;0.09237546032051307
0.29467946876489626;0.15592527695838385
0.28490866558172134;0.21223416662837954
0.26406055704979264;0.26035492640866964
0.2341979267161783;0.299625259009298
0.19693245920728392;0.3294432598062052
0.1536207291244944;0.3491459699816415
0.10551449384571071;0.3579222994401047
0.053906731727404206;0.35472785158928005
0.0003187120056469705;0.33818070689939933
-0.053195544294702156;0.30642144027554186
-0.10345858268872922;0.25693670150276854
-0.14486076458864333;0.1864572446989366
-0.16618075501812465;0.09175063756096698
-0.14372830559408756;-0.02355272790650722
-0.04730195481728118;-0.11943534078404955
0.08452192569490741;-0.13154631263825645
0.18493160800895203;-0.08283640583098843
0.24737092254107484;-0.014619917400390411
0.2813436056083099;0.05602754747607696
0.29443093882245175;0.12281798695962683
0.2916606223479633;0.18314314742060092
0.27643028329207303;0.23572826672193395
0.25115608743430645;0.2797983852095996
0.21766126708146244;0.3147386848215868
0.1774180361203603;0.33993081422457094
0.13171658462075245;0.35465291604418164
0.08180846839778262;0.3579964584318401
0.029065090177088;0.34877450373051566
-0.024793500976927695;0.32540257243560644
-0.07729158868238031;0.28573921050316264
-0.12435438659181174;0.2269137747315023
-0.15834211607423923;0.14543388303463278
-0.16327260021029583;0.03953800402156769
-0.10835621603263931;-0.07552509260919534
0.015370128495903166;-0.13613301034610956
0.13653010907818913;-0.11319944284174745
0.21818755651362848;-0.05202761116144992
0.2662184290045156;0.018527690492410046
0.2896895724421939;0.0878492089874233
0.2948771812854828;0.1518395580036884
0.2859468036661813;0.20867319255516587
0.2657766816107451;0.25737028303887
0.23646931922945877;0.2972581215402854
0.199659959040899;0.3277351899430966
0.1567174302264999;0.34814556222437215
0.10889615619770437;0.3576907421870792
0.05748121023793351;0.35534508261753917
0.003970764081476126;0.3397534333502801
-0.049631127775957164;0.3090939648859094
-0.10025228767944315;0.2609031423224463
-0.14251663384131594;0.19195812558794564
-0.16575285899713474;0.09893800667385695
-0.14735730440898534;-0.015566492177452335
-0.055960335864477;-0.1152264683537574
0.07624773740940961;-0.13326372477394932
0.17943556685632286;-0.08704644606916581
0.24414774215803128;-0.019417855347262317
0.27977303140516613;0.05132822021760366
0.2940914687629681;0.11848435988760977
0.2922728480082535;0.17929534366976213
0.2778008995410037;0.23243130200208134
0.2531436936636856;0.27709721859666586
0.22015577654858065;0.3126737142926256
0.1803272540373239;0.3385461947676866
0.13495604243145407;0.3540024390393162
0.08529173422016788;0.3581492184345006
0.03269162367875773;0.3498217757312933
-0.021157737950122726;0.32746707087416366
-0.0738511329186824;0.2889871053840489
-0.12146507226678785;0.23156406225424134
-0.1567065723487514;0.15172282660215747
-0.16439840960945712;0.04736466119555156
-0.11461660214330636;-0.06850900511547078
0.006185524912547084;-0.13502266217886555
0.12955097911490188;-0.11644854228306968
0.21384059793666643;-0.05664593376038203
0.26383052360441805;0.013726346492378983
0.2887355070408389;0.08329982677403112
0.2950102041972703;0.1477225381899789
0.2869331260077728;0.20507639150641163
