133.91186493284744;-0.11064464055401997
86.21583968488935;132.182703208904
-8.831989090110863;205.1786238058609
-104.63933823246427;230.65730069569082
-188.324479592696;227.22683800922016
-257.6014764940471;205.86141602628092
-312.62618059059196;172.8991105189926
-354.0174061817518;132.30134138149683
-382.3597350801397;86.77857754770126
-398.0781399684092;38.366362619825004
-401.4111384315391;-11.24886693662562
-392.407951919784;-60.51563919862316
-370.9285985977836;-107.84269738156499
-336.6437073922267;-151.4128090604726
-289.0436675023435;-188.92818741350803
-227.49512126251784;-217.19199450952343
-151.47951012445088;-231.32847018583936
-61.53098605349274;-223.21566997121514
36.93505311896643;-178.54631040120393
118.75806233653223;-76.85463440104006
122.36881444645651;67.41757364823494
43.855640761690125;173.55659246225343
-54.581531691387696;221.62807312922166
-145.36958583240533;231.8429193229968
-222.39922622164124;219.04602669608903
-284.9700163028171;191.67064659052687
-333.56413788345645;154.75275176485658
-368.8128683366069;111.57431598463492
-391.23316722575794;64.47945829944567
-401.1642077595118;15.309529322253562
-398.7562909010543;-34.33486078356915
-383.97056612243045;-82.9050136535798
-356.5787000892305;-128.73015990024265
-316.16479325607645;-169.80788855785946
-262.1486745547566;-203.48922861898842
-193.8987347567516;-225.9264948057664
-111.1831254670115;-230.99957388489892
-15.963564964962961;-208.15241607213363
80.19300064609834;-139.2767779475876
133.6444781120143;-10.3076551549524
91.80462499135193;124.9089040895265
-2.0349856260028907;201.95854312268975
-98.41757982401454;229.99965521286455
-183.0557339001279;228.1249047381173
-253.32412355684951;207.74732159814238
-309.30487571562355;175.4328656792035
-351.60836875382034;135.26068537167234
-380.82746997102953;90.00437901481989
-397.39943272235666;41.73341216703452
-401.575713622052;-7.849511218459439
-393.4184658433207;-57.189409390785556
-372.8006675286477;-104.70327844268655
-339.4058224542333;-148.5962865582019
-292.73576453531234;-186.61423256297044
-232.16143993463288;-215.64087381777813
-157.13998170560563;-230.9528431466921
-68.06829701766365;-224.72661812395526
30.244508147251477;-183.19005279447848
114.8689535020845;-85.83760244096403
125.43581657910103;57.94727677394079
50.410127730206284;168.34690541174618
-47.95831724602976;219.7658236095901
-139.5761399115927;232.00219256167327
-217.59453721077568;220.45749657650677
-281.14352971802447;193.89176099311948
-330.6728495498817;157.5077005081628
-366.81591554969623;114.67503483277846
-390.1005831110023;67.78533743485653
-400.8787926923473;18.704725008665815
-399.3137966303446;-30.95620623479901
-385.37967709368354;-79.65065277917797
-358.8610746368029;-125.72216138781273
-319.3546138256396;-167.19932347624703
-266.2894644707171;-201.49121653849645
-199.0295830557927;-224.85806636135788
-117.28471422805316;-231.3876382771765
-22.740000648437356;-210.9284766801774
74.20888490306972;-145.91697501870894
132.86167148907032;-20.465181169028114
97.16435302209196;117.32343940885987
4.764404243734306;198.51050642325077
-92.13726799180145;229.20541860739115
-177.71887089809965;228.93821553687698
-248.97970978179342;209.57831325143792
-305.9195510425604;177.93036285922724
-349.13814208728434;138.1965248472597
-379.23608161844965;93.21622783253574
-396.6627884433032;45.094387283504325
-401.68264967038374;-4.449027527142393
-394.3707525163942;-53.85472093816725
-374.6130311805478;-101.5471029686436
-342.1058904063374;-145.7526143857595
-296.36280782229693;-184.25882534755203
-236.7599081607451;-214.0267511503352
-162.7334337883758;-230.47872926710005
-74.55674501074081;-226.07620400905068
23.509964462601076;-187.567774117569
110.61779159361899;-94.55028063676063
128.06104432988383;48.27308709708029
56.87815318323907;162.84891134849815
-41.295977076883815;217.72405398184787
-133.71734784857162;232.05277787918004
-212.72181002937972;221.79997676249104
-277.25144811261833;196.0675806561696
-327.7190117327351;160.23279436196754
-364.7588950596399;117.75690888156944
-388.90957035910986;71.08099157665845
-400.53570017757716;22.097150779316824
-399.8134900003496;-27.573155848515885
-386.7299530229634;-76.38422629579948
-361.0827048184094;-122.69298690828731
-322.48097054347875;-164.5576509516742
-270.36366997825826;-199.44296274186343
-204.0919804438654;-223.71248160268806
-123.32371326550229;-231.65249048282624
-29.494179043484774;-213.49913395889521
68.0675487221246;-152.24798014535605
131.57089880000095;-30.544322622614647
102.26838850031508;109.42985252834926
11.557913059921756;194.8268551304335
-85.8003097316022;228.26984994893138
-172.3142840685385;229.66408177824346
-244.56826268424615;211.352740697521
-302.4701590239799;180.3904868681953
-346.6066832112189;141.10803341772083
-377.5855537344575;96.41345650418934
-395.8682242132312;48.44870094273579
-401.73200017747854;-1.0479781774557109
-395.2649050507256;-50.51216306308054
-376.3658250752897;-98.3748469132406
-344.7440864944911;-142.8826482015644
-299.9249885454725;-181.86315808557458
-241.2906291546406;-212.35145944801306
-168.25947375407628;-229.9092260996832
-80.99376835890156;-227.26998101743033
16.74305824594565;-191.68734366625293
106.03301897759783;-102.9779265618689
130.2221278384175;38.42424708735271
63.24297393292594;157.05613193854958
-34.59847991930514;215.49633771761657
-127.7939323442501;231.99107771633084
-207.78101885744405;223.071412665427
-273.2935989282126;198.1968386678356
-324.7024623937554;162.92718616286976
-362.6416978198391;120.81932271911946
-387.66008424984625;74.36593101081228
-400.13495347614037;25.48637294241282
-400.25546499913617;-24.186143311933797
-388.0215607230388;-73.1062340721401
-363.24383288749704;-119.64327074145075
-325.5441729107878;-161.8837621042802
-274.3716189077155;-197.3458382187249
-209.0860783733979;-222.49202474315402
-129.2993182074616;-231.7982162286819
-36.2210426835211;-215.87158027945756
61.789644926853654;-158.27402402855907
129.7841686339538;-40.508510511869225
107.08948128662588;101.2337346865854
18.336920780442632;190.89957481487474
-79.40835834912417;227.18793728899377
-166.84202538961233;230.29973085354192
-240.0895073566871;213.06897563875577
-298.9564105855631;182.81220168618785
-344.0137678754759;143.99449489278993
-375.8757450778315;99.59552360064548
-395.0156844254148;51.7958992457788
-401.72379541224154;2.353208687741278
-396.10104104841355;-47.16219258016323
-378.0592561585977;-95.18706029096228
-347.3207063323206;-139.98712455212538
-303.42267143521417;-179.42831392003498
-245.75394579833235;-210.61673053844802
-173.71805428965283;-229.24733010494097
-87.37741153792182;-228.31340016059463
9.954001205586039;-195.5569673318401
101.14282743663836;-111.10972063653793
131.899953962607;28.432573266007154
69.48674457094859;150.96242322757033
-27.86989597310018;213.0758410402604
-121.80642975973696;231.8132792732934
-202.77192656904342;224.26966964817822
-269.2696269909571;200.27825389525512
-321.6228906069371;165.59004903745543
-360.4640970875613;123.86169988450075
-386.3519899904724;77.6397140315968
-399.67650987616173;28.872009815041693
-400.63977085416985;-20.795549714669942
-389.25464591388214;-69.81709235444848
-365.3446990287354;-116.57356712812863
-328.5445475886168;-159.17846671042952
-278.3136838756147;-195.20111290735272
-214.01211658658178;-221.1988468609261
-135.2109243345687;-231.82869911446681
-42.91614531168067;-218.05276177685488
55.39425385401666;-164.00042605657586
127.51762705542505;-50.32350663978709
111.59968435845391;92.7434979403042
25.091967218983587;186.72055329995422
-72.96319272311784;225.95447359345073
-161.30208901036394;230.84234135101426
-235.54306534507822;214.72542853004313
-295.37790196945383;185.19455751965666
-341.3590552884062;146.8553051326276
-374.1063972372387;102.76201152608691
-394.1049934801346;55.135655064755895
-401.6579381576514;5.754227744762774
-396.8791361126622;-43.805154390207214
-379.6933664854206;-91.9841937768035
-349.83584583129067;-137.066691620253
-306.8559761184858;-176.95528216043277
-250.14990376200956;-208.82416446979218
-179.1087960943776;-228.4958067633408
-93.70548354085052;-229.2114826205448
3.152551227547771;-199.18441351481965
95.97540583291638;-118.93720433350471
133.07902315809514;18.333545417786617
75.58966093293833;144.56310010889396
-21.115227973227295;210.45575797596902
-115.75585121585283;231.51550583663126
-197.69460002403088;225.3925361651174
-265.17938448023807;202.31045748508026
-318.48012571668903;168.22045180204657
-358.225948982871;126.88334239084426
-384.98518076315577;80.90176302522941
-399.16029924712615;32.25353278480279
-400.9663711994035;-17.401908767042926
-390.4291989772447;-66.51741664605757
-367.38531719668646;-113.4846137789185
-331.48211683604427;-156.44273061029676
-282.18984312256094;-193.01017442400342
-218.86985898037213;-219.8351196915036
-141.05743389494663;-231.747659451785
-49.574833937219694;-220.04920476679547
48.899564717124726;-169.43288153559368
124.79127201264465;-59.95704817483541
115.77029531547382;83.97151337676765
31.811951718926064;182.28204447650674
-66.46746878032693;224.56411726003844
-155.69509283356868;231.28886486189913
-230.92905953026144;216.32022208662232
-291.7346436932351;187.53627044705945
-338.64254614483673;149.68949473060374
-372.2775290233126;105.91212232427073
-393.13619644891037;58.46726040913154
-401.53450384117536;9.154406273743145
-397.5993007714958;-40.44173180118135
-381.26830712825944;-88.76699652858872
-352.28970018934183;-134.12224382844641
-310.22512831322075;-174.44524676562526
-254.47868630424372;-206.9755038428218
-184.43154357752226;-227.65749593981826
-99.97625259599351;-229.96924826422077
-3.6527288819962207;-202.57768061727478
90.55792531843898;-126.45525801266778
133.74820383374163;8.164240692107345
81.53064895807108;137.8542881313952
-14.339815236408198;207.62887764579764
-109.6431979579184;231.09360201956352
-192.54905653380584;226.4376341141759
-261.02269472885484;204.29196347506024
-315.27398749568187;170.81737372665953
-355.92711863453286;129.8834806739376
-383.5595774295622;84.15144342013359
-398.5862993155066;35.63036955147492
-401.2353008999268;-14.00578447889492
-391.545314494405;-63.207807695550756
-369.3658421664221;-110.3771242442783
-334.35709046292567;-153.67748369580286
-286.0003284415018;-190.77435183562034
-223.6594124449455;-218.4029453390829
-146.83824380194773;-231.55873470600332
-56.193355107708506;-221.86739086659614
42.32191445218229;-174.5781701970865
121.62800196090232;-69.38082368637018
119.57306175978461;74.93303311039739
38.48513080031242;177.5761163464247
-59.92370261723316;223.01123092988297
-150.02135888398033;231.63617051326125
-226.2473288984681;217.85152050142614
-288.0263993523404;189.8361646717167
-335.86403189622035;152.49623739571348
-370.38898405226365;109.04521770897422
-392.10919192251896;61.7901706404773
-401.3534438747122;12.553229683164135
-398.2615366905908;-37.072462784832226
-382.78412754384124;-85.53608738758933
-354.6823609729579;-131.15456098306473
-313.53024193041546;-171.8992775445939
-258.7403544770734;-205.07235247695027
-189.68601519146588;-226.73504480613633
-106.18796124650747;-230.59140616860938
-10.453843233601713;-205.74446009281712
84.91673455078451;-133.66093750623327
133.90104171836708;-2.0363387241766637
87.28692074452344;130.83384510475224
-7.5498038445738995;204.58795441513033
-103.46977058153973;230.54333967706896
-187.33544950290513;227.40256458072508
-256.7994515979909;206.22129776287096
-312.0043416422495;173.37982206336514
-353.5675034003629;132.86138417291247
-382.0751246904889;87.38816599307674
-397.9545058061951;39.00199878460925
-401.44660830139287;-10.607686288421501
-392.6030954242819;-59.88881622272091
-371.28643294402104;-107.25175660523809
-337.1696790755907;-150.88359001772542
-289.74536848606346;-188.49489841221109
-228.38088721674265;-216.9043180439854
-152.552816160827;-231.26537787027226
-62.76829692561649;-223.5135159913466
35.67634517899797;-179.44347983016115
118.0531023449898;-78.56990636620876
122.98033923971535;65.64706972215419
45.09850893426778;172.5950912034467
-53.334786201124345;221.28999948495013
-144.28132878089667;231.8810271026909
-221.49775231651495;219.31744707559332
-284.2529565362875;192.09305337671407
-333.0233296849721;155.27471437935193
-368.44063922204145;112.16067975474323
-391.02392305269797;65.10387263646358
-401.114768732784;15.950225429427338
-398.86592285464695;-33.697833611299615
-384.2409772903764;-82.29202448196753
-357.0140486304299;-128.16435249525148
-316.7715961494737;-169.31836696913112
-262.9351814277073;-203.1162375896575
-194.87222661565488;-225.73100929596396
-112.33934149381038;-231.08254057596628
-17.24387919511989;-208.69246846882922
79.07667542545941;-140.55385452837345
133.53603666397441;-12.228998839820491
92.83450497049331;123.50101036548998
-0.751704203400868;201.32540739116976
-97.23678190525125;229.86026016966346
-182.0537852119697;228.28483390434934
-252.50941300950265;208.09696196255177
-308.67093601060003;175.90681551217028
-351.14690269106154;135.81634925379208
-380.5316862549351;90.61137614473814
-397.2648471989114;42.36793460087608
-401.6002848915288;-7.208089762465316
-393.60259488525526;-56.560962294231935
-373.1472023844256;-104.10914181244564
-339.92004620720144;-148.0618948495599
-293.4251448249296;-186.17304247203683
-233.03435915159355;-215.34117563808286
-158.20063274684946;-230.87092454121597
-69.29654897563745;-224.99356621228756
28.976607027074248;-184.03638696333826
114.0935395738953;-87.50308962416192
125.96578666044489;56.136283264323254
51.63785572495754;167.3315556696145
-46.70394566573585;219.39436592418866
-138.47554139223183;232.02005490197294
-216.68026576760795;220.71603741136542
-280.41413936007115;194.3056948635075
-330.12027965391;158.0240683827253
-366.43238454189293;115.25786156087091
-389.8803373611395;68.40783085599696
-400.8184851769376;19.344902907063396
-399.4125264895551;-30.318343295788402
-385.63898569923657;-79.03537357251845
-359.284953824447;-125.15233141875797
-319.9494297753335;-166.70350420658494
-267.06339567248443;-201.10865586952724
-199.99016533494643;-224.6478581785154
-118.42920924412823;-231.44705077925602
-24.016555445796733;-211.42923217381244
73.06119824364356;-147.13548208106627
132.65663772397534;-22.374687828840862
98.14804510798568;115.8570329357311
6.047224121869288;197.8334867114973
-90.94564277850273;229.03971537775544
-176.7041303494481;229.08184956324646
-248.1523684366936;209.91740894273977
-305.27354876394116;178.39735268703836
-348.6651526517063;138.74767287422557
-378.9291738313705;93.8205357111264
-396.51731525612496;45.72772256269176
-401.6964051739161;-3.8074250166491144
-394.54397404087615;-53.224707153408346
-374.9484026926696;-100.94984091451481
-342.60853589528756;-145.21315771489967
-297.0400708014089;-183.80991774597842
-237.62020587865428;-213.7153540664462
-163.7816002859812;-230.3785898097409
-75.77572913003374;-226.31340160220054
22.234824531478427;-188.36496671056508
109.77704691987304;-96.16335110760264
128.50513290672936;46.42639139991835
58.0879760961355;161.77817351065593
-40.034400260438446;217.3179105687672
-132.6042756945689;232.0497170600948
-211.79451579873475;222.0453019523441
-276.50951496045514;196.47288370073719
-327.154506128289;160.74350658073197
-364.3639302854669;118.33619172492193
-388.6782322415802;71.70158479318448
-400.4644721603657;22.736841006176135
-399.90130227641174;-26.93443239272499
-386.9781780127623;-75.76665230242999
-361.49516565269073;-122.11916707717438
-323.06387791138934;-164.05563169192283
-271.12512064160796;-199.0510358446417
-205.03972379054787;-223.48794778390678
-124.45637763938936;-231.6891125198198
-30.76603687134557;-213.9619688561808
66.89247410125527;-153.408652735133
131.27119000100242;-32.43501342302026
103.20087479812945;107.90571428967071
12.838793195208131;194.1044104087
-84.59807024706474;228.0768921263194
-171.2866808571668;229.79089338090228
-243.72816616169575;211.68097091554412
-301.81196698630396;180.85029342307482
-346.12204833578625;141.6544857735915
-377.26740166904506;97.01490908604383
-395.7117382311633;49.080680346325636
-401.73480199892185;-0.4063768147386411
-395.4270598655035;-49.88078575795261
-376.68984369486907;-97.77468817847131
-345.23492226714905;-142.33839048709314
-300.58984646132654;-181.4068445439098
-242.1379273088757;-212.0287646227377
-169.29460462859393;-229.79143333498368
-82.20246098999411;-227.47832114904935
15.463367015164506;-192.43651842854922
105.13273991285716;-104.53544958477174
130.576271816319;36.548573909260696
64.43104642660505;155.9293413832102
-33.33104732774963;215.05445238042398
-126.66901767104633;231.96639895050325
-206.8410952854287;223.30301488577078
-272.53940519875965;198.59308007296428
-324.1262246057675;163.43184079819278
-362.2354342338101;121.39466777223971
-387.41772304647156;74.9842298199888
-400.05280872149734;26.125177756567272
-400.3322967161443;-23.546961103337605
-388.2585712118271;-72.48676372243982
-363.6446719475355;-119.06586671925818
-326.1148896593971;-161.37595892711767
-275.1202134237737;-196.94499067897277
-210.02047076279493;-222.25369007462893
-130.4193618891456;-231.8127595445997
-37.486560221582984;-216.29754467547465
60.591634066171146;-159.3770960079088
129.39276562927668;-42.372565507918935
107.9649881336668;99.65420614060093
19.61337431323587;190.13066250414568
-78.19654710744128;226.9669178079054
-165.80216542818272;230.40916832873882
-239.2370798876865;213.38590399309737
-298.28634311246026;183.2644384160307
-343.51771629215676;144.53588657862954
-375.5465021519273;100.19376607223937
-394.8482690946556;52.42617238852902
-401.71565967179475;2.9944605127160924
-396.25207868381926;-46.529801053394536
-378.3718036484101;-94.5843604377798
-347.7995425309529;-139.43843432626605
-304.0748526904238;-178.96499252938972
-246.58786960908742;-210.28319373164598
-174.73960099447632;-229.11247036852117
-88.57482040427085;-228.49375500276142
8.672286665613832;-196.259258412349
100.18887597946194;-112.60914281115842
132.16084341523583;26.535406621716692
70.64888547583655;149.77925671397176
-26.598130743753895;212.5972248692112
-120.6704068765824;231.76632317552222
-201.8198495596668;224.48706689301216
-268.50351721760336;200.6650283606119
-321.03517504075137;166.08827048761168
-360.0467137050486;124.43274110854412
-386.09871515501067;78.25535437166188
-399.5834908076816;29.50956347933033
-400.70559793985893;-20.156277584164293
-389.4803479709384;-69.19611530667349
-365.73375118543913;-115.99297614804364
-329.10283022357453;-158.66529769180468
-279.0490845239576;-194.79180716302807
-214.93268891742156;-220.94726098414563
-136.31761899889958;-231.82191029524458
-44.17382619870345;-218.44297539515594
54.17742019930067;-165.04651549552685
127.03835153844194;-52.15382995141666
112.41250680355873;91.11144169355592
26.361401161923816;185.9041187990649
-71.7428704007967;225.70453202871283
-160.25059782006565;230.93379883652779
-234.6787635221478;215.03056095096525
-294.6963160570759;185.63877368246781
-340.8518675996962;147.3912022369444
-373.76627800391134;103.35661712901693
-393.926803480921;55.76380092642043
-401.6389648780848;6.394714807192902
-397.01910707212704;-43.17215658628991
-379.9944488292202;-91.3793554728041
-350.3026489787225;-136.51397224775826
-307.4954090965014;-176.48537721524576
-250.97033158719412;-208.48027832584697
-180.11653213058523;-228.344536196127
-94.89103917370655;-229.36486720664027
1.8707544363930861;-199.8413092743878
94.97324628454867;-120.37719209642796
133.2443315285599;16.42210388756922
76.72181883868892;143.3230525584755
-19.84038066598059;209.93921421809205
-114.60917546517607;231.4455346071187
-196.73061230158186;225.59525199336363
-264.4015339771275;202.68741181194264
-317.88107540469747;168.71194945065014
-357.7975684338189;127.44982422566899
-384.7211005249584;81.51451020206721
-399.05650418619797;32.889614129436445
-401.0212867495812;-16.762760372491567
-390.64368688078855;-65.89513803235998
-367.7626827457066;-112.90105233231769
-332.0280775637907;-155.92443934091244
-282.9121747003769;-192.59271801602225
-219.776724493548;-219.57073644117105
-142.15076823668517;-231.72029952720297
-50.824047586997416;-220.40500668358604
47.66705339942512;-170.42338485649927
124.22835831053524;-61.748201797616076
116.51523070062963;82.28957167497703
33.072288968449655;181.4166533459888
-65.23906894802352;224.2842672175206
-154.6320159385299;231.36182229738
-230.05284855489188;216.61328524259514
-291.04150162148795;187.97232555878844
-338.1242032921639;150.21983338000442
-371.92654089652603;106.50307398915007
-392.9472700619392;59.093289444431775
-401.5047658330672;9.794152482145739
-397.72831622013564;-39.808104281059045
-381.55807804772974;-88.1600123576347
-352.74467059388195;-133.56552528553922
-310.85206179511346;-173.96885884524087
-255.28590699197704;-206.62149902904574
-185.42574140446226;-227.49030250337984
-101.14998261527994;-230.09664409025604
-4.933413742590798;-203.19088347294482
89.51240256647972;-127.83554953231473
133.81654204619986;6.245306267186935
82.6289883033786;136.55661984364255
-13.062667636028825;207.07300362019
-108.4858167466126;230.9998844288587
-191.57294740005693;226.62535128534725
-260.23289550222523;204.65901084548193
-314.66344441037984;171.3021962262613
-355.48764720763006;130.44553712024415
-383.2846690402032;84.7614859227002
-398.47178155476;36.26519929636997
-401.2794395627964;-13.366526819412615
-391.74881031428134;-62.58400318392383
-369.73183737080325;-109.7904017899597
-334.89114491917877;-153.1539532040063
-286.7101063425393;-190.34876057437432
-224.55316839901658;-218.12601287236785
-147.91879530114065;-231.5114791322346
-57.434205996344915;-222.19022576981453
41.07592335078121;-175.5150796315982
120.98581577292653;-71.12898432842141
120.24538801648121;73.20352826077149
39.73481141718106;176.6598301840473
-58.686993708326206;222.70025221998893
-148.94613136132622;231.69008502733777
-225.35865695761407;218.13234384685936
-287.3212418969557;190.26409240785802
-335.334182260024;153.0211675950934
-370.02688216713494;109.63273067905314
-391.9093870361189;62.414331044671364
-401.31289815686523;13.192492048128818
-398.3796504646678;-36.43796112861901
-383.06273675440286;-84.926747410693
-355.12574378826974;-130.593696413626
-314.1450146820548;-171.41636369502484
-259.53478910439435;-204.70835839466343
-190.66713278708212;-226.55235111993457
-107.3501529662118;-230.69377382350427
-11.732645064923924;-206.31576491017887
83.8321809766311;-134.98200936476388
133.87187507421558;-3.9563198220513778
88.3475985362061;129.47770362114417
-6.270925046735581;203.99109419570058
-102.30136627315014;230.42499785384058
-186.34677332233733;227.5748749619695
-255.9972977806669;206.57827334514934
-311.3819726057916;173.85793220901456
-353.11668296386125;133.41904362016564
-381.78919919285704;87.99556266988397
-397.8291385970757;39.63564311177327
-401.47989919940363;-9.968262340303514
-392.79557882229403;-59.263452575435494
-371.6410833495771;-106.66188027924993
-337.6918935804884;-150.3548908409148
-290.44269131011623;-188.06134104340933
-229.26163817734545;-216.6151706964629
-153.6205974776077;-231.19886820080927
-64.00030938680293;-223.8045875008007
34.41942212320981;-180.32834664937337
117.33657375500484;-80.27104843169383
123.57510716627954;63.87378800650974
46.335111923092036;171.62639849112156
-52.0902039430425;220.94674178641424
-143.1939248811928;231.91528107076556
-220.5965098800859;219.58569491344318
-283.53567485609966;192.5126642600451
-332.48188604940486;155.79412503647902
-368.0673625114986;112.74468591798929
-390.8132048681036;65.72611818723634
-401.0634061402891;16.588965163421076
-398.973150958;-33.06250074140145
-384.50846579353976;-81.68038850173137
-357.4459094127756;-127.59943584184616
-317.3742953973946;-168.82908288635147
-263.7169281386422;-202.74251752768248
-195.8403275470933;-225.53328107134396
-113.4898410159446;-231.1607399638509
-18.519653568863948;-209.2233642562659
77.95755407511759;-141.8159694667436
133.4096754923205;-14.142780139339632
93.85293899129279;122.08639726617004
0.5276883755120763;200.686089715816
-96.05752364656368;229.7164372922723
-181.0524793644645;228.44127810973833
-251.69480667337638;208.44360996194212
-308.036655752084;176.378064956905
-350.68467163628793;136.36952283250685
-380.23470824182976;91.21607046453789
-397.12862162834534;43.00035293884119
-401.6227457834468;-6.568536622486413
-393.78411092924404;-55.93408467639438
-373.4905813678429;-103.5161787264578
-340.43052365638766;-147.52813311339767
-294.11014106547657;-185.73170065003535
-233.90223706245897;-215.04014182914912
-159.25569528742184;-230.78576773293426
-70.51932862336446;-225.2540113041606
27.711070243112616;-184.87076825983547
113.30782788008194;-89.15381677886276
126.47832062412651;54.32373862061165
52.85869124342556;166.30902599125906
-45.45200632426354;219.01764223324182
-137.3759500458628;232.0340085306556
-215.76633029405798;220.97136329055581
-279.684604841418;194.71679022749586
-329.5671319223143;158.53783734405104
-366.04784499959106;115.83827847824053
-389.65863866482886;69.02809649413338
-400.7562565247084;19.98305854931632
-399.50883490984614;-29.682249200554548
-385.8953318333008;-78.4215311413416
-359.7052798012972;-124.58348675856243
-320.5400471152714;-166.20802637498915
-267.8324362291406;-200.72548071574383
-200.94517586824784;-224.43554335004526
-119.56771929207065;-231.50187047353978
-25.288074287099295;-211.92106068333823
71.91188881438906;-148.3389851697663
132.43433933125652;-24.274801435656286
99.11925102176073;114.3846104641346
7.32556812769021;197.150330316596
-89.75591472187935;228.86955623914037
-175.69028942646818;229.2219399099265
-247.3253261970254;210.25342608896793
-304.6273510160931;178.86153061126618
-348.19149672203315;139.29619712049538
-378.6211242569544;94.42238741245014
-396.3702072126684;46.358783475366025
-401.7080054244725;-3.167875548161541
-394.7144834928168;-52.59645871956978
-375.2804598635005;-100.3539529996078
-343.10720977345244;-144.67453052288297
-297.71264910946803;-183.36104735618315
-238.47506845548017;-213.40279966804277
-164.82366738312007;-230.27536630186177
-76.98854310211752;-226.54421412034787
20.963169720541995;-189.150179075666
108.9276849344841;-97.76041951081397
128.93103884966797;44.58034766567757
59.28971084133997;160.7008068890926
-38.776085934023314;216.90663212588547
-131.4928500964032;232.04273778466944
-210.86806787884143;222.28732606970243
-275.76785360449713;196.8752172104827
-326.58976050646686;161.25146494098144
-363.9682295106929;118.91289863313736
-388.4456587808627;72.31978311781765
-400.39149477669105;23.374346798478246
-399.98682717767633;-26.297630043773047
-387.22354433742004;-75.15065560762073
-361.90415401828074;-121.54645982786062
-323.6426506339379;-163.5540710417996
-271.88172964952696;-198.6586160958705
-205.98192454492548;-223.26145522681006
-125.58303848238576;-231.72135585252605
-32.03264831003097;-214.41622135514538
65.71664699767292;-154.55458857297265
130.95499325509624;-34.31494510409866
104.11998048939134;106.37609914845135
14.11478151156918;193.37577095761776
-83.39791997270413;227.87944420620875
-170.26009972830394;229.91417860489145
-242.88847030427584;212.00618064162256
-301.15368062618415;181.3073839193995
-345.6368614337715;142.198445049921
-376.9482472818913;97.61406922688506
-395.5537934371874;49.71057727389362
-401.735672838011;0.23338594727946133
-395.58678720646685;-49.25094592721347
-377.0109053637555;-97.17567795902822
-345.72223050930137;-141.79475686617656
-301.25056207043787;-180.9504165748346
-242.9804445681079;-211.70485522880892
-170.32439877560589;-229.6706741049379
-83.40578768910451;-227.68071469849136
14.1866457420461;-193.17466536108685
104.2244331096145;-106.07782449762361
130.91210536582517;34.67359550200905
65.6112229252961;154.7951887329169
-32.06622411045589;214.60704862361425
-125.54508167997012;231.93775939169672
-205.9014507544994;223.53148902720807
-271.78503282909963;198.98666892791826
-323.54942128832465;163.93415768257864
-361.82823719697694;121.96792242978098
-387.17406007812525;75.6006669438061
-399.9689836676274;26.762359432672465
-400.40705171576207;-22.90912977370882
-388.4930820751285;-71.86832100834884
-364.0425564905509;-118.48906470559585
-326.68215854944856;-160.8681840812907
-275.86483308796124;-196.5433506141505
-210.95037429085238;-222.01330446987052
-131.5346187470484;-231.82317937960718
-38.74806273122601;-216.71577563132507
59.392293074182305;-160.4670360491577
128.98533641455322;-44.22679666227951
108.82724419387885;98.06797251924705
20.885964761394465;189.3545760193571
-76.98564282699058;226.7410617586064
-164.7622808702562;230.51513933392084
-238.3841993113729;213.70012384236625
-297.6155272974187;183.71443401246034
-343.02065534902454;145.07537004187932
-375.2159935400479;100.79037366646412
-394.6793250760986;53.05506657024634
-401.705719651051;3.6345983497812293
-396.40101898251356;-45.898224620319134
-378.6819383293092;-93.98211658933644
-348.2756244335595;-138.8897391365272
-304.723912199727;-178.50104086942602
-247.41829621591802;-209.94812190120942
-175.75735893466452;-228.97465357808466
-89.76860956091743;-228.6687330877099
7.39197077309807;-196.95200825790513
99.22660803109031;-114.0955681269195
132.40353910027224;24.63741151614758
71.80419752556755;148.58695127785143
-25.327312530741956;212.11221970107476
-119.53377864783045;231.715237770269
-200.86670670981223;224.70159393451982
-267.73615439359963;201.04967499571276
-320.4460842856536;166.58485393144989
-359.6278427147678;125.00250815630467
-385.84383374526374;78.87002177887344
-399.48873346648713;30.14642174522048
-400.76953897946424;-19.517421116082726
-389.7039970529594;-68.57524725961422
-366.12056121723106;-115.41213149990614
-329.65865867666895;-158.15140893821462
-279.7818029142584;-194.3811373357064
-215.85037700617332;-220.69333948472803
-137.42142279975658;-231.81118698639227
-45.4295088289587;-218.8264372036149
52.95786263616861;-166.08158128344746
126.54316162892822;-53.97638157194387
113.2125709416928;89.47049408295007
27.628727239463345;185.0789572551549
-70.52151399024635;225.44920152936444
-159.1973575566829;231.02187185740803
-233.8125800274516;215.33345545585715
-294.01285323296077;186.08146691576027
-340.34283099560986;147.92606942634737
-373.42433087536153;103.95056729871932
-393.74679155267694;56.39160319495405
-401.618158224236;7.035142122527392
-397.1572146987234;-42.538936886866196
-380.2936182096986;-90.77399154078574
-350.76746940709467;-135.96036516180166
-308.132773155541;-176.0141128612876
-251.78860698993955;-208.13435808051756
-181.12211242053561;-228.19016987393638
-96.07483365699846;-229.51332060722507
0.5885937378492678;-200.49005185501014
93.96218485293944;-121.80640207196676
133.39147684006548;14.508126483740774
77.84825178987201;142.07182607052843
-18.564629056783556;209.41524650134085
-113.46010543912028;231.37120099470252
-195.76403195816664;225.79535339615902
-263.62119071958494;203.0627991772366
-317.2796934263546;169.20256552375693
-357.3670158034427;128.01591403090376
-384.4549912533011;82.1272432066165
-398.95080384956174;33.52599625439668
-401.0744018214765;-16.123028319134477
-390.8564607928734;-65.27199990205987
-368.13840316286235;-112.31633621304445
-332.57244579491635;-155.40464501930987
-283.63296027984023;-192.1732935467256
-220.68212442514215;-219.30368680957307
-143.2428961837073;-231.68910577393692
-52.07308720874806;-220.7548683815126
46.430463461001885;-171.40470727344206
123.64953155945229;-63.53346808575947
117.24764435666665;80.59663942305586
34.33212639750195;180.54088328173816
-64.00775757876659;223.99836141696616
-153.56550582759687;231.431349542199
-229.17334857939485;216.90442759840585
-290.34535092963546;188.40738957242374
-337.6031371418206;150.7497998347124
-371.5730875504303;107.09409585131758
-392.75610340406985;59.719727970313045
-401.4729803281116;10.434588355619859
-397.8554469591513;-39.17353535070628
-381.84609900038794;-87.55183638581916
-353.197999706027;-133.00733618912446
-311.47744308620673;-173.49064289892118
-256.0916641359998;-206.26515156986898
-186.41863745658813;-227.31993214396056
-102.32292208501534;-230.21938308145428
-6.215325995513788;-203.7967686496913
88.45795344142269;-129.20625671760462
133.86659037752918;4.323414423744118
83.72183716448788;135.2464515152491
-11.783619441165222;206.50887712347009
-107.3249919245639;230.90148922647677
-190.5933279157961;226.81042611788766
-259.4398428281391;205.0246143093281
-314.0499529074214;171.78633547338472
-355.04551174601954;131.00742980533107
-383.00734500023646;85.37174473605582
-398.3550593799177;36.90054457883767
-401.3215500537749;-12.726497769993937
-391.95042158697163;-61.95918559308734
-370.09606109741486;-109.20241050378114
-335.4235138359908;-152.62884551406464
-287.41826842060516;-189.9211689576006
-225.44539752078347;-217.846432475041
-148.9980645477559;-231.46047409041333
-58.67471330614641;-222.50730287553424
39.82640047253138;-176.44301741346197
120.32857207276156;-72.87036464635922
120.90416416140381;71.46368082424621
40.98352111489257;175.73283731037856
-57.447471989879624;222.38296249501389
-147.86747936331585;231.74040356756018
-224.46668363529818;218.41111801131453
-286.6130565133988;190.6909113746646
-334.801583125279;153.54560604430085
-369.66227858355734;110.22018743110554
-391.70729106947437;63.03876576344984
-401.2702356317507;13.832300526582516
-398.4957876037876;-35.80266781870035
-383.3394774551223;-84.31636805271175
-355.5673364910839;-130.03151013496773
-314.75805192633294;-170.93176270340152
-260.3275361905022;-204.34215199017518
-191.646670742383;-226.36660014109046
-108.51119044018904;-230.7915942525349
-13.012091389354447;-206.87983396733867
82.73982493034688;-136.29309331989234
133.82431539202153;-5.877360569157342
89.40160560865705;128.10935245228043
-4.990719155688875;203.38583238793836
-101.12986153733831;230.3018322411837
-185.35483502792377;227.74440432646045
-255.1920835223275;206.93366434999257
-310.7568053869169;174.33521460815874
-352.6633115866661;133.97639281995308
-381.5009379197879;88.60302930891133
-397.70161657945687;40.26965957651966
-401.5111837120978;-9.328205297574385
-392.98617371136737;-58.6372070937645
-371.993934401026;-106.07085686925736
-338.21237250690405;-149.82472405075154
-291.13832471544;-187.62588671450408
-230.14076154626144;-216.32347794674868
-154.68695371101808;-231.12872334180958
-65.23172774484803;-224.09005316572612
33.159579487959256;-181.20436517393208
116.60596338773715;-81.96444781442564
124.15525359202947;62.09116548832883
47.57006272525778;170.6468125392329
-50.84307714969457;220.5969762257521
-142.1032428664308;231.94580950915582
-219.69206601648858;219.85180192849728
-282.81544445208425;192.93109626182132
-331.93776000968273;156.3129892682413
-367.69164406658496;113.32859428233222
-390.60025262071173;66.34860816703251
-401.0099847358965;17.228232014486792
-399.0784654012605;-32.42638616627646
-384.77415792985863;-81.06771653046972
-357.87606586047514;-127.03319779621486
-317.9753631468304;-168.33811500846377
-264.49711133806835;-202.36660760155326
-196.80699000006288;-225.33256244006705
-114.63931578015782;-231.2345499730711
-19.796046616436307;-209.7473371994127
76.83126080344158;-143.06829437664743
133.26497834724705;-16.056507388613024
94.86390423362243;120.65938158350004
1.808323430193157;200.0379712770259
-94.87504394867925;229.56758747677722
-180.0477666527917;228.59486524672334
-250.8770108212076;208.7886699263881
-307.39947414569815;176.84852699698467
-350.2198145705702;136.92245440887874
-379.9353481055;91.82092162621781
-396.99022409664747;43.63324150292025
-401.64321303022547;-5.9282468235334616
-393.96378212743315;-55.306221954618856
-373.8322369209032;-102.92197229658291
-340.93937479666795;-146.9928251275238
-294.793592519307;-185.2884102854194
-234.76866657455827;-214.73655718239826
-160.3095321236523;-230.69705561719832
-71.74167335771557;-225.50908194775565
26.442762847872416;-185.69671461986974
112.50880692876943;-90.79650838692523
126.97542143111721;52.5023899787762
54.07756189913526;165.27509308482857
-44.19737502522296;218.63408132958662
-136.27285570704203;232.04410383719497
-214.84898743834623;221.22453020016573
-278.9519527959832;195.12675768693168
-329.0111744628204;159.0511550674181
-365.6607791781876;116.41872100596981
-389.43466436398205;69.64874886802858
-400.69197130689395;20.621893962401334
-399.603277075181;-29.04521657818331
-386.14997625738226;-77.8064990236425
-360.1240466793429;-124.01317615624214
-321.1292303553473;-165.7107490974496
-268.6001654969933;-200.34004599892975
-201.899051626601;-224.22024698605537
-120.70553172942789;-231.55244919952747
-26.560431734888102;-212.40635326302598
70.75576570086928;-149.5331620365561
132.19386365634946;-26.174143892532474
100.08231678266843;112.89937346418034
8.605285683191417;196.45781322575786
-88.5626266144242;228.69410076345216
-174.67271143059418;229.3590873400126
-246.494816075244;210.58787259925103
-303.9780287165612;179.32499953553432
-347.71504593945104;139.84459404257723
-378.3105752279949;95.02453206555036
-396.22085893364476;46.99046182971334
-401.71759110552927;-2.5274390675589515
-394.88317364045173;-51.96707907504694
-375.6108652351698;-99.75668916430895
-343.6043756536488;-144.13424715149117
-298.38384760181975;-182.910155282562
-239.32869476087026;-213.0876754499865
-165.86475564896782;-230.16866225307604
-78.20114863048943;-226.76989227131364
19.688782201543134;-189.927419666142
108.06571933221993;-99.34939714021739
129.34079890946705;42.72599354606482
60.48920894793818;159.61142609853678
-37.514850077311166;216.48810202902789
-130.37761816086405;232.03170127034122
-209.93793588854777;222.5271045366011
-275.0228353795191;197.27639013290826
-326.0220019268756;161.75896126453463
-363.5698275208831;119.48962560268482
-388.21065469252426;72.93835747601435
-400.3163173726432;24.012511416528266
-400.0703458656017;-25.6599240555773
-387.4670645419226;-74.53351932931139
-362.3114256318161;-120.97235578748317
-324.2198097624979;-163.0507961059245
-272.63681761222495;-198.2640323855172
-206.92274001227386;-223.03208138959624
-126.70868210780506;-231.7494685218888
-33.29963347781347;-214.8640582038755
64.5349338474945;-155.69107610546416
130.62105829528414;-36.192461794352866
105.02974448532363;104.83410179094457
15.391591192767885;192.63754435674625
-82.19448101877992;227.67649010956035
-169.22995872461306;230.0343261479503
-242.04543325151545;212.3296137204725
-300.4923554545073;181.76353586847395
-345.1489224816484;142.74202192843669
-376.62658899099875;98.213242594912
-395.39355112282954;50.34079197238666
-401.73441298335126;0.8737213381364436
-395.7445138659713;-48.62029603069488
-377.33006181722436;-96.57560925499853
-346.2076974942947;-141.24976885614694
-301.90947721624286;-180.4922353187423
-243.82120387789791;-211.378597330099
-171.3525751784806;-229.5465818875201
-84.60810753095335;-227.87800957857166
12.908298218648424;-193.90464093618547
103.30498076800336;-107.610797487546
131.2308480334143;32.7925184982456
66.78779726252984;153.64938724019788
-30.799363781391246;214.15234045529488
-124.41800595691339;231.9048824387404
-204.9586503377828;223.7574449808249
-271.0277221598655;199.37874903513242
-322.9699178384686;164.43560598970384
-361.418547481728;122.54074759995783
-386.9280710227583;76.21700013047267
-399.88295791111216;27.39970261595136
-400.47969224764677;-22.270896625182914
-388.72552751263976;-71.24923109454785
-364.43838944422873;-117.91133196250162
-327.2473589542941;-160.35911017880255
-276.6073484047581;-196.1398897870299
-211.87816696840292;-221.77028339774915
-132.64796762230952;-231.82957235327743
-40.00879934050097;-217.12746833781105
58.18863282543257;-161.54681630683567
128.5610048394435;-46.07595449530098
109.67841390669398;96.47087766883729
22.158022099734417;188.56917076419967
-75.77246126675705;226.50965764984363
-163.71965095925245;230.6177682383671
-237.52863346334703;214.01225167176537
-296.9421846650051;184.16309913512802
-342.5212207594703;145.6140269728008
-374.88323276411853;101.38651794735999
-394.50821354897715;53.6837844848664
-401.69365996200844;4.274811406764252
-396.5478513817733;-45.26632705743345
-378.9899411945617;-93.37928148942616
-348.74951556005954;-138.34012181618817
-305.37069210338313;-178.03571751018995
-248.24634883150856;-209.61100493479947
-176.77273105629388;-228.83369595810566
-90.96043735145803;-228.83864425765302
6.111284457891186;-197.6363278518306
98.2548336922464;-115.5712158244695
132.6283976032979;22.735958448009466
72.95433114548156;147.38365472294208
-24.055557966818153;211.61998867717776
-118.3948681486867;231.65980339360453
-199.9111034120732;224.91337874742666
-266.9664095495163;201.4325133885939
-319.8547265369303;167.08022037049622
-359.2068003417667;125.57146771422889
-385.58684424175823;79.48419424175333
-399.3918970288379;30.783048921737166
-400.83139602877395;-18.87854656210726
-389.9255238167389;-67.95409791245307
-366.50517776630255;-114.83069414050054
-330.2121918779335;-157.6365245010983
-280.5121043692786;-193.9689046524004
-216.76554768978286;-220.4369878010449
-138.5228005875812;-231.79657628926478
-46.68373411245234;-219.2034152479889
51.735114916751655;-167.10623441857228
126.03198922482798;-55.791967424480106
114.00014949810647;87.81984707601549
28.89456887247141;184.24453811831853
-69.29849086828462;225.18823116048208
-158.14183238161465;231.10645843259653
-232.9440735451519;215.6340722372333
-293.32714941606685;186.52261209849038
-339.83163901665387;148.45987064789068
-373.0802879325679;104.54380140306398
-393.5647104543988;57.01897046809883
-401.59527531519774;7.6753862722245065
-397.293205334424;-41.90564745300349
-380.59059601459614;-90.16827255836951
-351.22998994250815;-135.40605428446077
-308.76770015957317;-175.54166958761792
-252.604299569719;-207.78656050879667
-182.12503638143963;-228.03280860710942
-97.25629401680938;-229.65683915697466
-0.6932960859967985;-201.13045456431877
92.9428362700261;-123.22426989540453
133.52037840819608;12.592577766883148
78.96839762492222;140.80984266279825
-17.28850491649942;208.8839488176658
-112.30910981186663;231.2924056995624
-194.7952515128703;225.9925942606924
-262.838665661311;203.43625108125602
-316.67619694527195;169.69182929104724
-356.9344029583621;128.58105508107468
-384.18684724552736;82.73933679562245
-398.8430622569031;34.16200210485241
-401.1254366578859;-15.483421917285927
-391.06708273739963;-64.64872069556274
-368.5118668603718;-111.73116296607509
-333.11442117534614;-154.8839837191332
-284.3511936140918;-191.75242954989633
-221.58482776421585;-219.034324015822
-144.33235343562285;-231.65414573602683
-53.320277949122136;-221.09838610222417
45.191504109926505;-172.37563947274373
123.05568236651531;-65.31040290523586
117.96639820522144;78.89497875507071
35.58974863272738;179.65577936680455
-62.77516345709466;223.70670264162965
-152.49696857297096;231.4973081549763
-228.29172498442648;217.19323378526488
-289.6471244405589;188.84086848817432
-337.08006002093236;151.2786851765787
-371.2176723543627;107.68440907628033
-392.56300055365654;60.34576114204543
-401.43925953584096;11.07489098745067
-397.9806184838042;-38.538830416852804
-382.1321118800964;-86.94323065292569
-353.6492479246257;-132.4483622566644
-312.10064931931083;-173.01118166871817
-256.8951497372295;-205.90689800134533
-187.4092348346414;-227.14661764149403
-103.49389102608932;-230.3373935622249
-7.497143829955675;-204.39477814565834
87.39578463079667;-130.5659807539349
133.89823670251909;2.400764399374583
84.80789363466283;133.92508786732628
-10.504039867837244;205.93701792712872
-106.16193473696038;230.79850209636407
-189.61121629212437;226.9926940087929
-258.64437018922774;205.38846112948963
-313.4341778772319;172.26939286700883
-354.60122553837704;131.56871478954181
-382.7279826086236;85.98175917823603
-398.23638790858394;37.53594818518929
-401.3617773593398;-12.086135371552366
-392.15019358505145;-61.33376106883866
-370.45846818714847;-108.61351074663209
-335.95406980191166;-152.10246348455445
-288.1246083445825;-189.49182016167128
-226.33582083021622;-217.56437018315142
-150.07570183210967;-231.4057905121595
-59.91446045729753;-222.8185642785099
38.57381314134546;-177.3617212524922
119.65660811198421;-74.60423866489131
121.54894178699764;69.7141896666119
42.230722502422495;174.79537683396296
-56.20559300426218;222.05942561261648
-146.7857909331276;231.78710568002379
-223.57173535396257;218.68778099284947
-285.90211371030415;191.11654339643727
-334.26645916990185;154.06947448625368
-369.29536265695344;110.80751987800068
-391.5030682161185;63.66342288534751
-401.2256050978863;14.47262283926498
-398.6100908705557;-35.16659510654593
-383.61449544086923;-83.70494334769508
-356.0072965587003;-129.4679829366285
-315.3695294263567;-170.44545543623306
-261.11879933243415;-203.973719653158
-192.62486926830067;-226.17780361082458
-109.67134833493905;-230.88494020781852
-14.292476057744533;-207.43685952766072
81.63951845625444;-137.59452072501165
133.75831240562667;-7.799712886079246
90.44902803410089;126.72839355751775
-3.708908994642974;202.77193005826138
-99.95496466246514;230.1737582519902
-184.35938225154896;227.9111600531098
-254.38360113241112;207.28753176479995
-310.1286762449472;174.81176315330123
-352.20726728681717;134.5335455660291
-381.210258171824;89.21069225112753
-397.5718945363895;40.90418009853721
-401.5404529175492;-8.687382320728224
-393.17490690683917;-58.00995052547852
-372.3450486799936;-105.47856585379078
-338.73121481689753;-149.29298461567507
-291.83240799292065;-187.18844567412157
-231.01843808723356;-216.02917831830882
-155.75210354904493;-231.05493271308094
-66.46279718408233;-224.36998727962282
31.8966198205346;-182.07173739705175
115.8612839933346;-83.65028933126163
124.7207038011844;60.2989819837166
48.80353210648216;169.65604685096824
-49.59313667255853;220.2405657037279
-141.0090290399802;231.97257648363768
-218.78420417491614;220.1157873957619
-282.0920782444242;193.34839745876943
-331.39079016281767;156.83136712889927
-367.31334277068964;113.91246616828067
-390.3849393719232;66.97139843222514
-400.95438541343015;17.86807164760415
-399.1817481590618;-31.78945696737525
-385.03792943593163;-80.45399013809703
-358.3043787395937;-126.46563769774662
-318.5746347258443;-167.84548125650258
-265.2755341261247;-201.98852822614617
-197.77197573201704;-225.1288628077137
-115.78747617788282;-231.30394916473256
-21.072728003886215;-210.26430046023614
75.69817317883387;-144.31056234247737
133.1019858784484;-17.96953610043589
95.8670152704369;119.22023040054066
3.0899112639724766;199.38109484204205
-93.6895690893815;229.41367612264986
-179.0398300144779;228.7455070452782
-250.05616626191122;209.1320098773497
-306.75948703469635;177.31803348115375
-349.7523820715714;137.47494436761923
-379.633607343773;92.42570422204751
-396.84960249065404;44.26635460038534
-401.6615755682511;-5.287479950113276
-394.1414322665685;-54.67764004835716
-374.1719205211983;-102.32678515898438
-341.4462702606679;-146.45621882151758
-295.47507976265433;-184.84338632788965
-235.63312879302345;-214.43057584908476
-161.36151675325505;-230.60483888973945
-72.96285015627349;-225.75865463719487
25.1724870911621;-186.5137952037357
111.69709470593278;-92.43013328035317
127.45663769956911;50.6734133512259
55.29369226155157;164.2302444927336
-42.94075597477309;218.2438125911773
-135.16686135934484;232.05026380860554
-213.9287319411671;221.47532108669083
-278.2165651403246;195.53527798911918
-328.4526764262355;159.56362438213137
-365.2713411568523;116.99873332737201
-389.20844976614353;70.26928857172797
-400.62554041956423;21.260881009073476
-399.6956319145397;-28.407787979934344
-386.40255623353266;-77.19081753332165
-360.54073684926686;-123.44192329436171
-321.71629347018234;-165.21214489784512
-269.365714797638;-199.95272699626108
-202.85072639360797;-224.00218450634821
-121.8413779348217;-231.59874227162305
-27.832209201219936;-212.8846231784452
69.59419755019164;-150.71674962375857
131.93551104235388;-28.070449493708413
101.03602351573132;111.40290566791734
9.884968145980544;195.75659351594987
-87.36703723621915;228.5134870085678
-173.65244879819838;229.49311489019254
-245.66168831529626;210.92036765545566
-303.32624351708563;179.78724143876588
-347.23628063178546;140.3922525193225
-377.99783119261355;95.62629779985296
-396.0694020190375;47.622050023560426
-401.72512150786406;-1.8868360285665142
-395.04982964212564;-51.33727892099863
-375.93922594792417;-99.15872436882091
-344.09945612508295;-143.59291818674873
-299.0528964858964;-182.45774913579973
-240.18010975403584;-212.77034032447995
-166.90367921575933;-230.05860464892535
-79.41215351425005;-226.9901956172716
18.413191110590017;-190.69582428372752
107.19230754072375;-100.9283487937348
129.73377087557517;40.86567080894006
61.68495816975859;158.5112276349463
-36.25216852199048;216.06275095879568
-129.2598569131211;232.01660327334986
-209.00517794522716;222.76436828018186
-274.27530942340945;197.67596334114452
-325.45187767440297;162.26544686793443
-363.16918063552066;120.06575443296228
-387.9734939233107;73.55664909367641
-400.23903708659753;24.650658576351233
-400.1517811837167;-25.02198712158977
-387.70848662536287;-73.91589206614628
-362.7165501033561;-120.39745619968286
-324.794740929312;-162.54632812168126
-273.3895777922724;-197.8676847253309
-207.8611555585783;-222.8000569633341
-127.83208364161725;-231.77341107913145
-34.56556562597658;-215.3049935275197
63.348765493091456;-156.81684040315417
130.26983013045592;-38.06518828701397
105.92892334738572;103.28152773863971
16.6677237613303;191.8905221310751
-80.98909800879272;227.46825573420108
-168.1973862694674;230.15123499908904
-241.1999684961765;212.6509700117108
-299.82870720742415;182.21832448222986
-344.65876442981687;143.28471339196847
-376.302788836214;98.81188044402639
-395.23121141692326;50.970752811153154
-401.7310663714658;1.5140547672206783
-395.900130265366;-47.98939657441824
-377.6470498449068;-95.97500971500587
-346.69090337917066;-140.70390011878953
-302.56600818017847;-180.03269661745074
-244.65945085786572;-211.05026661486963
-172.3781994643529;-229.4192538255509
-85.8083037674774;-228.07001997870609
11.629580966287845;-194.62577388937063
102.3754306256886;-109.13281629809076
131.53206879743007;30.9074042102904
67.95950382563689;152.49302098517222
-29.531689457488024;213.69075555235963
-123.28883918778584;231.86784046629256
-204.0135593442522;223.98075223464656
-270.2681596760605;199.7690716146983
-322.38824115532134;164.93586679948305
-361.0067490526505;123.11278415053474
-386.6800087580732;76.83285212310126
-399.79486213715387;28.036826099352457
-400.5502326004364;-21.63263455341788
-388.95580821441;-70.62984821585957
-364.8319574633354;-117.33299452196843
-327.81015896849806;-159.84902595428983
-277.34730318144346;-195.7348372663833
-212.8032601652033;-221.52476219195316
-133.75868355626415;-231.83192611781294
-41.267924432246836;-217.53237073706111
56.98156907883178;-162.61573859104348
128.1201960024442;-47.918577859584325
110.51775358447452;94.86407275044176
23.428663528059168;187.77492792767697
-74.55777068030679;226.27284827530036
-162.67490079306276;230.7170041271169
-236.6708778763504;214.32211254482385
-296.26669599751006;184.61017546397372
-342.01968484522723;146.15154106926124
-374.5483871919492;101.98184257433738
-394.3349980232547;54.31194302814863
-401.6794392662375;4.914701852752745
-396.69242671159424;-44.63450777000749
-379.2955503304075;-92.77624167998209
-349.22083472226694;-137.78993747751582
-306.01468391142276;-177.56932129224035
-249.07137941186548;-209.27205632909215
-177.78491763706154;-228.68967564130884
-92.14934210183094;-229.00334404331124
4.831336190739487;-198.311679355308
97.27455537493363;-117.03480253691139
132.83516951512658;20.832921265822275
74.09818852116996;146.17038787264792
-22.783940877372995;211.12093544053369
-117.25459433493404;231.60009063768203
-198.95379142143022;225.1222903238018
-266.19487380472987;201.81328797087863
-319.2615441128974;167.5740325295451
-358.7838901393994;126.1392283715385
-385.3279169495556;80.09744479519746
-399.2930207979128;31.418998084383745
-400.89107662332225;-18.240107647917096
-390.1447001749074;-67.33311443051136
-366.887229676979;-114.24909241994435
-330.76290378360784;-157.1210374891838
-281.239293792697;-193.55543495825532
-217.6773252321607;-220.17840756207113
-139.62068381426477;-231.77808010832703
-47.93524789814167;-219.5735737154812
50.510489931779716;-168.11952604667286
125.50551656795486;-57.59862617054427
114.7743162942127;86.16123283846622
30.157620287927664;183.40164410052574
-68.07500020175037;224.92186734088074
-157.0850336221609;231.18748801365592
-232.07406904992592;215.9321441846871
-292.6398505162031;186.96181526939642
-339.31876769344126;148.99212811792202
-372.7344630295157;105.13578746037606
-393.3807168539885;57.64533858025597
-401.57031761904557;8.314869078105259
-397.42692421478415;-41.27286366406342
-380.88506733246584;-89.56275549555512
-351.6897294188654;-134.85154711024197
-309.3995309433484;-175.0684841289409
-253.41655862846997;-207.43720863434385
-183.12424885428908;-227.87259464192255
-98.43415623534771;-229.79527191672366
-1.9734857832526425;-201.7618693821525
91.91650816132648;-124.62924561721348
133.63090385315462;10.67780956583981
80.08093023588532;139.53848356546052
-16.013393461862325;208.3458749037563
-111.15740541353544;231.2092343933188
-193.8252875380082;226.18677344142404
-262.0547712547534;203.8073813991956
-316.07120280149445;170.17922979143717
-356.50015894477593;129.1446521950101
-383.9169150790849;83.35013910044296
-398.73334526740956;34.796947043959335
-401.1742748888318;-14.844637671082372
-391.27524924043666;-64.02598762814566
-368.8825746570144;-111.14618876207341
-333.65329640360505;-154.36305046056017
-285.0659443078772;-191.33061381645842
-222.48366553852526;-218.76296285248876
-145.4177195749666;-231.61545893137932
-54.56396199763232;-221.4351424520702
43.951931145996056;-173.33495831633613
122.44782188948575;-67.07649215189787
118.67040600153052;77.18700053658382
36.84343718900171;178.762489932282
-61.54290034135153;223.40965187436643
-151.42778538037732;231.5595884543148
-227.40910568115248;217.47929011602196
-288.94769787256536;189.2721399032492
-336.55560054239857;151.80571842270373
-370.860679927383;108.27313660743508
-392.36810125584043;60.97043923948167
-401.40349318594195;11.714067985726741
-398.10346105461;-37.904994735909426
-382.41547348909114;-86.33518020143252
-354.09747869707763;-131.8895328792285
-312.72042785153985;-172.53128834382778
-257.6947671978704;-205.547359142694
-188.39556946445015;-226.97066347129234
-104.66055913851642;-230.4504558523897
-8.776285108113298;-204.98380176228977
86.3281768989101;-131.91209141006246
133.91147914583937;0.48135313530509144
85.88494275532538;132.59510188356504
-9.22641679350376;205.35848423582377
-104.99887959081896;230.6910702679513
-188.62848918691625;227.17173259391302
-257.84798415526984;205.7497486145982
-312.8172615651683;172.75029997663952
-354.15557266967096;132.1281351503774
-382.4470098655508;86.59014120004429
-398.115835878066;38.16993926891369
-401.3998222763365;-11.446948333726189
-392.3474448573406;-60.709229139600936
-370.81797442877314;-108.02514196518936
-336.48129880012385;-151.57612146277359
-288.82715656273297;-189.06179454193224
-227.22197784020983;-217.28054286903637
-151.14873728745056;-231.3475615237636
-61.15001510588141;-223.1231834945629
37.32172907556522;-178.26871762779675
118.97200368893907;-76.3257004295572
122.17782209037652;67.96003378663377
43.4729277099954;173.84999414147265
-54.96475739875075;221.73050183738857
-145.70400127029583;231.83004495032773
-222.6762266396007;218.96155272892807
-285.1903206731781;191.53978888980205
-333.73023033165197;154.5912889259623
-368.9270835629549;111.39305246119865
-391.2972065801981;64.28650739165188
-401.1790362468816;15.111604445204636
-398.7221271743172;-34.5315989908326
-383.8868832626397;-83.09427096889773
-356.44422363575995;-128.90478353272115
-315.9775300631174;-169.9588861267956
-261.9061128777177;-203.60416059274226
-193.59868293596185;-225.98652568928412
-110.82700643669897;-230.9735235305168
-15.569743346550547;-207.98513613969033
80.53487709455861;-138.8822153535288
133.6741163769807;-9.717059787133756
91.48640902578497;125.33920766302523
-2.4295716813706223;202.15129291025346
-98.78038053144509;230.04118114429392
-183.36355003539234;228.07464851623055
-253.57439943765073;207.63882236177233
-309.4995756683273;175.28616618575185
-351.7500150607022;135.08886216831087
-380.9181269305624;89.8167757037258
-397.44046163305563;41.53736429324308
-401.56773079395276;-8.047638552491883
-393.36134238574687;-57.38347670799192
-372.6935279671035;-104.8866905873348
-339.24704939170545;-148.76118045654846
-292.5230776797297;-186.750269038148
-231.8922931948498;-215.73313365699715
-156.8131552787755;-230.97775913584562
-67.69015805709884;-224.6437043437588
30.634039256512636;-182.92820401477144
115.10471329293016;-85.32395003969874
125.26975786564212;58.50224334507288
50.03204784798377;168.65674054887504
-48.34383136969185;219.87844220448088
-139.9142914660751;231.9955053244299
-217.87542644894583;220.37695945128704
-281.3675905625405;193.76348855260457
-330.84253200071953;157.3479358064435
-366.9335848720558;114.4948320259158
-390.16798693944634;67.59294478446233
-400.89694511783495;18.506921493477634
-399.28296558736275;-31.15324415539754
-385.2993853624694;-79.84066044144073
-358.7300977014407;-125.89806968766698
-319.1710046463078;-167.3523031540745
-266.0507302361769;-201.60913738916352
-198.73345197048118;-224.92266827340157
-116.93213322876974;-231.36887325782502
-22.347217376793512;-210.7733200299518
74.56061744642784;-145.54038773595965
132.92105790353062;-19.877875025157454
96.86010490529496;117.77180396698334
4.369851024480354;198.7167194844055
-92.5034625200059;229.25501060968764
-178.0306693272923;228.89295335221348
-249.2339111433892;209.47304082511582
-306.11799705240105;177.7857868950318
-349.28336451179007;138.02607249317668
-379.3301884664509;93.02943325592095
-396.7071917977899;44.89868614190066
-401.6780171798509;-4.647228573769481
-394.3170064524602;-54.04928750034342
-374.50934753301107;-101.73149255800828
-341.95070211938173;-145.9190805416836
-296.1538737507288;-184.39724927362033
-236.49467181990804;-214.12262608569068
-162.4104753665011;-230.5092755293418
-74.18147119658647;-226.0024864935721
23.901774874325678;-187.3211037814663
110.87381676174394;-94.0526604855073
127.92122662391573;48.839202719889926
56.50548516930267;163.17571208646686
-41.683700133608205;217.84730133432396
-134.0593072339112;232.0525286765715
-213.00667765810226;221.7235346000731
-277.4793455076972;195.94201237763568
-327.8923524548612;160.07483316522794
-364.88007867518047;117.57787098971147
-388.98039551856726;70.88926610850251
-400.5572345599643;21.89958478279081
-399.7860547548599;-27.770369538662454
-386.6531239298434;-76.57485309786426
-360.95530988502094;-122.87004232936103
-322.3011101768765;-164.71247161415437
-270.12887689623267;-199.56371737305898
-203.79991496284714;-223.78147223164203
-122.97489428559932;-231.64076307796202
-29.102949019161358;-213.3557374577224
68.42771997827307;-151.88932830028835
131.6594404702247;-29.962745817864768
101.97980308997026;109.89583174572732
11.164057862956493;195.04690387914766
-86.1696228613747;228.32778090005047
-172.62990380458257;229.62400577444933
-244.8262733075841;211.25085480153038
-302.67226279906816;180.24818345483956
-346.7554177458262;140.93909852775514
-377.6830693603812;96.22761786567716
-395.91598344120973;48.2534948407829
-401.7307220040609;-1.2461039254394588
-395.21456306900524;-50.70707979554187
-376.26564679177017;-98.56006608501212
-344.5925552310389;-143.05054169422905
-299.7199036585338;-182.00382574042828
-241.02943108187355;-212.4507936104254
-167.9405644093677;-229.94521342623324
-80.62168671159189;-227.2051861697645
17.136300096936367;-191.4555279080177
106.3075121708591;-102.49736806349638
130.10983625436614;38.99941139508391
62.87692460835106;157.4000684813217
-34.987971912618484;215.63051160449268
-128.13947983098856;231.99745825013088
-208.06971711983653;222.99919788716508
-273.5252218640859;198.0740755595438
-324.8793735555608;162.77111123978102
-362.76632455887164;120.64152060525085
-387.73427221144107;74.17493415600748
-400.15982063762516;25.289098930316296
-400.2313829240422;-24.38348320527541
-387.94815692349084;-73.2974244085846
-363.1199852080836;-119.82141585753051
-325.3680294663293;-162.04035255617774
-274.14073918873964;-197.4693291651555
-208.79806494491964;-222.5652539014425
-128.95430179012243;-231.79327289058023
-35.831626970294586;-215.73950402975493
62.15712792819204;-157.93297923926556
129.90104969141734;-39.93466313051424
106.8181321256992;101.71696657486483
17.944266579737782;191.13394208171135
-79.78070293043223;227.25451013169337
-167.1614695243212;230.26500921527753
-240.35134248471874;212.97057388473067
-299.1621779501834;182.67222949969653
-344.1660047811004;143.82711251878325
-375.97664167799695;99.41065931101491
-395.06675125281424;51.60119492580189
-401.72579969454796;2.1551564642977423
-396.0540034845796;-47.35746709467849
-377.96245065267664;-95.3731175471829
-347.17265994308843;-140.15644653843785
-303.2212179663221;-179.57120149288562
-245.49651916855396;-210.71944555231562
-173.4028922956077;-229.2885651738858
-87.00826720894923;-228.2571138707724
10.34849588731169;-195.3392762600893
101.43444609731353;-110.64626852347689
131.81610667719337;29.01545044844631
69.12805718426273;151.3241818204163
-28.26124299528225;213.22149146571158
-122.15582303820183;231.82654178144185
-203.06470780806646;224.2017619985115
-269.5051815580162;200.158278909917
-321.80352441333577;165.4357841568728
-360.59226439968575;123.68501840020963
-386.42958303359615;77.44930580574868
-399.7046959389438;28.67487238089589
-400.6189697347423;-20.993177483452698
-389.1845310691831;-70.00902044630799
-365.2241952192635;-116.75295834006802
-328.3718443988002;-159.33695138851917
-278.08636164753807;-195.32740841743293
-213.72772236115696;-221.27627912237043
-134.86924011589255;-231.830309364071
-42.528226285691474;-217.93143554295568
55.768498690288325;-163.6762070116533
127.66199525680528;-49.75852615203342
111.34685430467576;93.2440833787912
24.700551619588914;186.97003983458396
-73.33897517376029;226.0300911077943
-161.62580595422358;230.81309136315653
-235.80912204237262;214.63046683990464
-295.58766301341655;185.05678012017765
-341.51505749183593;146.6892848014358
-374.2108742689472;102.57790252895742
-394.1595087157935;54.94122122259131
-401.6633119274324;5.556019440332134
-396.83544124456444;-44.001001842848275
-379.5999283137379;-92.17127908240701
-349.69124152072055;-137.23759282592067
-306.6580798142625;-177.1004909614608
-249.89615435201773;-208.9302914219726
-178.7972925893558;-228.5422151568176
-93.33927666937365;-229.16345543678366
3.547889666032457;-198.98037543754972
96.28264399399683;-118.49116828180117
133.02441327242366;18.922186391911794
75.23939840182659;144.94305141751616
-21.508297378051815;210.61332972659946
-116.10919794921621;231.53586376009707
-197.99161406965595;225.3290114534093
-265.4190129075892;202.19327090024004
-318.6646039784647;168.06795584434903
-358.35775647555243;126.7077183505654
-385.06625750983267;80.71187046068368
-399.19186418454797;32.05645750569318
-400.9488951447009;-17.599893672766154
-390.36240560144876;-66.71013319142585
-367.26818076688215;-113.66528730835232
-331.3128727768612;-156.6031246036635
-281.96610069995734;-193.13925435921118
-218.58912415977673;-219.91668086860523
-140.71917854827066;-231.755659200837
-49.18871577861496;-219.93831449173484
49.27952206695379;-169.12522803011666
124.9619134304717;-59.40282857335579
115.53771559492945;84.48860801468622
31.422483751215367;182.54708980781075
-66.84651095287614;224.64908512864244
-156.02303212339635;231.265252159899
-231.1993249927993;216.22878738665753
-291.94839402248675;187.40072958628073
-338.8023075458663;149.52485032699607
-372.3855744343533;105.72876320108617
-393.19413913941867;58.27307890889751
-401.5432148436681;8.956015237622065
-397.55890269224824;-40.63818266837675
-381.1781744227022;-88.9551382505345
-352.14845802743514;-134.29474260470445
-310.0306921144159;-174.59276662358525
-254.22850066679518;-207.0849867998332
-184.12358258179026;-227.70893758169288
-99.61293088657955;-229.92918580802845
-3.2568506686284646;-202.38677190450616
90.87939618184589;-126.02670702010975
133.7233943409144;8.756717318657229
81.1899423074852;138.25283346671424
-14.734455634909944;207.79890039577984
-110.00058988052899;231.12134159022472
-192.8504247527671;226.37863695983387
-261.266506701113;204.1776368350564
-315.4624026407281;170.66667912794858
-356.0626408652733;129.70892651676263
-383.64419650667344;83.96206839531426
-398.6212878274158;35.433355262047485
-401.22118265049306;-14.204126256822812
-391.4818652259273;-63.40130649429542
-369.25208761311865;-110.55906258099957
-334.19131497966447;-153.8397485664871
-285.7801733963127;-190.90614968793562
-223.38235134750454;-218.48852308649643
-146.50347191995883;-231.57292339877569
-55.809255682512855;-221.76657527827248
42.70670101415233;-174.2866807166353
121.82358210674087;-68.83889106055439
119.36238841145291;75.46573477950051
38.09830338289018;177.85724079594434
-60.30587640379773;223.1059247454406
-150.3535236616877;231.6184139572331
-226.5218273717657;217.7637554794125
-288.2441672539189;189.70296659897502
-336.0275799949302;152.33305909829758
-370.500625150778;108.8626923764112
-392.1705910243974;61.59632391183346
-401.36552455354206;12.354739867801962
-398.22447304073324;-37.2694306346511
-382.697344779617;-85.7251948958492
-354.54453384464426;-131.32856041962378
-313.33932863519817;-172.04900330600572
-258.49381012083154;-205.18507033385634
-189.38170568273432;-226.7913614313022
-105.82772658964916;-230.55906216108568
-10.057967569140555;-205.56630860343165
85.25089938031978;-133.25011656351154
133.90635440177746;-1.4424459895154726
86.95724228923515;131.25101846576865
-7.945545309406047;204.7708435176519
-103.83105262934512;230.5787175535614
-187.64110537129264;227.34825256580072
-257.04740638194005;206.1099386678283
-312.19666149215095;173.23100936695369
-353.70671222932674;132.6879630803065
-382.16325919822805;87.19936084958945
-397.9928902779284;38.80508949314629
-401.43581755326886;-10.806346563315168
-392.54295509063076;-60.083062057609105
-371.17601769013504;-107.4349249143658
-337.0073187915755;-151.0476896003337
-289.5287358742525;-188.62936328953967
-228.10743054991275;-216.99381775957463
-152.22147980366586;-231.2855760780661
-62.386318495151215;-223.4224308264166
36.06520134343081;-179.16772363907805
118.27218776840552;-78.04156500062855
122.79317470440006;66.19428239211726
44.715054592827094;172.89281135770432
-53.71998968084905;221.39479439132035
-144.61776832694835;231.86931933850624
-221.77656300535128;219.2334449062475
-284.47481295893186;191.9622399492209
-333.1907226593173;155.11301471452967
-368.5559203736948;111.97898443353722
-391.0888094289247;64.9103485179892
-401.1302371917633;15.751621369025612
-398.83219962560787;-33.8953324620499
-384.1575387632265;-82.48210684059224
-356.8796192518984;-128.33985401382748
-316.5841765600039;-169.4702887385385
-262.6922441331956;-203.2321456780681
-194.57154497350396;-225.792091865168
-111.98223863314736;-231.05768939633404
-16.8483759826504;-208.5266741205193
79.4221470481998;-140.16079223164596
133.5714880182849;-11.635996837450268
92.5173147022864;123.93683051384482
-1.1481577527984732;201.5216262218602
-97.60190006485509;229.90354500214877
-182.36375269374872;228.23534936989213
-252.76155254110938;207.98864735920375
-308.8672042287919;175.759927759073
-351.2898392126451;135.64408696133748
-380.623374595846;90.42315810622017
-397.3066644035982;42.17114507860181
-401.59285839072805;-7.407052022334759
-393.5458021849978;-56.755933411106135
-373.04016967789164;-104.29350869420448
-339.7611524608303;-148.22778224031788
-293.2120991621114;-186.31010502750146
-232.76459411761743;-215.43449559240156
-157.87287114048098;-230.89696929152896
-68.9169940341859;-224.9119318052416
29.368650374492297;-183.77604292810292
114.33450654918838;-86.98967973705889
125.8037318624329;56.696435731343314
51.25876501568745;167.64622869994864
-47.09187147910192;219.50960116564423
-138.81612732502788;232.01459880090232
-216.96331152067185;220.6359264776484
-280.64002787947476;194.17735254888245
-330.2914697178857;157.86390846644753
-366.55126092837594;115.07703988119326
-389.9486654686243;68.2146596165906
-400.8372916682965;19.14620503981352
-399.38208629915187;-30.516360327424255
-385.5588229745268;-79.22642038740686
-359.15383940410993;-125.32931848777557
-319.76540508585134;-166.85758526902433
-266.82394811350383;-201.22768486299805
-199.6929831304549;-224.71357276304414
-118.07514663169123;-231.42942325812257
-23.621577969270408;-211.2752907481378
73.41686585825504;-146.75987436433988
132.72199848148642;-21.784517740101737
97.84473689399358;116.31164906947859
5.650315694904641;198.04363607325433
-91.31468007926868;229.09123804090547
-177.0185401195909;229.03734711053923
-248.40880735355245;209.81219540164477
-305.47385020786606;178.25238697115847
-348.8118669341005;138.5765280235628
-379.0244289132373;93.63283628495653
-396.56253834652114;45.530965367493536
-401.69227288829455;-4.00678922520187
-394.49041123996966;-53.42050903322832
-374.8445816644288;-101.13550695141787
-342.45287833514294;-145.38091428686155
-296.8303167591956;-183.94961675474642
-237.35376681787062;-213.81245960389282
-163.45699592846015;-230.41029911736752
-75.39822327308524;-226.24076616700395
22.629936043929025;-188.11922659336275
110.03867466470857;-95.66508137831495
128.36940442480255;46.99872525461355
57.713679906847155;162.11072165098318
-40.42536997230795;217.44418269170117
-132.94944553013895;232.05076963129574
-212.08219372575772;221.96915201995276
-276.7397691382782;196.34698105252235
-327.3297619304856;160.5847998306339
-364.48661123215965;118.15612749511082
-388.75015810046096;71.50863791681023
-400.4867253116309;22.53791941985517
-399.8742115723914;-27.13308859047797
-386.9013199306727;-75.95876836235294
-361.3673617750485;-122.29772075908453
-322.8832148577013;-164.21191928141067
-270.8891062279125;-199.17318607876504
-204.74597583613354;-223.5582187652747
-124.10533089033133;-231.67850287696837
-30.371795633242094;-213.819467241021
67.25721825313128;-153.05024638455546
131.36596051724467;-31.84970208683714
102.91297172982131;108.37905423346142
12.44178227675169;194.32907295407074
-84.97107425491907;228.13699736795022
-171.60565867911862;229.75156024103003
-243.98903784866633;211.57896934239318
-302.01642648190966;180.7073293757895
-346.2726583826791;141.48452824652261
-377.3663401402097;96.82780127735269
-395.7604893845185;48.88403751231449
-401.73409897176174;-0.6060481340943555
-395.3768826120794;-50.07730942500444
-376.5894183561976;-97.96153389756026
-345.0827227116179;-142.50788750913654
-300.38365327310515;-181.5490474108472
-241.87514917801903;-212.1295153762557
-168.97358762580055;-229.82865698753838
-81.82761710003678;-227.41451393216533
15.860420407186913;-192.2052844341938
105.41309380159485;-104.0537158703463
130.46829875852916;37.130611723815505
64.06301727993522;156.27979124809738
-33.72438446464654;215.1920403251948
-127.01835650539014;231.9742046084915
-207.13310630797926;223.2310625705436
-272.77379918303376;198.46986586194853
-324.30538392178335;163.2748533590663
-362.36181824624515;121.21564471153398
-387.4932060879546;74.79180483757125
-400.07853024744924;25.926340049249774
-400.3086418580877;-23.74594494414047
-388.18517207338095;-72.67963950459007
-363.5204049709635;-119.2456872556196
-325.93789161388855;-161.53417338880757
-274.88802138875405;-197.07000952553514
-209.73064923657;-222.32829694802427
-130.0719681721477;-231.80898193210433
-37.09399770516739;-216.1663469580563
60.96370072786013;-159.03625688632115
129.51597935796218;-41.79519058517006
107.69464563162074;100.14505140313663
19.217475218820063;190.3699452581733
-78.57279350185074;227.0358044257761
-166.1251865748576;230.37522130293496
-239.50197504716664;213.28735717993774
-298.4946443349634;183.12374069132542
-343.671987775625;144.3673977655264
-375.64896522242987;100.00754075160663
-394.90046058669185;52.229939448169034
-401.7183664575906;2.794776271353282
-396.2053343733323;-46.726758863469335
-378.2748883342783;-94.77210826069782
-347.6509832184706;-139.60941039219696
-303.8724748467662;-179.10945683677102
-246.3290868003099;-210.3873684036347
-174.4226074619816;-229.15500858335636
-88.20325716692192;-228.43858052928377
9.070175718137325;-196.04240583889774
100.4859517553434;-112.14517638641776
132.08180070689562;27.124314974495928
70.28877379349879;150.1474192007329
-26.993012450924233;212.74631825464212
-121.02338591844203;231.78106225961557
-202.11579823784572;224.4194864925754
-268.74174535318707;200.54467725743734
-321.21800027182167;165.93317752683254
-360.1766196693164;124.25493230205731
-386.1776227634595;78.06361904271284
-399.61259040474033;29.31096965668083
-400.6853260057144;-20.355437924800018
-389.4103883209599;-69.3896088627884
-365.61303271432155;-116.17392764865677
-328.92954023086924;-158.8253008561418
-278.82079183439373;-194.91954651906593
-214.64691384436594;-221.02603280616313
-135.97407837955024;-231.82473553093908
-43.78337461080832;-218.32273335720177
54.55559676388691;-164.72303230555627
127.18887045667213;-51.58652303120853
112.16149142656185;91.6189819883647
25.967383587414407;186.1584011430783
-72.12207245946647;225.78248926724604
-160.5775083610085;230.9054277665321
-234.94757793889383;214.93560890807882
-294.90837775641995;185.50045941720163
-341.00973437608826;147.22428597736922
-373.872210803188;103.17137030680313
-393.98238935258667;55.56806692155007
-401.6450421307669;6.195101585970086
-396.9757605912678;-43.36946837530864
-379.90101002741756;-91.5679276601607
-350.1576952509147;-136.6863492457859
-307.29680884441586;-176.63201545628758
-250.71550615053184;-208.5877612447614
-179.8035400416669;-228.39220770796328
-94.52282397533456;-229.3180103581724
2.268997997463274;-199.63833914900061
95.28545578381559;-119.93129261022258
133.1949406829673;17.015816909658938
76.37079333266674;143.7092088648026
-20.236535987333355;210.10023978118326
-114.96576786581231;231.46743924058325
-197.03052641317245;225.5321581048264
-264.6436224489265;202.56997441510026
-318.0675795928444;168.55876217337908
-357.9309915472146;127.27321383139412
-384.8034066339343;81.3234300205421
-399.0889313572242;32.69121619113186
-401.00431908472393;-16.96215371750966
-390.5770555015326;-66.0893086487578
-367.645363634895;-113.08318993703675
-331.8583012617204;-156.08627569098743
-282.68753718044155;-192.7231893393023
-219.49470534933724;-219.6536104433364
-141.81077824783208;-231.72951712070514
-50.435559114247155;-220.29524551470462
48.050696647178285;-170.11662248350817
124.40505446698485;-61.19224437536721
116.28503308155794;82.81337654648878
32.68051955771749;181.6865883156235
-65.62138124110682;224.37165306834058
-154.963057144225;231.33913334230343
-230.3258027622485;216.5218794456356
-291.2574946650669;187.8362435737207
-338.2857744691061;150.05426615614746
-372.0359834154086;106.31852833309064
-393.00621436414195;58.897738350638676
-401.51409446838886;9.594268548921573
-397.6881572575921;-40.00612334194947
-381.4678053478441;-88.34975509847654
-352.602902418756;-133.73961727486997
-310.656699266664;-174.11792322876053
-255.0343705499996;-206.73243415934388
-185.11596216610715;-227.54305829326375
-100.78427722354256;-230.05771364040743
-4.534271195886365;-203.00085710608195
89.83901875916582;-127.40685485610742
133.79723550980805;6.843050989742068
82.2875123175787;136.96192450345936
-13.460728593418011;207.24680375118908
-108.84683100466849;231.02926193523638
-191.8775519297624;226.5667243091207
-260.4794431969447;204.54426746621587
-314.85409162200733;171.1505668301104
-355.6249169706411;130.26969331407486
-383.37057026548473;84.57057466034493
-398.5076005225874;36.06648023479701
-401.26570704318135;-13.56668004289638
-391.68530214984014;-62.77936642554687
-369.617572359255;-109.97420706507748
-334.72439326555053;-153.3180342131725
-286.488486701178;-190.4822636779173
-224.27411845583563;-218.21311411668893
-147.58144818821788;-231.52692654459943
-57.04679407870293;-222.0902959802916
41.465255718710125;-175.2237970011419
121.18786265809872;-70.58432367299359
120.03704490697714;73.74418508177752
39.34487062949502;176.9467550896036
-59.073400347869004;222.79772993386166
-149.28227371036184;231.6732683449758
-225.6365824322103;218.0444061012999
-287.5418448053437;190.13001038934564
-335.49998906698227;152.85662884438284
