-0.06428273083056732;-0.11064464055401997
0.0679403159702873;-0.134632345685228
0.1738436988252491;-0.09105238823005972
0.24083123207700957;-0.024066967663347906
0.2781103110572131;0.04675540965223756
0.29365692139176225;0.11426456012869779
0.2927851149016551;0.17555113217541882
0.27906621411474763;0.2292277412209992
0.2550210387220402;0.274478353635871
0.2225359748657928;0.310678524130715
0.18311944263893604;0.3372170212036685
0.13807755429361696;0.3533908283738933
0.08865861460695812;0.3583214540062376
0.0362069455662617;0.3508655261903738
-0.017622281315418903;0.3295003226500271
-0.07049001634341832;0.29216986201030964
-0.11861430635512654;0.2361082620273131
-0.15502513200023652;0.15786378582167787
-0.16529954192399574;0.05505478720214213
-0.12045878160385315;-0.0613302298981827
-0.002927599667715956;-0.1334725878226334
0.1224474228099246;-0.11944822949335089
0.20937181992293183;-0.06111884073101646
0.26133554979285284;0.009034188065990928
0.28768156402299977;0.07884466473314876
0.29504541680323304;0.14369105861782525
0.28782120984449633;0.20155794662914242
0.2690245786285456;0.25139394236231655
0.24084108622364855;0.29250272403867195
0.20495546158464725;0.32428200789584444
0.16276288981122466;0.3460887797652284
0.1155249726981475;0.3571485483545472
0.06451339208405865;0.35647167190339585
0.011184069196109937;0.3427544839216409
-0.04255134291418037;0.31424759203464697
-0.09381493621563253;0.2685844735436449
-0.1376586824985255;0.20263976759006594
-0.1644161090548297;0.11297502941882856
-0.15357344411731916;0.0004717566873278983
-0.07258387348192144;-0.10553562258722714
0.059248450714240335;-0.1357655625129055
0.16792365790616015;-0.09512754203659411
0.2373051637698986;-0.0288949126407928
0.27632709670921185;0.041969530831430533
0.29316552852479216;0.10982468686734018
0.2932875501909589;0.17159102234116672
0.28035776020268677;0.22581774546725109
0.25695313559396393;0.27166541040877457
0.2249939907457911;0.3085034629971861
0.18600839558428808;0.33572356982973767
0.14131156262672884;0.35263172192776404
0.09215118686881929;0.3583640970217829
0.039859244547047624;0.3517987039762515
-0.013939636640130502;0.3314431742212383
-0.06697096769646031;0.2952837178464242
-0.11559042282159089;0.24060740845038545
-0.15314046091362288;0.1639921062986465
-0.1659311285637376;0.06281149721931215
-0.1260202520967673;-0.053809287528853694
-0.012226362196888477;-0.1314682819442267
0.1149989335704589;-0.12236918111984751
0.20465753097408645;-0.06570121517649913
0.25869009745896143;0.004168712063120448
0.28654519992535954;0.074196294255382
0.29504724775774394;0.13946320823471303
0.288712624278938;0.1978472779968754
0.27063052631029094;0.2482568259528466
0.2430309678810207;0.2899817898227621
0.2076252707625083;0.3224185681028868
0.16582308327888165;0.34493006596510706
0.11889064020420623;0.35675339118042537
0.06809400808450923;0.3569164893115674
0.01486948364942098;0.34414090800591757
-0.038914788005453796;0.31671280230239246
-0.09047222867174685;0.27231371158096196
-0.13505464972280268;0.20786964066195
-0.1634626123142269;0.11990745879722113
-0.15619402169158192;0.008601509671412278
-0.08060530759042621;-0.100019462090448
0.05040874809208342;-0.1365600317924503
0.16181403417280465;-0.09909539679291547
0.23363811513477278;-0.0337057849777447
0.27444116688405285;0.03716797126795361
0.2925965953782248;0.10535570128593234
0.29372932478983677;0.16759537123990012
0.28160054504044785;0.22236843488430358
0.2588453575690418;0.26881028146824193
0.22741921284061759;0.3062834202658385
0.18887065137661022;0.33418193060282575
0.14452465176320378;0.3518204274803394
0.09562899085040147;0.3583493525981741
0.04350424412138464;0.3526675764613488
-0.01025390935381199;0.333312379006292
-0.06343236315453073;0.2983112851112773
-0.1125172516606922;0.2450039433688043
-0.1511458230781687;0.17000268466316829
-0.16632171902243292;0.07047706016641028
-0.13118473682728707;-0.04611862018931177
-0.02148190527467415;-0.12900104818512415
0.10735356227859452;-0.12508045840965148
0.1997760873895091;-0.07022987894905203
0.25592347474016097;-0.000698681998982322
0.2853191913784443;0.06952475083738051
0.2949801927326649;0.13520284624559412
0.2895493759128865;0.1940992141759949
0.27219210228898044;0.24507908817085683
0.2451843890552258;0.28741745721790357
0.21026514225202292;0.32050877726286586
0.1688591979273926;0.34372145465703924
0.12223807884772439;0.3563038145618812
0.07166301101833182;0.35730094184872097
0.018551844542347904;0.3454589997600368
-0.03526861853559564;0.31909888725247565
-0.08709855244422757;0.27594937972804834
-0.1323787667836649;0.2129887118756921
-0.1623499889107577;0.1267230282535754
-0.15848364271019277;0.01671301569035517
-0.08831844956789463;-0.09412096758544201
0.04143690495076252;-0.13699543411116283
0.15551245973919553;-0.10294544706467035
0.22982708122873094;-0.03849573567747261
0.27245048765671764;0.032352345037794814
0.29194877093752575;0.10085841720337173
0.29410949403838355;0.16356467413860246
0.2827938648974666;0.21888017008451915
0.2606971450562744;0.2659132733175003
0.22981116407561877;0.3040186914512669
0.19170577087461782;0.33259241738009765
0.14771637925843226;0.3509573044484503
0.0990915327403413;0.3582776567854981
0.04714132096779945;0.3534726986757825
-0.006565993437324232;0.3351086665883857
-0.05987566843442744;0.3012535277547018
-0.1093975416548125;0.24929902705205015
-0.14904703713117315;0.17589606536180113
-0.16648339627698008;0.07804562922656777
-0.1359536830095207;-0.03828880649169599
-0.03065933264156328;-0.1260664121065768
0.09951397957080399;-0.1275651152579968
0.19472407913811315;-0.07469847072445991
0.2530330541593137;-0.005565672196155486
0.284001827588298;0.06483099801162244
0.29484312172400906;0.1309104373058106
0.2903306867685038;0.1903140273099187
0.27370874556498387;0.24186093387394866
0.2473009234893686;0.28480992400297495
0.212874728693936;0.31855286249648973
0.17187092030466156;0.3424632314258202
0.12556695537681817;0.3558001960083397
0.07521999268611834;0.35762553381757234
0.02223056359500204;0.3467094421943835
-0.031613810680432466;0.3214067750746338
-0.08369572316903261;0.279492698130588
-0.12963479670933356;0.2179982748125596
-0.16108660870754013;0.13342100475058455
-0.16045570449007437;0.0247912301805595
-0.09569882617378499;-0.08786759544158697
0.03235060574344124;-0.1370519234420729
0.1490164415678302;-0.10666672537689613
0.2258687114653602;-0.04326099554127741
0.27035279197790785;0.027524024171177656
0.291220577399138;0.0963333879004585
0.29442706294599935;0.1594991886961089
0.2839370202427419;0.2153531090015484
0.26250798278092213;0.26297452873662963
0.23216944258180192;0.30170944816495
0.19451341466535993;0.3309552604154604
0.15088642386162546;0.3500426690235683
0.10253845707186654;0.3581494443065329
0.05077000792697388;0.354214668054259
-0.0028766094310801993;0.336832857679912
-0.056302150782098284;0.30411155937819206
-0.10623379249512023;0.25349405675607584
-0.14684954651782112;0.1816732448360643
-0.16642783872206415;0.08551269646582241
-0.14033166054383733;-0.03034833746944838
-0.03972318133204156;-0.12266382530570305
0.0914836608515037;-0.12980545470063448
0.18949780817620726;-0.07910035008702605
0.2500159409886719;-0.010429987464655266
0.28259123029873107;0.06011586300706738
0.29463480543448234;0.1265863019293128
0.2910557242705609;0.18649185673854043
0.2751798709191362;0.23860245195538887
0.24938014143575887;0.2821592904857906
0.2154536940975441;0.31655097145762234
0.1748579589819747;0.3411556196421834
0.12887699555481844;0.35524285550815077
0.07876461006065036;0.3578907294436488
0.025905127995639005;0.34789289351195324
-0.027951235613641188;0.3236373825414846
-0.08026540410434292;0.2829448960996442
-0.12682623973614773;0.22289969120518824
-0.1596803450314089;0.1400010424704358
-0.16212375052807856;0.03282293033525529
-0.10272587423699442;-0.08128910497186113
0.023170200794857793;-0.136710429854793
0.14232380854582363;-0.11024752289737597
0.2217595541855433;-0.0479975980508385
0.26814574473480574;0.022684356288105247
0.2904105193586271;0.09178106248549454
0.29468105282667084;0.1553990364355854
0.28502934830658183;0.21178725951861543
0.26427740166850516;0.25999403428746226
0.23449369376575507;0.29935570205836926
0.19729328375287353;0.329270525703183
0.15403448876728185;0.34907666636796214
0.10596941145562534;0.35796496595895094
0.05438981515692117;0.35489387459099075
0.0008134822001272795;0.3384855254000442
-0.05271311097838764;0.3068861847252409
-0.10302847207392861;0.2575900445792851
-0.1445585522462797;0.18733481882593075
-0.16616614556063763;0.09287391938725019
-0.14432518968476385;-0.02232456996049656
-0.048636692353928423;-0.11879748254712073
0.08326822641408113;-0.1317828598812062
0.18409404645819236;-0.08342811907221385
0.24686941524482242;-0.015288933645344284
0.28108560339445193;0.055380461207675084
0.29435404144874633;0.1222309740869467
0.2917236368554559;0.18263300775730387
0.2766048323940277;0.23530385806064383
0.2514215142087803;0.27946574524765694
0.21800156787025077;0.31450329956594875
0.17781985533771566;0.3397988450807793
0.1321676859679384;0.3546320801547767
0.08229626000575598;0.35809689388739
0.029574750006541785;0.34900983509303884
-0.02428205083281584;0.3257913568259356
-0.0768095036832308;0.2863068194930065
-0.1239566974564091;0.227693836950055
-0.15813882326619222;0.14646242345732857
-0.1635012079080105;0.04079581018893343
-0.10938250993210123;-0.07441749273218885
0.013919675239436217;-0.13595315676854763
0.13543347853537732;-0.11367495018214578
0.21749646690696048;-0.05270078717395575
0.26582712216769144;0.017835313444028982
0.2895171038699558;0.08720244242247369
0.2948704073737199;0.15126484150503014
0.28607004806615105;0.20818308689961218
0.2660047511088228;0.25697218802371535
0.23678335397532688;0.2969578297682184
0.20004485819262058;0.3275385980664176
0.15716006210386535;0.3480597153959673
0.10938384902075719;0.35772470573843906
0.058000096856081707;0.3555109083910611
0.004503410940627545;0.340067423873671
-0.049109901691043206;0.30957839060945164
-0.09978400253674337;0.261588223205546
-0.14217903410109864;0.19288176206588187
-0.16570903325849015;0.10012605365396823
-0.14794306291978326;-0.014242419006066683
-0.057363880058687346;-0.11447595504964457
0.07487457540760194;-0.13347805278025585
0.17850939256735987;-0.08767390738845703
0.24359052184634086;-0.020139691159279206
0.27948298932571053;0.05062594687797925
0.29399951671613805;0.11784502004033878
0.2923334943482536;0.17873782067364832
0.2779829291815014;0.23196540959311188
0.253424479307191;0.27672952705400056
0.22051786624557349;0.3124101027438888
0.18075615984826707;0.3383932069233932
0.13543857534786408;0.3539682361050224
0.08581442686009838;0.3582444971366428
0.03323876150979138;0.350060886124032
-0.02060724389452871;0.32786952663298735
-0.07332970836297109;0.289579564324281
-0.12102946585787928;0.2323819571438391
-0.15646920064816308;0.1528051519286379
-0.16460151225154473;0.04869961477771347
-0.11565630621393726;-0.0672852588482799
0.004625180089828659;-0.13476406062875668
0.12834452387469938;-0.11693549729332096
0.21307599563305943;-0.05736578069623747
0.26339449051769626;0.012978662637661401
0.28853873618826303;0.08259827461258414
0.2949940412981648;0.14709697210513833
0.2870583365027712;0.20454081483514613
0.2676894285019732;0.2539091666368182
0.2390379243764802;0.29451600853992016
0.20276768930876268;0.32575968401182054
0.1602626999577495;0.3469920753637335
0.11278128191204313;0.3574290011725951
0.06160025229363058;0.3560662189512743
0.008192347041095163;0.34157916008268147
-0.04549381944504649;0.3121889962974296
-0.0965027071180857;0.26548962882863547
-0.13971572726591752;0.19831487907928871
-0.16506669278961641;0.1072661764312591
-0.15119547681491152;-0.006125076913200363
-0.06586940956848489;-0.10971260329444403
0.06631186048476856;-0.13487116900605553
0.172740803082977;-0.09182916117483987
0.24017638906144276;-0.024979158093869063
0.27778147857501173;0.045853596759928096
0.2935699617980573;0.11342905866799705
0.29288441171994417;0.17480666034594264
0.2793135081644934;0.2285873719017686
0.2553885231441632;0.2739508726388288
0.22300215621860206;0.31027162735958513
0.183666474563403;0.33693898933629207
0.13868925779823085;0.3532516724595039
0.08931864284406196;0.35833398608727307
0.03689654919656582;0.35104663488847193
-0.016927741202982852;0.32987268173892476
-0.06982761383157399;0.292764177668205
-0.11804765718510239;0.23696526234622808
-0.15467823451314486;0.15902937749398283
-0.16543781582339287;0.05652535509636291
-0.12153877813559269;-0.05992525420634516
-0.004684316489317403;-0.13312940303391824
0.12105682728667394;-0.12001474118802134
0.2084947195988229;-0.06198740048160567
0.26084539041720767;0.008116317823434393
0.2874738068826001;0.07796935852580088
0.2950508717028678;0.14289582155381392
0.28799344914773745;0.20086068463766593
0.2693308640329521;0.2508051645703818
0.24125695354832913;0.29203043734764145
0.2054613914961368;0.3239340187140536
0.1633420382174515;0.3458740446594524
0.1161613204466054;0.35707824343437855
0.06518980071073678;0.35656032856376757
0.011879603904835433;0.34302144055546024
-0.041865995773920674;0.31471895966386965
-0.09318669115373256;0.2692954996084339
-0.13717302910620802;0.20363531915802915
-0.1642488165907828;0.11429227237370863
-0.15409401847190318;0.002006734743323114
-0.07412016223287576;-0.10452497501004533
0.05759094360942362;-0.13594202813897438
0.16678513208480794;-0.09588486469621102
0.23662391254472584;-0.029804194608490632
0.2759790127791401;0.041064611392949264
0.29306402201879816;0.10898360811523
0.2933754569157831;0.17083978872958558
0.2805958915335424;0.22516991646049062
0.25731312193079026;0.2711299351874895
0.22545400185235603;0.3080880472015034
0.18655040227740088;0.3354364132479893
0.14191932887066272;0.3524826824246475
0.0928084404824883;0.35836575647943125
0.040547492715465414;0.3519676217560863
-0.013244471106508742;0.3318015610367291
-0.06630478562774615;0.29586165113927987
-0.11501427720836926;0.24144492310247667
-0.15277236421354035;0.16513539839238012
-0.16602297291658255;0.06426529650201045
-0.12702532183057808;-0.052369935950996344
-0.013977455936648214;-0.13103827142909097
0.11357108193920569;-0.12289736473278577
0.20374917827187747;-0.06656007620896325
0.2581772863369529;0.0032503445424649983
0.2863206614050979;0.07331658288599013
0.29503978783167806;0.13866183967035337
0.28887460069034265;0.19714297511201687
0.2709284702194454;0.24766040099583578
0.24343997363236902;0.2895013295244904
0.20812556243897848;0.3220618429365037
0.1663976965991955;0.3447059180603514
0.11952355893625435;0.35667281063505574
0.06876824405955784;0.3569937366446365
0.015564478313073312;0.3443949368610096
-0.03822755836861774;0.31716918705538033
-0.08983800144053768;0.27300700861520216
-0.13455514387973536;0.2088442122972457
-0.1632646373323034;0.12120275688203462
-0.15665114655110457;0.010134336961157495
-0.08208550934413335;-0.09893464101388283
0.04872501204848078;-0.13667026803653473
0.1606394530876668;-0.09983130193145975
0.2329299262448838;-0.0346114063329405
0.274073480808292;0.03626028864198913
0.2924803175318043;0.10450923597554945
0.2938056958057408;0.1668375024631193
0.28182941957704405;0.2217132448258738
0.25919778847312724;0.26826689968554013
0.22787302353922473;0.30585957329686436
0.18940762315062823;0.333885746424454
0.14512848453479774;0.35166162032472725
0.09628347688254633;0.35834028573857246
0.04419112912548239;0.35282449520516795
-0.009558172660947462;0.3336570496740038
-0.06276256040947135;0.2988731769717495
-0.11193202838035902;0.24582240347657613
-0.15075757583766944;0.17112405450075516
-0.16636947074153086;0.0719132871417831
-0.13211515991416917;-0.044650389417656214
-0.023221344384000718;-0.12848293007895645
0.10588850719468405;-0.12556729032433786
0.19883560801374006;-0.07107806939688609
0.25538738828265917;-0.0016173311846689516
0.2850774856680247;0.068640609215698
0.2949595857248657;0.1343952464592409
0.2897009556636463;0.19338775575260472
0.27248163583238305;0.2444749103164927
0.245586506833103;0.28692873833246685
0.210759796004225;0.3201432584772988
0.1694292891966978;0.34348786928553565
0.12286758157346296;0.35621297177573835
0.07233507175595236;0.357366837689438
0.01924625596834828;0.34570021244250704
-0.034579628949019905;0.31954046527650953
-0.08645863738765792;0.2766251964535705
-0.13186609237133684;0.21394257904648936
-0.16212291854161737;0.12799626619649818
-0.1588798304018024;0.018240759903156246
-0.08973771435883673;-0.09296690325979602
0.03972999091603866;-0.1370356673197004
0.15430125808570586;-0.103657974036002
0.22909127444484284;-0.039397066661038
0.2720627296189255;0.03144209345191679
0.2918173969405911;0.1000066162937975
0.29417408381506754;0.16280017208372968
0.28301327548232014;0.21821760426381648
0.26104182564493783;0.26536196519911237
0.23025857491161741;0.3035863907470165
0.19223749100206153;0.3322871789367999
0.14831603430031476;0.35078869543417346
0.09974297124019266;0.3582578165679842
0.04782651369266408;0.35361755356513425
-0.005870081079299806;0.335439532591491
-0.05920275785957777;0.30179925795649665
-0.1088039740281339;0.25009824912308
-0.14863986826385425;0.1769950948274603
-0.16648927257239998;0.07946260094714101
-0.13680964994925907;-0.03679798879077043
-0.03237961050711962;-0.12546005118845543
0.09801301490754721;-0.12800709815300965
0.19375124685879805;-0.0755343687687772
0.25247342055136135;-0.006483748288447166
0.28374272391025473;0.06394299456654337
0.2948091467861908;0.13009704610337583
0.2904716351674373;0.18959577425688467
0.27398960781338544;0.2412493035022161
0.2476958606383048;0.2843131927647888
0.2133634175352797;0.318178743862593
0.17243612721867277;0.34222034911620686
0.12619264999500573;0.35569917377510846
0.0758894453293744;0.3576801044691694
0.022923912642646937;0.34693780500545396
-0.03092360953551277;0.3218334494677821
-0.0830507995408422;0.28015086284290897
-0.12910992080202996;0.2189311256051014
-0.16083209874098062;0.13467132747571398
-0.1607932822881238;0.0263103234223958
-0.0970521185511263;-0.0866505004824377
0.03062521690588647;-0.13701850322989242
0.14776894959002246;-0.10735331866393977
0.22510511936409414;-0.04415678749278177
0.26994479636151936;0.026611968962258516
0.291073949868479;0.09547681126620274
0.2944797026142696;0.15872849849297285
0.2841467747947397;0.21468353146280458
0.2628446932906059;0.2624155911862585
0.2326102039110271;0.30126893066464494
0.19503960287842403;0.33064114803525996
0.1514815882346085;0.34986438386803653
0.10318649743785208;0.3581189034311885
0.05145311271782109;0.35434747880166073
-0.0021809806796876294;0.33714988533037676
-0.055626688781844555;0.30464103658174285
-0.10563262816229725;0.25427386839929406
-0.1464246526533683;0.18274953174826256
-0.16639398893705296;0.08690886683841934
-0.1411138705547103;-0.02884100261981789
-0.04141652469622953;-0.12197007293578482
0.0899485236661079;-0.13019897728283109
0.1884925356381377;-0.07992222259435938
0.24943256714678083;-0.01134656737058438
0.2823145583316065;0.05922462219442252
0.29458729268049444;0.12576759840044416
0.2911858527784544;0.18576719940537792
0.2754518450999093;0.23798369251099044
0.24976764947279456;0.2816548118890188
0.21593613602889192;0.3161684633624675
0.17541796510903612;0.340903597296006
0.1294985149299781;0.35513176296486954
0.07943104708301463;0.3579340288184091
0.02659695234407378;0.3481084055746703
-0.02726036707060054;0.3240490958003398
-0.07961615112919791;0.2835852844913447
-0.1262901286219872;0.22381128143195395
-0.1594000383698106;0.14122774976168412
-0.16240520115665996;0.03433026851821958
-0.1040091603676502;-0.08001554000859068
0.02143143821061803;-0.13660001245164896
0.14104039742248012;-0.11090553349015539
0.2209679739402081;-0.048886561717764225
0.26771731055282205;0.021771304963434646
0.29024844874329764;0.09092032440143515
0.29472154091030095;0.15462266925879348
0.2852292226427124;0.2111111102181651
0.26460589216817215;0.25942784923309625
0.23492753170027675;0.2989072974457623
0.19781364475409965;0.3289478211093954
0.15462484945482247;0.3488889423696883
0.10661372369261433;0.35792392239278126
0.0550704825265414;0.355014806877422
0.0015084422739573733;0.3387888588838356
-0.052035563104826675;0.3073995445269722
-0.1024203620043891;0.25835057308447673
-0.14411704543521597;0.18838837899663588
-0.16609473049747714;0.09424839729705273
-0.14503515972007108;-0.02080587425348916
-0.05029601876207909;-0.11801787574653554
0.08170044124762268;-0.13212433095757903
0.18305594383219195;-0.08423435860347428
0.24626190954038288;-0.016203287290293557
0.28079108564123934;0.05448641205869124
0.29429278294599315;0.12140727246177045
0.29184277379873247;0.18190220368943483
0.2768677660326851;0.2346781934190326
0.25180145100525037;0.27895372126133783
0.21847762719333794;0.31411258930525104
0.17837452868435763;0.3395378620731724
0.13278490572113866;0.35451109356717636
0.08295955052272529;0.35812910867042563
0.030264902079211006;0.3492127059287045
-0.02359070929695094;0.3261883595347166
-0.07615624223913349;0.28692974272194105
-0.12340998565666926;0.22858452206873328
-0.15783412912564612;0.14766563593559057
-0.16372919334677488;0.042289462785165814
-0.11059332425679988;-0.07309356478588326
0.012172217027788021;-0.1357627079917387
0.13411395816228305;-0.11430197344661623
0.21667629095309018;-0.05358209131439561
0.2653778413366171;0.016921552929250284
0.28933934754077406;0.08633764514529269
0.2948986096608614;0.15048283351509967
0.28625998024992927;0.20750038070077131
0.2663250110420543;0.2563987697763655
0.23721029550752404;0.2965015646763671
0.20055944664796838;0.32720734998694306
0.15774569176926906;0.3478626332135065
0.11002451294646286;0.35767328299986595
0.05867839804346357;0.35562014216978094
0.005197738447752122;0.34035731705778294
-0.04843032016366488;0.310075982355878
-0.0991692194972226;0.2623299277066996
-0.14172171245322657;0.1939130888116036
-0.16560203264954892;0.10147866799709444
-0.1485828989566554;-0.012716492957759328
-0.05898291734646976;-0.11361259652331569
0.07327536938368054;-0.13376394712138687
0.1774376750852896;-0.08846319530303537
0.24295825460086293;-0.02105151150092616
0.27917026254173666;0.04972906729053823
0.2939243409941661;0.11701618999826932
0.29244160419413;0.17800071591647873
0.2782368881282099;0.2313326980543767
0.25379698977213383;0.27620984852019775
0.22098775096365492;0.312011128568671
0.18130575756792305;0.3381232628706827
0.13605178737241164;0.35383743151162744
0.08647487998389558;0.3582657974286666
0.03392753723770718;0.3502514032452615
-0.01991519537907507;0.3282522524185472
-0.07267235728936865;0.29018563506699724
-0.12047243491784777;0.2332525383088919
-0.15614126319276278;0.15398564847643642
-0.16477873293390632;0.05017871990495512
-0.11679358094253689;-0.06591640951833237
0.0028732095214411926;-0.13449079020887278
0.12698803964385427;-0.11752931453028419
0.2122261043035462;-0.05823903183028084
0.26292364347682845;0.012063986169544776
0.2883448886503205;0.08172904374016524
0.2950097654952633;0.14630892754376126
0.28723828198466145;0.20385118916755235
0.2680015184215892;0.25332820960212166
0.23945810655403477;0.294051646519275
0.20327669707171836;0.32541973371722804
0.16084382645634374;0.3467855623368109
0.11341854283841843;0.3573672223880227
0.06227642621229918;0.3561638864813705
0.008886239878220754;0.3418558724163008
-0.04481210938769578;0.3126712300992266
-0.09588138093135079;0.26621309049586567
-0.13924324712273947;0.19932467036962975
-0.16492595998267295;0.10859715015926562
-0.15176764956488362;-0.004595273416564571
-0.06744257268363905;-0.10876814106199896
0.06468237107855675;-0.13509790118792964
0.17163437467913728;-0.0926002332564267
0.23951848232579961;-0.025888286893399098
0.2774499917615441;0.04495371399166219
0.2934805380451418;0.11259484371347786
0.2929813040027759;0.1740629973137751
0.2795583921506466;0.22794738647376803
0.2557535653469948;0.27342335514763866
0.2234658602832541;0.30986425276904034
0.18421100981899896;0.3366599983132749
0.13929847982074647;0.3531110171151717
0.08997626492120606;0.358344396426322
0.037583922061147794;0.3512248869309533
-0.01623507793660594;0.33024129299739713
-0.06916639938154229;0.2933536426287376
-0.1174808313735758;0.2378160575547116
-0.15432827672295768;0.16018734186444689
-0.16556677541473414;0.057988550211169866
-0.12260154878458535;-0.05851748861362653
-0.0064352970780121015;-0.13277103470582427
0.11966329022327135;-0.12057262653871448
0.20761437085338458;-0.06285168700523382
0.26035245426666725;0.007201000177503204
0.28726353812959937;0.07709576443347482
0.2950539090058638;0.1421017412746755
0.28816327428649796;0.2001641206572781
0.26963469836164705;0.2502166509173162
0.24167032148081136;0.2915579717888284
0.2059647821099085;0.3235853772211917
0.163918633739124;0.3456581345926263
0.11679514859234327;0.3570061711641846
0.0658638011281619;0.3566465290688473
0.012572975178981247;0.34328511877761386
-0.04118232778740345;0.3151860428600879
-0.09255917632690037;0.2700009942301241
-0.13668617507555447;0.20462385997285704
-0.16407613105529897;0.1156013732127622
-0.15460088451026008;0.0035368522762057697
-0.07564160966812625;-0.10350313923300479
0.055933368634008496;-0.1361058110484627
0.165643360120715;-0.09663600931644552
0.23593973911220972;-0.030710081320042153
0.2756283561694968;0.04016189388795426
0.29296009184100397;0.10814404991278824
0.2934609681301809;0.17008956804438527
0.280831597563155;0.22452264881467013
0.2576706321675886;0.2705945765682122
0.22591148745282297;0.30767228427579574
0.18708985291579036;0.33514840771738397
0.14252454515907792;0.35233223523461954
0.09346321120885151;0.35836536969232036
0.04123342431188117;0.35213374464989294
-0.012551281659077311;0.3321562510635557
-0.06563991603996164;0.29643477681770225
-0.1144381336218902;0.24227626579667585
-0.1524015150158779;0.1662710495827282
-0.16610606983329626;0.06571141165193196
-0.12801325396785765;-0.05092914705598736
-0.01572147383186082;-0.13059310387755566
0.11214059898407618;-0.12341640897388965
0.20283763835322544;-0.06741440235753886
0.25766172688796046;0.0023346832559655805
0.28609362630386537;0.07243869034821765
0.295029912362171;0.137861712587226
0.2890341517329194;0.19643944036276084
0.27122393862308614;0.24706429749186104
0.243846441319743;0.2890207360521685
0.20862326152018304;0.32170449904823006
0.16696968698440204;0.34448061638670235
0.1201538698896059;0.35659046990003995
0.06943996228529423;0.35706851904330605
0.016257178105535924;0.34464565862295204
-0.037542165123675225;0.31762123442109097
-0.08920470360154206;0.2736946899589762
-0.13405471033340333;0.20981163490037655
-0.1630616969052456;0.1224896128242116
-0.15709509055689733;0.011661313483121848
-0.0835496704917121;-0.09784005080873452
0.047042288209005814;-0.13676729884260969
0.1594619446692083;-0.10056056546180116
0.23221896330738057;-0.035513323451154065
0.27370329660434983;0.035355048366912424
0.2923616381966391;0.10366449363411748
0.293879648674331;0.1660808200014095
0.28205580568938715;0.22105876153422596
0.25954764166763117;0.267723751428993
0.2283241704664841;0.30543546510886416
0.18994186465572455;0.3335887647504021
0.14572955794207915;0.35150141747484687
0.09693523824359142;0.35832913779265735
0.04487542463453801;0.35297852844816524
-0.00886471234760715;0.3339978656157772
-0.062094406335065064;0.29943002113173706
-0.11134717945826647;0.24663434318689983
-0.15036700809021517;0.17223726309716503
-0.1664089896641009;0.07334089038003501
-0.13302822421143326;-0.043182705846205455
-0.024951528621933606;-0.12795009389654596
0.10442184955495305;-0.126044258651409
0.19789244767680123;-0.07192110142099442
0.25484885193383994;-0.0025327409218885186
0.28483345682288674;0.06775874957747742
0.29493665425038357;0.1335892948122174
0.28985014389544456;0.19267741899457783
0.27276868718459957;0.24387135883666225
0.24598605271626844;0.2864401462582098
0.21125180543596903;0.31977734070404856
0.16999669592752933;0.3432533139566776
0.12349441011774433;0.35612052197141103
0.07300454823871877;0.3574303963497419
0.019938306325407076;0.3459382270744499
-0.03389255281853511;0.3199778047158425
-0.08581976001537124;0.2772954924883326
-0.1313526761416499;0.21488938447179526
-0.16189126844981275;0.12926105322191286
-0.15926347531351243;0.019762062022959378
-0.09114018159614327;-0.09180436667556977
0.03802496347806758;-0.13706221412788092
0.15308728050116494;-0.10436348773390552
0.22835275741327243;-0.04029451825898026
0.27167254645501393;0.0305343771520316
0.2916837181273935;0.09915659447903725
0.29423638315950185;0.16203689401273724
0.2832303605570067;0.21755577718178454
0.2613841307293769;0.2648109274078014
0.23070356498941058;0.3031538823664893
0.1927667656327373;0.3319812255967615
0.1489132547747645;0.35061881675430506
0.10039204289680928;0.3582360825457382
0.04850949957528914;0.35375979159837473
-0.005176059764082938;0.3357669195228871
-0.05853113501062808;0.3023404538425366
-0.10821051237020071;0.25089163762204186
-0.1482303558635668;0.17808683804661712
-0.1664874564216767;0.08087183132393815
-0.1376492466344028;-0.035307796309716845
-0.03409053685542196;-0.12483888707348857
0.09650974938096361;-0.1284390248030585
0.19277510361669759;-0.07636546450509765
0.25191098190636035;-0.007399116732995892
0.28348116817859664;0.06305672124857852
0.29477289349695096;0.12928477874086444
0.29061037998527556;0.18887817432294937
0.27426829459116875;0.2406379035380242
0.24808863482587545;0.2838162778354964
0.21384995915725377;0.317804014275096
0.17299922195027087;0.3419763976469497
0.12681629691560284;0.35559657783885174
0.0765569840635253;0.35773252135727684
0.023615585523492664;0.34716333123953946
-0.03023465861656784;0.32225645816586074
-0.08240633227114137;0.28080433373123453
-0.1285839308225602;0.2198580427804511
-0.1605731205810072;0.13591462413449995
-0.1611193670203619;0.02782422135688457
-0.09838960785383162;-0.08542486662791064
0.028900637171513477;-0.13697091520200125
0.14651737889882022;-0.10803327957510324
0.2243379638901361;-0.045049511277443145
0.26953392341186416;0.025701555089056295
0.2909248661644513;0.09462115840703154
0.29453013093791025;0.1579582639737133
0.28435446808132087;0.21401403425628113
0.2631794456234253;0.2618563910478807
0.23304909254441797;0.3008278104923155
0.19556400532804002;0.3303260781495748
0.15207507344585033;0.34968475567685675
0.10383300425841892;0.3580865866054926
0.052134901327600514;0.35447801034240656
-0.001486327342044513;0.3374640302802595
-0.05495163426152304;0.3051668870157913
-0.10503083555495091;0.2550491305987888
-0.14599704923968437;0.18382024906945252
-0.16635292237847005;0.08829930739023895
-0.14188135021878798;-0.02733302308173332
-0.04310183163846384;-0.12126088363787647
0.08840910527199287;-0.13058247403625842
0.18748243561918745;-0.08074024965956315
0.2488454896550793;-0.012261668280410764
0.2820350028074795;0.058333876154374395
0.2945374203090178;0.1249488790277353
0.291313968032216;0.18504219046394368
0.2757220528966206;0.23736431412415002
0.2501535831202335;0.28114947160421516
0.2164171698630839;0.3157848516739153
0.1759767235456628;0.34065021510747545
0.13011896009715257;0.35501902558842396
0.08009661902614064;0.35797535315311907
0.027288195235046078;0.34832154389003883
-0.026569656666801354;0.3244579379024493
-0.07896634999612606;0.2842221690450551
-0.12575215082723273;0.22471859592295942
-0.15911510822662264;0.142449568691372
-0.16267623341259532;0.035834574170888915
-0.10527839342553978;-0.07873254487562038
0.019691441370919095;-0.13647478633177415
0.1397507825407687;-0.1115576182767725
0.2201714432598594;-0.04977379699883243
0.2672852401912097;0.02085843013352438
0.2900836261761221;0.09005910359666149
0.2947598703644115;0.15384548056407982
0.28542735931795227;0.21043392621405368
0.2649329646467629;0.25886046734177626
0.23536021225494472;0.29845755144614733
0.19833307752926654;0.32862362960453145
0.15521450037418758;0.3486995716885255
0.10725755345004352;0.35788104552134453
0.05575093329527336;0.3551336746279806
0.002203534351512534;0.33908983046564606
-0.051357365523504776;0.307910149981937
-0.10181072620890973;0.25910783558676054
-0.1436723064955644;0.18943811953407783
-0.1660164012026383;0.09561926776562601
-0.14573195318429874;-0.019284986224066977
-0.05194873489380645;-0.11722203894718651
0.08012615934282766;-0.13245571084939686
0.1820112707405986;-0.08503778696337848
0.2456496499836189;-0.017117529024629055
0.2804931638994942;0.05359147296735232
0.29422903420779095;0.12058226134187036
0.29196006429637716;0.18116989474666634
0.27712933440458537;0.23405092115673506
0.25218040345975873;0.27844002677661506
0.21895302185256107;0.31372015987599233
0.1789288214425645;0.3392751109282575
0.13340201438044422;0.35438827810253554
0.08362300694348329;0.3581594100144977
0.030955533273097288;0.34941353983877493
-0.022898481952901183;0.32658314085125534
-0.07550147917546059;0.2875501762919459
-0.12286068292945411;0.22947237216293442
-0.15752460794935347;0.14886585708314878
-0.16394763432442694;0.043782086047583
-0.11179164384809989;-0.07175930450560575
0.010421675872519437;-0.13555663980971092
0.1327860976786129;-0.11492360834709324
0.215849713373772;-0.05446289940918149
0.26492407922510197;0.016006598638660205
0.2891584267929339;0.08547104977439406
0.29492455046508986;0.1496988135494624
0.2864482993352998;0.20681560171262642
0.2666441472893907;0.2558232800164749
0.23763650165924904;0.2960432513828341
0.2010736237350312;0.32687407875871527
0.15833119620326447;0.3476635417744673
0.11066532321470503;0.357619842363394
0.059357128096661944;0.35572731426449067
0.005892833035027295;0.34064505085729463
-0.04774950365473582;0.31057124131224445
-0.098552434279444;0.2630690332285835
-0.1412609202060245;0.1949415297777251
-0.16548839455603265;0.10282878919594532
-0.14921053324603648;-0.011187782255415958
-0.060595632033363614;-0.11273270109172363
0.0716684621426573;-0.13403931082506643
0.17635822467408022;-0.08925009847613731
0.24232046991680264;-0.021963936254254895
0.2788536687770487;0.04883055250379324
0.2938464121179445;0.11618536265081882
0.29254773589469363;0.1772615013824947
0.2784894346851357;0.2306978628022741
0.2541685210962755;0.27568806940943513
0.22145700515268557;0.31161008499853404
0.18185502074031556;0.33785127246892377
0.13666493348827588;0.35370458344107886
0.08713553281620325;0.3582850251156868
0.034616808778754976;0.3504397709852506
-0.019222267830313645;0.328632683611259
-0.07201354920916053;0.2907891743625378
-0.11991291914951516;0.23412026218054202
-0.15580873077442622;0.15516310097958919
-0.16494684426399342;0.051656443957775855
-0.11791803285723548;-0.06453836313889162
0.0011191846054510552;-0.1342013608797318
0.1256231701698129;-0.11811719684983475
0.21136964766686445;-0.059111582947434335
0.2624481823013599;0.01114820261987955
0.2881477646332099;0.08085806607898408
0.2950231216816029;0.14551891145199455
0.28741650297859966;0.2031595263612769
0.2683123626681802;0.25274521149731854
0.23987741725275627;0.2935852590928503
0.20378514157581074;0.3250777717908256
0.1614246598630995;0.34657703585009847
0.11405576728601909;0.35730340077557493
0.0629528346176821;0.35625944065513854
0.009580695460795607;0.34213034136079185
-0.04412937945414826;0.31315100841539595
-0.09525828465437595;0.26693378083283265
-0.1387675613274575;0.20033132777402407
-0.1647789368243361;0.10992518815992913
-0.15232782570580042;-0.0030638077865622767
-0.06900779496618131;-0.10780796635448049
0.06304598622737681;-0.13531326627922377
0.17052036498950515;-0.09336837503410163
0.2388551018208516;-0.026797666342589926
0.2771146423230622;0.044052467703880265
0.29338833737152675;0.11175885843276054
0.293076170710868;0.17331741795999528
0.279801796866914;0.22730544103994424
0.25611754571912726;0.2728938732608197
0.22392883905652822;0.3094549185292764
0.18475510664957837;0.3363790452434881
0.13990752554251393;0.3529683779315282
0.09063397270185866;0.3583527694769033
0.03827167616461121;0.35140100075760505
-0.015541656386776691;0.3306075983884699
-0.06850386097906351;0.29394054199724423
-0.11691168366819736;0.23866393217925083
-0.15397396967109214;0.16134212793475694
-0.16568702108679312;0.059449917313388154
-0.12365116881296928;-0.05710179386959111
-0.008186990318236964;-0.1323961020191711
0.11826154029256557;-0.12112392439190407
0.20672742267650165;-0.06371495738464057
0.2598548670432257;0.006284758541328513
0.2870499650556576;0.07622055010810766
0.2950545583070958;0.1413057885476995
0.2883313619022946;0.19946560121031054
0.2699372813887164;0.24962616569518042
0.24208282056126243;0.291083542283249
0.20646762156185544;0.3232347811441673
0.1644949581323804;0.3454402678927655
0.11742897203900513;0.3569321173278606
0.06653807688826668;0.35673068727745066
0.013266956288969295;0.34354664119351225
-0.0404975990353315;0.3156507838646788
-0.09192987903426734;0.27070386627450027
-0.13619618380594528;0.20560944960706665
-0.16389742621563153;0.11690766697875203
-0.1550962197694607;0.00506820555255577
-0.07715422298997644;-0.1024661720100754
0.054269121308586424;-0.13625747468847993
0.1644937174561712;-0.09738396233770022
0.2352498659708432;-0.03161622133487804
0.2752737046803318;0.039257729661907555
0.2928533200116682;0.10730261634219425
0.2935444376654261;0.16933732641823493
0.28106584475215585;0.22387332639290752
0.258027130175368;0.2700571735939395
0.22636832062419007;0.3072545005025301
0.18762895684726966;0.33485840102757014
0.14312969144421117;0.3521797907964965
0.0941181836059475;0.35836296223617364
0.04191985453046572;0.352297781960405
-0.011857221957709458;0.33250873005611287
-0.06497363210944447;0.29700548242757907
-0.11385963860249379;0.24310489101460678
-0.15202643153092762;0.1674037649873252
-0.1661808659401157;0.06715577379048905
-0.12898816370073554;-0.049481207995530824
-0.01746537156053034;-0.130130958335211
0.11070163146451367;-0.12392836277977722
0.20191915607930158;-0.06826767635220486
0.25714129879773;0.001417975739947813
0.2858631731552575;0.07155901602432146
0.2950176101143536;0.13705954907995083
0.2891919829055799;0.19573379926676981
0.2715182172139437;0.24646609337347442
0.24425213787912547;0.2885380760773901
0.20912053670693026;0.3213451292574184
0.16754155860123335;0.3442533220939722
0.12078434856981682;0.35650615217194814
0.07011214496474179;0.35714130991343823
0.01695067796005229;0.34489433231961997
-0.0368555325927846;0.318071114683534
-0.08856948504835767;0.2743800040330915
-0.13355110541134435;0.21077644789904607
-0.16285295158947571;0.12377402896894713
-0.15752805890985086;0.01318945194119177
-0.08500448080782204;-0.09673080408416306
0.04535287331331812;-0.1368514579226687
0.15827603985357686;-0.10128647733864632
0.23150191564846406;-0.03641564464690042
0.2733288882677736;0.0344481295568562
0.2922399981566885;0.10281763747410431
0.2939515176829072;0.16532189450460752
0.28228074682416104;0.22040202892263797
0.2598965389044821;0.2671783965811071
0.22877475393210103;0.30500920906607837
0.19047587371251265;0.3332896925476394
0.14633069436803683;0.3513391684537004
0.09758734520592023;0.35831596484017614
0.045560366351545964;0.35313052121381694
-0.008170242238846277;0.334336571835295
-0.06142472054246256;0.29998461147831235
-0.11075992256897828;0.2474438053372096
-0.14997229595822664;0.17334783820199198
-0.16644060881663786;0.07476693129314091
-0.13392855870305967;-0.041708481897551074
-0.026680843001729702;-0.12739992716654974
0.10294633259605514;-0.12651361902357286
0.1969418923417232;-0.07276307240219827
0.2543051371003018;-0.003449352295765665
0.2845858056442134;0.0668749209808445
0.2949111542507188;0.13278112455642824
0.28999750591142437;0.1919648130671242
0.2730544602806099;0.2432655647923193
0.24638474431349094;0.2859493646624635
0.21174330489337928;0.3194092884820869
0.17056388796036237;0.34301666703640304
0.12412129574775428;0.35602599981506095
0.07367435643995447;0.3574918663059923
0.020631000305872945;0.346174086084984
-0.03320441697833775;0.3204128494846427
-0.08517916488871705;0.27796326222656753
-0.13083633292443808;0.21583336896605254
-0.16165413573903278;0.13052307381753217
-0.15963648831999702;0.02128370072984363
-0.09253214959723978;-0.09062832450853574
0.03631417831772654;-0.13707510319080946
0.15186498401466667;-0.10506508476534741
0.22760811228044245;-0.041192049019030334
0.27127806309805674;0.029625222158379372
0.2915469690389376;0.09830466232323648
0.2942964499895454;0.16127155381791375
0.28344581031630567;0.21689185843327988
0.26172524649026696;0.26425781343450894
0.2311477164242621;0.3027193224254736
0.1932954922668034;0.3316732364354574
0.1495101858508381;0.3504468959107953
0.10104107627149443;0.3582122661957562
0.049192722442896644;0.35389985833151166
-0.004481452161892566;0.3360919776627055
-0.05785841346123376;0.3028790707605389
-0.10761507098538357;0.2516820911368431
-0.14781711131139585;0.17917530488091005
-0.1664781059022438;0.08227848905598999
-0.1384757285946379;-0.03381289727125749
-0.035798311990151106;-0.12420067146281957
0.09499858110052364;-0.12886238981545847
0.19179194571474373;-0.07719474280810186
0.25134353539241894;-0.008315049409420265
0.28321601800926055;0.06216904623581927
0.29473398452036975;0.12847080567054991
0.2907471124765214;0.18815875869243393
0.27454543145819693;0.24002464888846808
0.2484802080737522;0.28331748987892535
0.2143355793715412;0.31742738806683096
0.17356163526395624;0.34173050564812363
0.12743948876978198;0.3554919642889228
0.07722430874247453;0.35778279615828423
0.024307340726175842;0.3473865248602791
-0.02954521130072276;0.3226768545232786
-0.08176069824933223;0.2814547963705149
-0.1280555266553774;0.22078145243553499
-0.16030910474261786;0.13715415352514243
-0.161434982754798;0.029336819647892136
-0.09971480109283425;-0.08418769242829378
0.027172393339426743;-0.1369089563117905
0.14525836043401846;-0.1087083327979476
0.2235651305117;-0.04594145807807489
0.26911897173113164;0.024790473832630062
0.2907727659037017;0.0937642885986443
0.29457824818952355;0.15718657844022882
0.2845603403001337;0.21334297108701425
0.26351273537506353;0.2612955512589562
0.23348679646218015;0.3003849830526113
0.19608745388515894;0.3300092199920143
0.1526678136864299;0.34950323106444825
0.10447897793890619;0.3580522241042766
0.05281640205417383;0.354606288859786
-0.0007916328344077971;0.3377756332734047
-0.05427602712176537;0.30568979465467694
-0.10442759024717849;0.2558209150003779
-0.14556619747191604;0.18488691618666292
-0.16630470942410222;0.08968601307061341
-0.14263536367831767;-0.025822351426786228
-0.04478144675583486;-0.1205352917184369
0.08686308341996361;-0.13095642141928612
0.18646591353293115;-0.08155558700818615
0.2482537230877117;-0.013176571120033342
0.28175200100465797;0.057442410695318386
0.29448491132947885;0.12412905735737534
0.2914399905603009;0.1843158908986177
0.2759905523229929;0.23674352784689665
0.25053809709961133;0.2806426259264302
0.2168970160437941;0.3153996320827958
0.17653449796260692;0.34039510152759694
0.13073862045688306;0.3549043989640574
0.08076162947553077;0.35801458013572
0.0279791609641112;0.3485323075596921
-0.025878812903708557;0.3248640328930118
-0.07831574669118282;0.2848558076764397
-0.12521212245982868;0.22562204152311305
-0.15882551689304672;0.14366707488943906
-0.16293712887694403;0.03733652559990566
-0.10653420697857245;-0.0774396769537315
0.01794941158702525;-0.1363345896082743
0.13845422648419248;-0.1122040382839288
0.21936945145937567;-0.05065970656252252
0.26684919249106454;0.019945337734742292
0.2899158072036385;0.0891970543411977
0.2947958458988802;0.15306718142727385
0.2856235816265215;0.20975547145497803
0.2652584405547702;0.25829169620366244
0.23579154135635824;0.29800630349288293
0.19885136362887962;0.32829780957335736
0.15580319414993304;0.3485084175782406
0.1079006261665766;0.3578361867981563
0.056430863385943296;0.3552503038160921
0.0028984327645766757;0.3393882223456362
-0.05067885414627619;0.3084177204521664
-0.10119988797859032;0.25986146660538373
-0.14322460705507603;0.1904835650347937
-0.16593130763336847;0.09698591656119106
-0.14641539822230806;-0.017762684568610774
-0.053594004722727163;-0.1164103678181823
0.07854599903361185;-0.13277673714431432
0.18096035978826505;-0.08583800962125701
0.24503277914987218;-0.018031223820990455
0.2801918228769229;0.05269608638321044
0.2941626396724945;0.11975637441783692
0.29207522331952945;0.18043648609312088
0.27738913091874046;0.23342240061673128
0.2525578519840102;0.2779249567926348
0.21942712698061093;0.313326223419959
0.1794820131610564;0.3390107003970757
0.1340182081042698;0.3542636160974627
0.08428575947800675;0.35818762672453
0.03164573412720605;0.3496119801187484
-0.022206288059938798;0.32697512232092224
-0.0748460965700441;0.28816727191022057
-0.12230954702887051;0.23035620915245983
-0.15721072882081394;0.15006150884612487
-0.16415635048364471;0.045271687376478215
-0.11297587518951946;-0.07041661971483885
0.008670467300304982;-0.1353350957991278
0.13145158326995265;-0.1155389378427797
0.21501776522884905;-0.055342010170984
0.2644663953983243;0.015091679258426574
0.2889745568941415;0.0846038187757191
0.29494818591191063;0.14891383745874562
0.2866347607553398;0.2061296786005601
0.2669617573229834;0.255246508190072
0.23806144460389578;0.29558353185226877
0.2015867629895969;0.3265392716033808
0.15891587390558576;0.347462765565233
0.11130552616414795;0.3575645357539397
0.060035509445398746;0.35583238998256395
0.006587914406947139;0.3409303897217464
-0.04706820034301208;0.31106370880507644
-0.09793431717819207;0.2638048272727578
-0.14079716373756848;0.1959660751814664
-0.1653682913241363;0.10417505710043799
-0.14982538789493635;-0.009657954930392981
-0.06220015238114832;-0.11183723028166836
0.07005555630170589;-0.1343036930996313
0.175272127340625;-0.09003373420596181
0.24167781924037163;-0.022876005221530177
0.2785335600474305;0.04793132312086357
0.29376587109838415;0.11535337690485868
0.2926518786663669;0.1765209177717914
0.27874044791871516;0.23006154094923512
0.25453887331880093;0.27516472244432233
0.22192537315069155;0.3112074020928492
0.18240365676070347;0.33757756554749846
0.1372776996583624;0.35356992400561194
0.08779606581898548;0.3583023156077626
0.03530626470090615;0.3506260291965095
-0.018528761174734756;0.329010766216085
-0.0713535551057041;0.29139003118337903
-0.11935114482314764;0.23498487367415144
-0.15547175521547257;0.156337137317003
-0.16510585343459172;0.05313227489482952
-0.11902922349670927;-0.06315174649713923
-0.0006361019974637283;-0.13389573697164245
0.12425037071149896;-0.1186988146377259
0.2105068968770031;-0.05998308808598105
0.26196827609343437;0.010231642567596188
0.2879474693553825;0.07998564118569162
0.29503417490312667;0.1447271849185406
0.28759304249408885;0.2024660496582636
0.26862199572619716;0.2521603614901492
0.24029589226717443;0.2931170068745371
0.20429306746477757;0.32473393670949197
0.16200525848430103;0.34636661979050015
0.11469303007401269;0.3572376539961601
0.06362956887749262;0.35635300244190193
0.010275813858290902;0.34240270303825926
-0.04344552079831;0.31362849302439744
-0.09463331284677927;0.2676519040370987
-0.13828859835765553;0.20133511321843697
-0.16462564138955132;0.11125062550614273
-0.15287620822631437;-0.0015303988804871312
-0.07056526056988725;-0.10683191686029261
0.06140233563349333;-0.13551714462857092
0.1693984436346756;-0.09413370110098121
0.23818603778970976;-0.02770749703641971
0.276775315385498;0.043149645740428316
0.2932933106347649;0.11092090190472827
0.2931690109702173;0.1725697419212595
0.2800437579078104;0.22666138021686583
0.25648052905742524;0.2723622980530912
0.22439117991432697;0.30904352402558516
0.18529887058959238;0.33609605907443213
0.14051651466339868;0.3528237151177097
0.09129189581337413;0.35835909919933506
0.038959945768770314;0.3515750078276363
-0.014847335591175;0.33097167003363426
-0.06783986115489049;0.29452499573225227
-0.1163401004938057;0.23950906192568447
-0.15361525724172284;0.16249397399843615
-0.16579862516654553;0.06090971645284364
-0.1246877971106623;-0.05567809192128625
-0.009939542408728042;-0.13200443766431336
0.11685125880584438;-0.12166863857678857
0.20583363271808985;-0.06457736839116913
0.25935247743136414;0.005367400422895491
0.2868329997897546;0.07534352729932516
0.2950527696714187;0.14050778567834443
0.28849768426946565;0.19876496408637834
0.27023859615960566;0.24903356285625586
0.2424944361145176;0.29060701712263637
0.20696989050664857;0.322882110134645
0.16507098203319975;0.34522033121504053
0.11806274645551186;0.3568559703690435
0.06721256179471691;0.35681268777576547
0.013961453484203428;0.34380588026832315
-0.03981192077842819;0.31611302969716715
-0.09129892125357474;0.2714039233079739
-0.1357031764002044;0.20659183838012457
-0.16371278863458116;0.11821083897630062
-0.15557998459398956;0.006600354509823879
-0.07865748892141314;-0.1014144158820543
0.05259860717246622;-0.13639682847487464
0.1633363783119653;-0.09812850478411837
0.23455437298553927;-0.03252241101550052
0.27491507303554297;0.03835231225198634
0.29274366492868675;0.1064594870670626
0.29362577246289595;0.16858322368363213
0.28129849233404297;0.22322208669151916
0.2583824303397689;0.26951783555307396
0.22682427328491542;0.30683477057651604
0.18816744624854784;0.3345664258013042
0.14373446343623686;0.3520253309140441
0.09477302143634228;0.3583584545668402
0.04260642053751537;0.3524595802636522
-0.011162670742376129;0.3328587543366376
-0.06430630999931518;0.29757341291976647
-0.11327913437433795;0.2439303051620278
-0.15164736304073545;0.16853287945317103
-0.16624738964734148;0.06859751321627018
-0.12994949485294782;-0.04802712392023798
-0.019207960604997062;-0.1296520253960998
0.10925495411158143;-0.12443281884975751
0.20099417596429997;-0.06911937808182492
0.25661622744674534;0.0005007573647699862
0.28562935968913195;0.07067807293520409
0.2950028002527852;0.1362558178934848
0.2893478949075176;0.19502646470201868
0.2718110030516326;0.24586613450739236
0.24465666740352318;0.28805361817952413
0.20961690870441554;0.32098391307169255
0.16811275698057035;0.3440241125091704
0.12141437444857935;0.35641981659693206
0.07078411107951511;0.35721193240511334
0.017644258417336897;0.34514061735751567
-0.03616838740222034;0.3185182896442048
-0.08793303495257855;0.2750621727167286
-0.13304490029387758;0.21173758117249492
-0.16263867903466875;0.12505459932811613
-0.15794966357593224;0.014717015496513088
-0.08644821132719115;-0.09560823519397821
0.04365866082015212;-0.1369224968680751
0.15708295787651705;-0.10200818856591419
0.23077950079510423;-0.03731739553360868
0.2729506140027912;0.033540487032086175
0.2921154901785854;0.10196955289300376
0.2940211917773277;0.16456152124011467
0.282503968047992;0.21974373699580824
0.2602440707233064;0.2666314088768811
0.22922425208277816;0.30458125314742696
0.19100903524680563;0.332988841516858
0.1469312033292208;0.3511750363412006
0.09823905149740139;0.3583007656705402
0.046245172753629986;0.3532802888751372
-0.007475550952496758;0.3346727753122876
-0.060754267115198886;0.3005363140443291
-0.11017093113571157;0.24824987050601918
-0.14957390804267767;0.17445451370325676
-0.16646434681169878;0.0761897315697799
-0.134815118480661;-0.04022960200237028
-0.028407043864285948;-0.12683302154549186
0.1014636702984706;-0.126974694894735
0.19598500547550102;-0.07360296879917685
0.253756852421833;-0.00436610762456186
0.28433481691747886;0.06599012709537411
0.29488312976163944;0.1319716481256087
0.2901428984237001;0.1912507360595001
0.27333866282633057;0.242658201735336
0.24678216836956915;0.2854569357885369
0.21223378189288516;0.3190395062902689
0.17113027223068242;0.3427781872023332
0.12474758150436695;0.355929507899937
0.07434379303474561;0.35755117998705693
0.021323612531056507;0.34640753146712466
-0.032515938809742295;0.3208451244442825
-0.08453752907696545;0.27862777750816725
-0.13031761725852312;0.21677350108235638
-0.16141180268142394;0.1317809156612054
-0.15999850138705488;0.022803882080711598
-0.09391186822451787;-0.08944028318967967
0.03459972400971251;-0.1370741721102692
0.15063574123905957;-0.10576190584137715
0.22685817033528394;-0.04208865569900026
0.2708797369626666;0.028715609697465713
0.29140733945238784;0.09745171883500532
0.2943542762473404;0.16050494678364033
0.28365946441541356;0.21622652970309233
0.2620648928544212;0.26370318560190825
0.23159065261277836;0.30228315037340203
0.19382321698252716;0.3313635232054751
0.15010631166156713;0.3502731110020475
0.1016895090146398;0.3581864028670855
0.04987558949132025;0.3540376337550836
-0.0037868653018700736;0.3364144142310483
-0.0571851827236307;0.30341461725757607
-0.10701817807230582;0.2524688838379508
-0.1474005163261137;0.1802594831061047
-0.1664612684354121;0.083681213671542
-0.13928831490157298;-0.032314901864566606
-0.037501025323959616;-0.12354603615373236
0.09348101289372743;-0.1292766666356116
0.1908027129969514;-0.07802139760221583
0.2507716435301461;-0.00923071411905888
0.28294758030489986;0.061280747393794105
0.29469254327332095;0.12765581362615672
0.2908818215787429;0.18743811580008235
0.2748209055945081;0.23941002910793963
0.24887038974220665;0.2828172187751822
0.21482002569949143;0.3170491560015183
0.17412306575642947;0.3414828636806156
0.1280618851261398;0.35538542083525715
0.07789104758523299;0.35783090879618534
0.02499878046903298;0.3476072499057168
-0.028855675624786522;0.3230943712354137
-0.08111429151104566;0.28210182904486547
-0.1275250456054892;0.22170074936735595
-0.16004024821370202;0.1383890957966831
-0.1617399913089308;0.030847026606644717
-0.10102669418971195;-0.08294002969717731
0.025441793502153004;-0.13683256360735102
0.1439927151428033;-0.10937797922956907
0.2227871055344541;-0.04683206126991287
0.2687001988742267;0.0238792663338363
0.2906177420116275;0.09290669532769258
0.294624023359659;0.15641388049150076
0.2847642605200263;0.21267071868949544
0.2638443482066021;0.2607333809868763
0.23392302941660073;0.2999406844885515
0.19660959986876847;0.3296907300924133
0.1532594072843388;0.3493198781768048
0.10512397339649188;0.35801578470828427
0.053497138621176825;0.35473216947088654
-9.738793906559416e-05;0.33808441721931615
-0.0536003544915605;0.30620932613617624
-0.10382334017762289;0.2565885979702713
-0.1451324389080166;0.18594866888407316
-0.16624943682229695;0.09106780975136868
-0.143375330554258;-0.02431043148244384
-0.046453701483926;-0.11979398924229988
0.08531182821175742;-0.1313204012646446
0.18544381779229227;-0.08236754045512719
0.24765776630505482;-0.014090550077201051
0.28146580498318724;0.05655091005159238
0.294429837833142;0.12330874454357876
0.2915638535828966;0.18358882802438847
0.27625716533064965;0.2361217722348832
0.2509209200985374;0.2801346203053066
0.21737532396293077;0.3150130513142242
0.17709086896618279;0.340138397616496
0.13135701702711478;0.3547879088950557
0.08142554642219071;0.35805160828353255
0.028669272408106166;0.3487404501702461
-0.02518843833744859;0.3252669623689495
-0.07766492767822293;0.2854855731137264
-0.12467055730753174;0.2265207358345397
-0.15853158795390723;0.14487907064380828
-0.1631877325235541;0.038834582672054925
-0.10777530673030561;-0.07613844039184324
0.016207224714376564;-0.13617948698110824
0.1371520022065903;-0.1128440892964364
0.21856277706595795;-0.05154341724461252
0.26640959391819996;0.01903289759425434
0.28974516647555226;0.08833498663748163
0.29482945146712164;0.15228849463413457
0.28581772279803686;0.20907636847742359
0.26558203057913354;0.25772205027268535
0.23622112773888138;0.29755395353019837
0.19936802580811364;0.32797063938181475
0.1563903809600888;0.34831562791419524
0.1085423304710644;0.3577893528891215
0.05710962263118029;0.35536453995765055
0.0035924605143610655;0.3396836989784159
-0.050000703785306785;0.30892170755456705
-0.10058847069602783;0.2606106620840061
-0.14277442825325456;0.19152359825042375
-0.16583959922498612;0.09834685156725896
-0.14708484039114847;-0.016240793205659933
-0.05522982066258003;-0.11558388028826917
0.0769617377840094;-0.1330869757198044
0.17990433272928857;-0.08663414692975958
0.24441195115232792;-0.018943406858973263
0.2798873835960173;0.05180118907152163
0.29409366960447;0.1189304683907579
0.2921881241694693;0.17970273256856123
0.2776468692364079;0.23279327177107814
0.2529333759115712;0.2774090276178292
0.21989940819523018;0.3129311625631834
0.18003347229514255;0.3387448681553293
0.13463277333738288;0.3541371861063091
0.08494702642077419;0.3582136606928894
0.032334673722408544;0.349807727306495
-0.02151497683760887;0.32736376866122024
-0.07419091499704444;0.2887802141480516
-0.12175729150585873;0.23123487779829033
-0.15689294138238977;0.15125102072290736
-0.16435517237319;0.04675622903050635
-0.11414442471057729;-0.06906755143024189
0.006921104939408885;-0.1350983336798048
0.1301121879630894;-0.11614709181297186
0.21418151848574338;-0.056218262632060007
0.2640053612759215;0.014177989132719962
0.2887879365410507;0.08373708283511126
0.29496942127426934;0.1481289275034297
0.2868190285087635;0.20544350057896604
0.2672773004966004;0.25466919266198806
0.23848440624678321;0.2951229768571133
0.20209799119649513;0.3262033130740665
0.1594987166489408;0.3472604808164911
0.11194399919378056;0.35750730365941485
0.060712324871678366;0.35593504063461573
0.007281709883976237;0.3412126879651499
-0.0463876887625632;0.3115523626060786
-0.09731606137466624;0.2645358321972267
-0.140331378490156;0.19698469338546765
-0.16524204297250805;0.10551480501847184
-0.15042638192862354;-0.00813015718030526
-0.0637931734362619;-0.11092809849503305
0.06843984055750434;-0.1345564963304497
0.17418145042081834;-0.09081255315435471
0.241031495351414;-0.023785941914714937
0.2782104867919012;0.047033132935262366
0.29368277657518593;0.11452186293373534
0.2927536968361396;0.17578042147373732
0.2789892646539912;0.2294249831673606
0.2549071041785468;0.27464082679716
0.22239167203814914;0.31080384173004594
0.1829502750362201;0.3373026179782685
0.13788851964707233;0.3534336086923117
0.0884547693580872;0.3583174626516203
0.03599409275359975;0.3508095563618273
-0.017836512597193283;0.3293853899846762
-0.07069414702427831;0.2919865152142731
-0.11878864560628634;0.23584398157658917
-0.15513129861604566;0.1575045239770665
-0.16525542592224166;0.054602077783201225
-0.12012409433526666;-0.06176063054138963
-0.002387624219089418;-0.13357473555310828
0.12287341732845435;-0.11927250480389345
0.20964019318393606;-0.06085114848696623
0.2614852108215698;0.009316802567429722
0.28774451539554546;0.07911413894457671
0.29504284774741957;0.14393589953605207
0.2877673544466079;0.20177264420388227
0.26892948749393175;0.2515752473993219
0.24071228172760084;0.29264815380402665
0.20479895592295286;0.3243891420003953
0.1625838804624744;0.3461548458269339
0.11532841017353841;0.35717009363380814
0.06430457828947785;0.3564442141495736
0.010969482221564587;0.3426720649702047
-0.0427626239986006;0.31410217261595014
-0.09400839170947205;0.2683652130504804
-0.1378078553741232;0.20233289593816287
-0.164466608003754;0.11256929203515793
-0.15341116065668478;1.0572672771720203e-08
-0.07210986754938825;-0.10584322753349347
0.05975669763231592;-0.13570877861896574
0.16827214034159385;-0.09489375463260499
0.23751340118984385;-0.02861491061134517
0.2764331056921123;0.04224807629244462
0.29319580898032616;0.1100835859758321
0.2932596119888885;0.17182229131151922
0.2802836220831823;0.22601720103058515
0.2568415109373174;0.27183028011014326
0.22485159599406843;0.3086313558210961
0.1858407878536429;0.33581194410521337
0.1411237553056573;0.35267752812136804
0.09194821215228521;0.3583634500080527
0.03964682710513053;0.35174649754028664
-0.014154043038930936;0.33133256723733967
-0.06717625062826472;0.29510545400597377
-0.11576768526630944;0.24034918235628347
-0.15325318323261317;0.16363977422015735
-0.165901395898528;0.06236397455608117
-0.12570865604235232;-0.05425039900140621
-0.011688000414367973;-0.13159703598116923
0.11543629180664004;-0.12220516387385397
0.20493542462484338;-0.06543651579172031
0.2588466639817242;0.004451449177832594
0.28661326979550983;0.07446709600039317
0.2950486164795061;0.13970991517011863
0.2886618935232251;0.19806412922231725
0.2705379677493327;0.2484404778444008
0.24290423764215013;0.29012973321312135
0.20747045876907297;0.3225283917515042
0.16564542371061647;0.34499903064475046
0.11869508296150198;0.3567780994040781
0.06788580983512112;0.3568925402308365
0.0146550097411157;0.34406245976243277
-0.03912670513024935;0.3165719795547632
-0.09066758336450416;0.2720998832907485
-0.13520814901848036;0.20756918596725613
-0.16352263518699636;0.11950839110948731
-0.15605132201057068;0.008130232605418659
-0.08014828059296028;-0.10035008151448241
0.05092522949455456;-0.13652345197765936
0.162173630226449;-0.09886809021473292
0.23385464718175386;-0.03342684396874379
0.274553213097636;0.037447414760796084
0.2926314249599114;0.1056162985903706
0.2937049376839503;0.16782871894909868
0.2815292543561118;0.2225701895073027
0.25873605516920994;0.26897761533478465
0.2272787222687093;0.3064139363518138
0.1887045887114448;0.33427310975519586
0.14433805071252104;0.35186926489752374
0.09542686474155025;0.35835203094379764
0.04329224535798888;0.35261908703388123
-0.010468490414588806;0.33320601868101635
-0.06363876002263749;0.2981379866985501
-0.11269731420099813;0.2447516136419302
-0.1512647740295378;0.169657129317569
-0.1663056261477304;0.07003492918399495
-0.1308961080663377;-0.046568798817946164
-0.02094690592293571;-0.12915683858935467
0.10780235085328738;-0.12492904740036864
0.2000638261201118;-0.06996844850278831
0.25608718853830503;-0.0004158832583889171
0.28539255339209624;0.06979687836296017
0.29498563590664395;0.13545142839689392
0.28950188962608925;0.19431822497758644
0.27210219129266106;0.24526508673070002
0.2450598503704596;0.28756790902025336
0.210112147758946;0.32062128273623514
0.1686830208510809;0.3437933107143021
0.12204366962717168;0.3563316819482208
0.07145558155510595;0.35728050369264
0.018337645802424328;0.34538453294123045
-0.03548098898357603;0.31896268082765566
-0.08729558618524291;0.2757410160040716
-0.13253628035243578;0.21269474055125454
-0.16241898870493043;0.1263308818325999
-0.1583598144188214;0.016243360232360015
-0.08788013441008578;-0.09447294169373743
0.04196043944683695;-0.13698024547436397
0.1558831584054423;-0.10272534970398602
0.23005200154857022;-0.03821821400301464
0.27256865276582437;0.0326324613782389
0.291988225967328;0.1011205400691158
0.2940887388936225;0.1637999561663491
0.28272551216453784;0.2190841005751391
0.2605902668919829;0.2660829668026254
0.22967269137950722;0.30415174435638764
0.19154137836205876;0.332686333269819
0.14753112050338824;0.35100912369157766
0.09889040117301694;0.3582836304896411
0.04692989531350125;0.35342791651179184
-0.006780584142727917;0.3350065637170443
-0.06008298909566774;0.3010852257556115
-0.10958016108427059;0.2490526526768867
-0.1491718337884473;0.1755574259292231
-0.1664802690434247;0.07760943556097852
-0.13568801092458174;-0.0387460730538524
-0.03013004800542729;-0.12624929439207555
0.09997376068717748;-0.12742738968702955
0.19502169819018164;-0.07444081567862348
0.2532039683739782;-0.005283085361235924
0.2840805203830661;0.0651042656983829
0.29485266963521645;0.13116075448847422
0.29028647126851054;0.1905350854064884
0.2736215065963737;0.2420491863014607
0.2471785990843919;0.28496280638738075
0.2127235731515095;0.31866798303357297
0.17169624626062588;0.3425379198633343
0.12537372224313698;0.3558311650319601
0.07501336282357927;0.35760855033433564
0.022016683589802646;0.3466388963102744
-0.03182656720333136;0.32127511528014335
-0.08389431830247485;0.27928971577724476
-0.12979609552247898;0.2177106988339648
-0.16116409664151496;0.1330357845367129
-0.16034993591573332;0.024323970522204294
-0.0952804851265456;-0.08823929105029389
0.03288013981193206;-0.1370592532251468
0.1493984008736474;-0.10645448446206895
0.22610222870864324;-0.04298511046057038
0.2704772164937538;0.02780473529496925
0.2912647458740802;0.09659700213744536
0.2944099910585497;0.15973638173040217
0.2838716297682028;0.21555919050675498
0.26240353074354206;0.2631465500312503
0.2320329701946045;0.3018449947516946
0.19435065639176477;0.33105185448904145
0.150702453335431;0.35009739135427914
0.10233824946198337;0.3581586078426841
0.050559071904871924;0.35417345140183465
-0.003091294485433528;0.3367348208328666
-0.05651045835143857;0.3039479956532057
-0.10641895363896918;0.2532532956419354
-0.14697996872154168;0.1813411121415493
-0.1664369881512023;0.08508223788626498
-0.14008833855157937;-0.030811560702749933
-0.039201155785613506;-0.12287391815263009
0.0919546455117253;-0.12968235792606372
0.18980580347710327;-0.07884666292082176
0.2501943876563272;-0.010147520428200647
0.2826754407567758;0.06039044122739035
0.29464854278122354;0.12683853267878917
0.29101478950134124;0.18671512449138777
0.27509525550419917;0.23879309400379026
0.2492599358598825;0.28231470550449517
0.21530424238727028;0.316668770081203
0.1746846197080725;0.34123315826228
0.12868472913433185;0.3552768969788741
0.07855855301762221;0.3578771074781694
0.025691331238192026;0.34782609950585647
-0.028164605217670904;0.3235100079123016
-0.08046573883369827;0.28274692032202986
-0.12699135874022133;0.22261801126690725
-0.15976600197673052;0.13962221255616022
-0.1620351322009856;0.032358146532329095
-0.1023280390585276;-0.08167927232606698
0.02370520288347874;-0.1367413868836322
0.1427176724013974;-0.11004355335749068
0.22200219612694824;-0.047723206674794016
0.2682767405580638;0.02296597665083814
0.2904595551764744;0.09204651745450557
0.2946677096391693;0.15563847874684458
0.2849668886717731;0.2119958006899051
0.26417529028677555;0.26016865327779665
0.234359097978223;0.2994939696024825
0.19713201163487018;0.32936997996751644
0.1538516469607402;0.34913442656453
0.10576996816017212;0.3579774058879423
0.05417922365599776;0.35485626032442447
0.0005985834554933637;0.3383915417595527
-0.052922476319971934;0.3067272962867736
-0.10321615601119093;0.2573547875965235
-0.14469439372147605;0.1870090734086572
-0.16618698563877596;0.09244930794527582
-0.14410375188538918;-0.0227923565190312
-0.04812391727512451;-0.11903450726727044
0.08375021151292152;-0.13167544823976016
0.18441272210430987;-0.08317872264758502
0.24705562241438125;-0.01500659972195511
0.2811754660049483;0.05565643747830856
0.2943720366386269;0.1224852358432848
0.2916860072162064;0.18285860557167874
0.276522836047978;0.23549700235831625
0.2513034048314286;0.2796237928706049
0.21785378721923793;0.31462386152770316
0.17764781472310015;0.33987930354684337
0.13197635993704204;0.35466924525257254
0.0820907571092721;0.35808667023689067
0.029361033071812006;0.34894681580173526
-0.024496006173958702;0.3256682761548154
-0.07701149741081062;0.2861138479616321
-0.1241254546677363;0.22741805431023496
-0.15823224379884548;0.14609008474723806
-0.16342902173384471;0.04033424492810268
-0.10900616438176204;-0.07482422044979038
0.014458617498010496;-0.13600876741047782
0.13583927039844115;-0.11348004882435754
0.21774840084194652;-0.05242818329775859
0.2659648020304505;0.018117721932412532
0.28957107275029154;0.08746968587060569
0.2948608252937135;0.15150650944706623
0.28601052782469716;0.20839407603854804
0.2659049701262346;0.2571493973442641
0.23665060975139662;0.2970988096421702
0.19988503473804886;0.32764089863337653
0.1569783018180889;0.3481204901186741
0.1091851169335428;0.35774038451508816
0.05778979639155405;0.35547683923330536
0.004288260387933196;0.3399774083304803
-0.049320332949151134;0.3094240568648469
-0.09997414906949065;0.2613583073338677
-0.14232007656908693;0.1925622195843696
-0.16574098541400667;0.09970728963047978
-0.14774290158200007;-0.014713589424643094
-0.0568622192090256;-0.11473945277648913
0.0753673505250414;-0.1333874535991737
0.17883911384262535;-0.08742918075219845
0.24378477010345934;-0.01985755172370699
0.2795786818153829;0.05090335220224583
0.29402188146880714;0.11810136917875631
0.29229924095787574;0.17896580940628504
0.27790359792654235;0.23216111180996427
0.25330849578421966;0.27689025484442503
0.22037177711756376;0.31253346555337524
0.180585433806111;0.338476612173355
0.13524820568369947;0.3540085405717794
0.08560949953402107;0.3582376753912715
0.03302516069999838;0.3500016309300172
-0.020821726364565505;0.3277507142983189
-0.07353326135541445;0.2893915550220724
-0.1212016693186587;0.23211202079398635
-0.15656998168900974;0.15243931134332367
-0.1645450029055169;0.048241805768590613
-0.11530207213393101;-0.06770671224208692
0.005166522914895201;-0.1348452613829291
0.12876234171314926;-0.11675048633439108
0.21333747063463732;-0.057095250261816846
0.2635390368458369;0.01326175693734353
0.2885977677055363;0.08286725818425014
0.2949883217157413;0.1473408381302048
0.28700184338272783;0.20475423144702432
0.2675920603781761;0.25408894863589726
0.2389071137367234;0.2946596851674611
0.20260939946856163;0.3258648174577994
0.16008211068449496;0.34705585429643016
0.11258335727139304;0.35744791211822474
0.06139034832661453;0.3560356921650416
0.007977061707611904;0.34149311414283
-0.04570517935465962;0.3120392232666903
-0.09669513317816923;0.26526506828890073
-0.1398616703641491;0.19800158837054155
-0.1651091894282276;0.10685352974837828
-0.15101605685898448;-0.006598241764615921
-0.06538101730241722;-0.11000168020920029
0.06681474796509611;-0.134798615665713
0.17308168807552193;-0.09158969189186793
0.2403788162412351;-0.02469746435965372
0.27788309931985716;0.04613230060843855
0.2935967655350505;0.11368740993793908
0.292853585734357;0.17503697478788335
0.2792368807403575;0.22878557848979944
0.25527469584899437;0.2741142332699291
0.22285778175564092;0.3103977470936868
0.18349708029009384;0.3370252979241645
0.13849985675287974;0.3532950703384878
0.08911429947497847;0.3583305143526034
0.0366830688213251;0.3509910823320946
-0.017142739863400338;0.32975805965963534
-0.0700326811021224;0.29258102796680546
-0.11822318155154803;0.23670104664708988
-0.1547860424589101;0.1586699545431217
-0.1653962631173029;0.05607172379197194
-0.12120704657621868;-0.060359623105805456
-0.004142247263957471;-0.13323699316410217
0.12148674699502846;-0.1198404737953455
0.2087659969218525;-0.061719207568337
0.26099698608344435;0.008400046326220982
0.28753801602647183;0.0782401030315695
0.29504908322871815;0.14314192424694047
0.2879400213918714;0.20107657081045963
0.2692359269107184;0.2509875577342891
0.24112808123386892;0.2921768420711549
0.20530463116371472;0.3240420074180938
0.1631626112405625;0.34594083947466825
0.11596419302539766;0.3571003861784818
0.0649802837809027;0.3565333305429742
0.011664177974481915;0.3429393353392444
-0.04207826381336571;0.3145736976476121
-0.09338131792687011;0.269076222606456
-0.1373236648781497;0.20332820905683346
-0.16430134967139481;0.11388585702897128
-0.15393469858901995;0.0015327358674164886
-0.07364695339708716;-0.1048385389534248
0.05810325910811007;-0.1358887365289028
0.16713737738194892;-0.0956511964378959
0.2368347148341462;-0.029523120004266216
0.27608669093202387;0.04134456534357928
0.2930953484500064;0.10924395929811684
0.2933481148449279;0.1710724443431169
0.2805220089132277;0.22537064905373977
0.25720148350970645;0.27129595214833735
0.22531137189238198;0.30821694717791825
0.1863823710368758;0.33552564763461173
0.14173093297744344;0.3525291952779105
0.0926047277579864;0.35836565545455945
0.04033419615688097;0.3519157917924772
-0.013459897706147205;0.3316911493026357
-0.06651124128138666;0.2956833843595789
-0.1151929210213441;0.2411864650229931
-0.1528868228778869;0.16478250907265085
-0.16599568839493428;0.06381641841386573
-0.12671642233723068;-0.0528152356703422
-0.013436726550397092;-0.13117282116884627
0.11401292394399169;-0.12273483095718143
0.20403039101701087;-0.06629463751259561
0.2583360375036571;0.0035345038749733065
0.28639011731996655;0.0735889630080939
0.29504197489664524;0.13891009093997453
0.28882426591345656;0.19736126204741503
0.2708359786816099;0.2478453473613821
0.24331304283357338;0.28965041018643756
0.2079703246626585;0.3221726359776803
0.1662194150098962;0.34477567517799934
0.119327204522273;0.3566981236239706
0.06855908814613541;0.3569701910254792
0.015348894773124927;0.3443166730915782
-0.03844073347033361;0.3170283058344475
-0.0900347797781156;0.27279284478641125
-0.13471029370158275;0.2085430780982751
-0.16332671656750292;0.12080245788755006
-0.1565111429186775;0.009660276544570457
-0.0816289787074708;-0.09927157194852594
0.04924621074286244;-0.13663746190989529
0.16100343204723136;-0.09960393531450805
0.23314941696059105;-0.03433104082912575
0.27418740680936027;0.036541526607819334
0.292516268373098;0.10477165471870852
0.2937818759241094;0.16707257078833931
0.281758271572254;0.22191656463831969
0.2590882884943976;0.2684356164785529
0.22773205292923437;0.30599127323820935
0.18924083873808023;0.33397789663611144
0.14494095016196598;0.3517112013907013
0.09608022974964822;0.3583434623900007
0.04397783869685303;0.35277623642184597
-0.009774200820153282;0.3335506227401941
-0.06297055107893351;0.29869947423040805
-0.1121138413340333;0.2455692706550812
-0.15087849122609656;0.17077717274653878
-0.16635572922614053;0.07146887322306834
-0.13182867980312973;-0.04510551077091911
-0.022683164945397773;-0.12864508156098692
0.10634282730863111;-0.125417288434457
0.19912740345713018;-0.07081540505443273
0.25555371713068364;-0.0013325025501765542
0.2851524363817812;0.06891491978071528
0.2949658822281802;0.13464593711670075
0.28965377107072765;0.19360870703148592
0.27239159417068;0.24466263861862725
0.2454614861017017;0.2870806855109882
0.21060602546371904;0.3202570079261191
0.1692520848350892;0.3435607016291916
0.12267192736818493;0.35624152908105616
0.07212620773241828;0.35734677967952044
0.019030459827660752;0.34562578526399734
-0.034793738517216656;0.3194039182316809
-0.08665753602794063;0.27641605566285876
-0.13202559782472958;0.21364730195042175
-0.1621941015286822;0.12760205953606327
-0.15875839708596584;0.01776744195909769
-0.08929929789228329;-0.09332581658216987
0.040259283041782876;-0.1370245711360497
0.15467728343708353;-0.10343747965604913
0.22931976137211074;-0.03911753619390798
0.2721831185272498;0.03172462964468923
0.2918581278103366;0.10027115969610874
0.29415391178549305;0.16303771813581577
0.28294497642616123;0.21842357534454776
0.26093458037386374;0.26553344325580597
0.23011939003098797;0.30372095232717244
0.19207209654844157;0.33238231114547917
0.14812952614283104;0.35084142114072175
0.09954037666736522;0.35826436573794745
0.04761344213869103;0.35357298761947953
-0.006086472130605259;0.33533724945852345
-0.059412006947978505;0.30163032885849445
-0.10898862577684516;0.24985072509978987
-0.14876680543563797;0.17665464542399023
-0.16648845333118573;0.07902353535841265
-0.13654581572819285;-0.03726066341734097
-0.031846714020925655;-0.12564979821251587
0.09847912927099231;-0.12787085816129656
0.19405353131465145;-0.07527517169552579
0.2526473302387988;-0.0061987104918328675
0.2838232216557663;0.06421887491966179
0.29481965010999905;0.13034987019967773
0.290427743002945;0.18981912819940394
0.27390220191128867;0.24143959383884617
0.2475729764801449;0.2844678303010483
0.2132113789143189;0.3182953202209401
0.1722602990008463;0.3422961787446424
0.12599802582905828;0.3557309545779418
0.0756812294957062;0.35766357749610395
0.022708280499664907;0.34686733114553553
-0.031138258155331024;0.32170143725870565
-0.08325140027662024;0.2799470462472445
-0.12927332282683268;0.21864214323768474
-0.16091182134451204;0.13428392709873466
-0.16068988092674572;0.025839373288295133
-0.09663389707167336;-0.08702912191026467
0.031160561991554547;-0.1370303146691693
0.14815652771729168;-0.10714075163274656
0.2253424196318809;-0.043878786113469535
0.2700715758645889;0.02689526569387379
0.29111946527101495;0.09574302460004708
0.2944632455801168;0.15896813392027423
0.2840814449712112;0.2148918252198656
0.26273986705742974;0.2625895598134349
0.23247300700938886;0.30140613970186464
0.19487583225236765;0.33073910514566673
0.15129636679157404;0.34992015551084055
0.10298483969106634;0.3581287865757488
0.051240563485662693;0.3543066310340489
-0.002397412238278534;0.33705184016776046
-0.055836853062042724;0.3044770514709225
-0.10581974450256212;0.25403221792057806
-0.146557153450212;0.18241593242760282
-0.16640545861449219;0.08647600425455994
-0.14087273930208466;-0.0293089834920609
-0.04089181660433321;-0.12218702853526965
0.09042548482089155;-0.13007777285619676
0.18880507141485328;-0.07966726389437608
0.24961395327185218;-0.011061843981391588
0.28240055763534055;0.05950166189654971
0.2946020006983517;0.12602221953788026
0.2911452839497031;0.18599267563423286
0.2753671312197146;0.23817631219592308
0.24964697699565538;0.2818119497405679
0.21578591830804894;0.3162877152818185
0.1752436126084666;0.3409823080102358
0.12930502881836625;0.35516668313912814
0.0792235973348877;0.35792097733532036
0.026381619049715137;0.3480418543837897
-0.027475395418970722;0.3239216110574447
-0.07981825511630126;0.2833868093663653
-0.12645714186337065;0.22352864931704033
-0.15948780555630937;0.1408473460300874
-0.16231907581296878;0.03386258730410609
-0.10361235042794757;-0.08041190701302071
0.02197131962825379;-0.13663580341768858
0.14143947298237192;-0.11070171193174498
0.2212141892095486;-0.048610465094687166
0.2678505637952407;0.02205514398642204
0.29029881446147804;0.09118805440314975
0.2947088567546732;0.1548642707462025
0.2851669161840878;0.21132162219821443
0.26450353803699733;0.2596042170492285
0.23479237435300784;0.29904707326557534
0.19765154848530977;0.32904853035821374
0.1544409641618092;0.3489476924954597
0.10641305097057781;0.35793707454447754
0.05485850357332944;0.3549776111944088
0.0012920244481248405;0.3386949785364412
-0.052246565148916596;0.3072404165844701
-0.10260980365263898;0.2581146910516943
-0.14425481706386065;0.18806153440999449
-0.1661178459773782;0.0938218962753764
-0.14481621784576024;-0.021277704884478183
-0.049781552667018385;-0.1182616460736275
0.08218792141717961;-0.13201926300026132
0.18337895380606625;-0.08398406681980845
0.24645095111674103;-0.015919011772271997
0.280882694549821;0.05476457913956459
0.29431175003678356;0.12166368803136392
0.2918055438201741;0.18212980761451275
0.2767857287764657;0.23487314607607074
0.25168294918978856;0.2791133544210957
0.21832916648731257;0.3142344980515335
0.1782015674883421;0.33961941593939726
0.13259245534234093;0.35454908959434905
0.08275274978560032;0.3581194358186476
0.030049737693319242;0.34914993806136846
-0.023806243892190798;0.32606520590341764
-0.07635993685443539;0.28673633881858285
-0.12358058110266369;0.22830788927359608
-0.15792961925012386;0.14729187905753288
-0.16365951067560408;0.04182527776080203
-0.11021844451098914;-0.0735061306599998
0.012715564401400417;-0.1358235043690708
0.13452489523153055;-0.114107513481227
0.2169317912501636;-0.05330794327771589
0.2655177717284801;0.017206082800981445
0.2893946291758233;0.08660709737820509
0.2948896553181462;0.15072661477788996
0.2862005646873948;0.2077133082414561
0.2662249189271221;0.25657770278019937
0.23707689924201394;0.2966440290493603
0.200398685161431;0.32731087674455245
0.15756274976447537;0.3479243573218718
0.1098243902768043;0.35768961350654765
0.05846652840921614;0.35558640189941204
0.0049808670791501265;0.34026727614351093
-0.04864259936904696;0.3099212280803328
-0.09936132394782558;0.26209913873530105
-0.14186483331854546;0.1935921185015834
-0.16563627896575162;0.1010576284827743
-0.14838508528058847;-0.013191985616508091
-0.05847953951487316;-0.11388316853188953
0.0737741008525835;-0.1336759520858066
0.17777215857724496;-0.0882174517811165
0.24315559323375252;-0.02076716282903125
0.27926781237799253;0.05000897045085886
0.2939476726321958;0.11727500037600318
0.2924076480087471;0.17823099787698654
0.27815732847795926;0.2315304630605759
0.2536803509284888;0.27637237259551334
0.22084065067579334;0.31213599506139134
0.18113371900329378;0.3382078553073118
0.13585984824235187;0.3538785810215332
0.08626816467056202;0.3582594486406261
0.03371196719295043;0.350192211678443
-0.020131789548745286;0.3281330468016283
-0.0728781230364387;0.28999671198907595
-0.120646913342636;0.23298107652825711
-0.15624436433390687;0.15361749424492654
-0.16472457363249934;0.049717252278995816
-0.11644019160952523;-0.06634451630845756
0.0034200114286148955;-0.13457773058371422
0.12741214481315347;-0.11734451039216814
0.2124919096404267;-0.05796633680022277
0.2630708734146399;0.012349917979041374
0.2884054201352;0.08200094302383064
0.29500467417631765;0.14655556083871546
0.2871817469738006;0.20406712507061056
