200.86779739927118;-0.16596696083102996
176.81586913324804;95.31027644720629
110.28118585638498;167.88674531736976
17.24974041635862;200.125816619248
-79.92621997321709;184.28156432120824
-157.89866347696878;124.16080145604823
-197.93349437672057;34.208475475681915
-190.41171648687168;-63.9629683938314
-137.14054767668378;-146.76630644851778
-50.919212606826356;-194.30673688429115
47.53626143497548;-195.1619187336208
134.5703975935338;-149.1263780908084
189.2718664325054;-67.26087200048165
198.49777924327077;30.765114985317222
160.03146261070418;121.3992930533984
83.11504861402277;182.8653620291811
-13.771075474200824;200.39511541243834
-107.3484733673378;169.77674244386156
-175.13367724782245;98.36678905021746
-200.84018710932543;3.3226317231576568
-178.29159759479967;-92.51983591561417
-112.90555639315036;-166.13290884219504
-20.392117000237402;-199.82984014847275
77.02085931068025;-185.5143897257794
155.92831488705102;-126.62607473020674
197.37144006398162;-37.31377654646818
191.3928541135276;60.96376547871888
139.4290131590043;144.59376628962912
53.96507807995412;193.48275601461384
-44.46484506123077;195.8843569835244
-132.2113605424026;151.2215430791191
-188.19192318675772;70.22527507765199
-198.95627890654646;-27.643763815925606
-161.9181006588442;-118.8709266642487
-85.97640342781867;-181.53736590159411
10.62255851529276;-200.58641196586018
104.66926599621952;-171.4412000710092
173.56741517876574;-101.10435071926419
200.76305694187567;-6.47547183025433
179.7219790907165;89.70924857189023
115.49965624358379;164.33980281956184
23.526593581711197;199.48494154584844
-74.09912576446253;186.70046327134617
-153.9212767985388;129.05804823397884
-196.76123382759346;40.407258417423776
-192.32596816693808;-57.95205395063227
-141.68110486586133;-142.38739075939571
-56.99491981055934;-192.61169973156862
41.38527458455985;-196.5577092645725
129.8219278296099;-153.27729740114174
187.06657995003962;-73.16932703051822
199.36518620272767;24.518859719318364
163.76279037343986;116.3159551505583
88.81349377537411;180.1660892088543
-7.47480956930896;200.7281420904255
-101.96715737996661;173.0617313849097
-171.96010121537725;103.81419879546081
-200.6366088756636;9.623485662579153
-181.10664727704463;-86.87943719655175
-118.06261847420765;-162.50803958966165
-26.651954537675042;-199.09120274845387
71.16231287546117;-187.83915731283727
151.8785560112251;-131.4553903091766
196.10323858072437;-43.487104259605125
193.2105890315007;54.92973887483736
143.8956078108692;140.14872110396857
60.00711275692921;191.6944454743451
-38.299170093747136;197.18212893263836
-127.40338886807137;155.29326722938947
-185.89665269098887;76.0924114161468
-199.72491088744948;-21.39100476419733
-165.5656729229824;-113.73484334415326
-91.6262911762967;-178.75182667083507
4.327967381803634;-200.8204306839835
99.24234478742864;-174.63824948759884
170.31191193208141;-106.49600975799065
200.4608778527266;-12.76613071690604
182.44538153434993;84.03104661655057
120.59396997789487;160.6381895802507
29.767604802794914;198.6489989868054
-68.21097834785711;188.93067923704766
-149.8005978364767;133.8182399407905
-195.39782959787388;46.55347906496442
-194.0470932266413;-51.89661960131893
-146.07291104342923;-137.87758517025915
-63.00196999650623;-190.73086842589782
35.206381577754605;-197.75745750338655
124.9557264107107;-157.26906177038327
184.6820707023876;-78.9937790406184
200.03501831179852;18.261263394724573
167.32572824541478;111.12868920690272
94.41322684574453;177.29531666622037
-1.1838531084871078;200.86335311693384
-96.49648621569641;176.1701424846845
-168.6239976829505;109.14869546482949
-200.23637583353505;15.902192666520342
-183.7381335052791;-81.16511267557475
-123.0932833716242;-158.730939086054
-32.872900795975085;-198.15859144003818
65.24582763197424;-189.974804120248
