66.92379110100845;115.91610273736629
-71.44828395091439;140.6303047677587
-182.09782690633136;94.74450573136191
-251.97517807639647;24.487725754504062
-290.76690740589237;-49.69783736675253
-306.8361697123002;-120.35589675694224
-305.74968799889893;-184.45844280132496
-291.24697552780265;-240.56446100467357
-265.96710445425845;-287.8275707110533
-231.88499118203842;-325.5999831394116
-190.5801664565906;-353.2466542907079
-143.42081087564802;-370.0359578643908
-91.71513896462514;-375.0525579521348
-36.87255265960532;-367.10433052763847
19.371320549185985;-344.6032410621892
74.56400562714808;-305.4054204292518
124.741745337084;-246.62856187994677
162.60414917394823;-164.6820444323902
173.05819619226256;-57.11577991330821
125.82375403021855;64.49383693716159
2.6820213307513736;139.61908784750605
-128.41881917550256;124.5926285364667
-219.17455192615657;63.33316280714835
-273.32815912619986;-10.194100737986577
-300.68691456305476;-83.2900835521768
-308.2046944431327;-151.13962143675462
-300.4834183686035;-211.64712282225895
-280.6804003911119;-263.72144037794305
-251.08369718965287;-306.6404556077544
-213.45723100518993;-339.7789859800976
-169.26218065640717;-362.4684206384424
-119.82037293397059;-373.9022446812581
-66.46479111813244;-373.0489270763049
-10.722025248999808;-358.5489954670275
45.40337482948806;-328.5780517023865
98.89441002043394;-280.6689391091018
144.56659835949776;-211.56666226914373
172.2991288860371;-117.70218478874573
160.6373500141213;-0.05597882627481455
75.62124180673986;110.59577721008836
-62.35992380546607;141.84039602746793
-175.91714270759596;99.02393238822877
-248.30070533451206;29.547743543258534
-288.91531946093903;-44.6867850169448
-306.3348261175395;-115.71044204437108
-306.2865102352009;-180.31764600242514
-292.60763125777135;-237.00132490792888
-267.9960679496513;-284.89076918425906
-234.46224265295294;-323.33189688375467
-193.60623135063534;-351.69275135976966
-146.80570775112872;-369.2511539757283
-95.36820676818219;-375.10711106925504
-40.69015592274632;-368.09082748318315
15.524852230079874;-346.645931298765
70.89199257028471;-308.67250125319185
121.59161530512125;-251.34322973379963
160.6502627926958;-171.09756388897114
173.74092430221637;-65.22740769552958
131.66241072885833;56.64286271439929
12.414126470135786;137.5490962882034
-120.63610822266992;127.66912733981005
-214.25651490844518;68.13970151849234
-270.57490718861726;-5.097334484849084
-299.5115326197091;-78.4247059363368
-308.218653158451;-146.7173451566322
-301.4263976257266;-207.7683466259262
-282.3691391388065;-260.4446284599428
-253.38146869762537;-304.0098263850023
-216.25512806847024;-337.83745528057193
-172.4664075697519;-361.26513705056163
-123.34194699230949;-373.49850247406164
-70.20880598705298;-373.52440065495205
-14.572975776178735;-360.0096770234751
41.60660386490545;-331.16699166489616
95.40860066457871;-284.57920010746307
141.8577088203202;-217.04446555779037
171.32153046163302;-124.95614007947839
163.40160177615667;-8.552139251240726
84.02728048112603;104.84878862729143
-53.115962559018826;142.6965824915239
-169.53785147271634;103.19166555791875
-244.4787202034258;34.59030515201283
-286.9563370102954;-39.659038197934585
-305.75245923749856;-111.03431530620641
-306.7599833505089;-176.13950065905837
-293.91739528996663;-233.39692706234166
-269.9834429458243;-281.9097283115507
-237.00532034813182;-321.01666699161655
-196.6045086074743;-350.08836845438856
-150.16887205837273;-368.4117024640267
-99.00599060050949;-375.1015955344839
-44.50030727473645;-369.0100410614139
11.67494974424998;-348.6115966492791
67.19927847483268;-311.8493809595739
118.38963869623112;-255.95070756936988
158.58101708971157;-177.39023974251245
174.17131361339355;-73.24438322814487
137.08630849810703;48.613227316812974
22.102343282291116;134.99476452498166
-112.64686368818026;130.526870109952
-209.16348311723647;72.89053566202024
-267.6949179253936;0.0017832044973157802
-298.2424496536991;-73.53483433570692
-308.1606505672275;-142.26086589086268
-302.312306764912;-203.85029979079786
-284.01158132495175;-257.1252006684119
-255.64122659715946;-301.3336990984756
-219.02184270056057;-335.8473566527999
-175.64559046233018;-360.00959266801556
-126.84460889660032;-373.0377862444596
-73.94084568249009;-373.9367002112131
-18.420926968467707;-361.3988750723316
37.799550784770034;-333.6731948692611
91.89013188643492;-288.39167632549476
139.07334922712107;-222.40657608747193
170.1771545398945;-132.08831456604446
165.81962491661608;-17.03015633746664
92.11193835883078;98.7010049854009
-43.73276104544504;143.17756558014668
-162.95744649491743;107.23672342556945
-240.50606858405732;39.611393135664585
-284.88782799455174;-34.61627942022606
-305.0876536086891;-106.32836393885626
-307.1691178309053;-171.92452212365
-295.17553050329263;-229.75164265951375
-271.9286432440982;-278.88476709761375
-239.51372441132003;-318.6546012087615
-199.57453799645643;-348.43383261449833
-153.50983998170784;-367.5179780146814
-102.62797269861856;-375.03646604437176
-48.30235314761453;-369.8625500416594
7.82255026341185;-350.5009977025112
63.48739920915806;-314.9370636532452
115.13869400944616;-260.45220118456206
156.40249984171444;-183.56062490256087
174.36198612133202;-81.16055638999757
142.09687399981854;40.43691973360119
31.710183438502053;131.95131294148803
-104.4538307531062;133.14812381409672
-203.8918715793214;77.57902108173992
-264.68543641222897;5.100831109537822
-296.8778734500387;-68.62147172045337
-308.0295033750285;-137.77066644448107
-303.14033125530824;-199.89326475950335
-285.6071395670071;-253.7633696839011
-257.8625244651864;-298.61227940829616
-221.75701092080692;-333.80892667286
-178.79940065343317;-358.7020853162148
-130.32800899393152;-372.5204899135358
-77.66048179612172;-374.286352076957
-22.265261546420874;-362.7173023585927
33.983239301514786;-336.0976294102099
88.3409062954771;-292.10763884908596
136.21745934784022;-227.6543362094395
168.87475381050024;-139.09791765749307
167.90539001423002;-25.474255485443216
99.84953850681589;92.18107560697095
-34.228760459710514;143.26253620748628
-156.1732888442392;111.14764124381573
-236.37923506561572;44.60707450151756
-282.70741719855675;-29.559937353232947
-304.3388618899798;-101.59316245778618
-307.5128721940178;-167.6729770699396
-296.38130474670197;-226.0656349034745
-273.8311294664627;-275.8160334208991
-241.98703400344763;-316.24587789399266
-202.51596383974248;-346.72938371610235
-156.8282745958978;-366.57031044510904
-106.23378001010789;-374.912176301211
-52.09580319639189;-370.648978002795
3.968409802216758;-352.3149908613678
59.757683469766505;-317.93671053828973
111.84139987242116;-264.84916497189494
154.12040766647323;-189.60974612882848
174.3251444473346;-88.97117866811848
146.69880613547005;32.143754266697044
41.20055465847289;128.41806689411897
-96.0605942373544;135.51436773682812
-198.43779326868597;82.19822251571026
-261.54342832872845;10.197441970450091
-295.415837018504;-63.68547801183708
-307.82392483840005;-133.2470785694819
-303.9095998361461;-195.8973849082292
-287.1552014794242;-250.35922682064637
-260.04491250496585;-295.8456710110617
-224.46028086629696;-331.72231882783615
-181.92753267577365;-357.3428478081336
-133.79185952446406;-371.94694740412245
-81.3673542031303;-374.57384084943897
-26.105441240045668;-363.96564589399884
30.15858326404296;-338.4412517394109
84.76266714193606;-295.7283687850707
133.2937042673542;-232.7891603090649
167.42256269509244;-145.9845652043299
169.67302573970736;-33.87056721534372
107.218487318208;85.32006980464365
-24.625192677725327;142.9314894814715
-149.18307420821537;114.91217789733057
-232.09459795436726;49.57321015080344
-280.4126582830579;-24.491414939679732
-303.50451862667825;-96.82917636512224
-307.79022239967776;-163.38498982181227
-297.5340247484796;-222.33891015200103
-275.6904110048403;-272.7035118890251
-244.42487819080895;-313.7905082245183
-205.4284732030987;-344.97508993669817
-160.12386503238562;-365.5688507478385
-109.82304322545492;-374.7289876325761
-55.88014394119689;-371.3697314787782
0.11332543044497127;-354.05417343544684
56.01149415044833;-320.8491596614465
108.50034055441509;-269.1426505442297
151.74018245405534;-195.53821174256103
174.07238585627027;-96.6716762446236
150.89884708481716;23.762364418767177
50.53499552184018;124.3993093444823
-87.47297986889939;137.60611285648045
-192.7978506137897;86.74041097601551
-258.2660409297648;15.288805476853232
-293.8544584664335;-58.72801477182955
-307.5426557240372;-128.6906573678247
-304.6192209122975;-191.86297714661364
-288.65509078409957;-246.9129958011648
-262.1878371803988;-293.0340696545613
-227.13115974606333;-329.5877361838659
-185.02950617341804;-355.9321149949453
-137.23562264562776;-371.31745755006233
-85.06083099000864;-374.79954676405146
-29.94064071373531;-365.14440695267376
26.32679524470027;-340.70473549479476
81.15741303376474;-299.25474545428347
130.30585370371304;-237.81195430411893
165.8285552097796;-152.74748451142315
171.13654160882342;-42.206181384073375
114.20082416749914;78.15140693207138
-14.947095170635194;142.16574206445665
-141.98563396632068;118.51685426278178
-227.64885670282288;54.504834281845284
-278.00121960404414;-19.412768591587472
-302.5830593620924;-92.03744892751436
-308.0000617856303;-159.06121022167088
-298.63285132285165;-218.57195278380803
-277.50580619475073;-269.5476170081277
-246.82666632702364;-311.288884552232
-208.31152113447115;-343.1713523156246
-163.3960746862691;-364.51403564418007
-113.39518894548567;-374.4874047344011
-59.65469820024854;-372.0254258729006
-3.7417901545893253;-355.71933175069034
52.250248936730436;-323.6754393648306
105.1180531024326;-273.3339403745293
149.26703577685402;-201.34702711896068
173.6149104027081;-104.25862505431787
154.706122712175;15.318836074747423
59.6758410496704;119.90390317647882
-78.6981491602239;139.4031749396278
-186.96846335347956;91.19736392012253
-254.8501752031972;20.3719808004387
-292.1916869318752;-53.7502837711566
-307.1843209834098;-124.10199140208493
-305.26822056237404;-187.79039478249402
-290.106073710744;-243.4249438700273
-264.29070944168603;-290.17772348225225
-229.7691408170603;-327.40544505470433
-188.1048500977228;-354.4701985367347
-140.6588252930604;-370.63240206154865
-88.74037144227844;-374.9639599535978
-33.770159360219125;-366.2542312930425
22.488910576650444;-342.88894467881266
77.52691110745732;-302.6879104699091
127.2573587679451;-242.72401116197
164.10021775106478;-159.38665960181822
172.30996191039767;-50.4703331476616
120.78345793176705;70.70904633636482
-5.221775886309035;140.9484380936885
-134.5799593105515;121.9475417474911
-223.03838484870752;59.39695459409054
-275.4705504450081;-14.325839635844947
-301.5728138843182;-87.21875685194203
-308.14125410357093;-154.70202031150686
-299.6769648043312;-214.76499454609902
-279.27668422049607;-266.34853187877127
-249.19187613268323;-308.74119085275873
-211.16463773597974;-341.31838557829275
-166.6444384906218;-363.4061350484567
-116.94970591792179;-374.1877792668447
-63.41883633576147;-372.6165296422464
-7.596067315842056;-357.31109833933056
48.47530631219184;-326.41640289830815
101.69697054403188;-277.42411169120606
146.7059228727358;-207.0370202911975
172.9633693988539;-111.72893881639762
158.1312324388201;6.837457159684923
68.586093318678;114.94572263958885
-69.745619091607;140.88474999499726
-180.94642373892663;95.56014278024736
-251.2928185153602;25.443731557809983
-290.4255214451555;-48.75361502729695
-306.74759103580385;-119.4817243957081
-305.8556720171544;-183.6800169322934
-291.5074663507539;-239.8953467186386
-266.3529914087141;-287.27687865209043
-232.37377045946275;-325.17570190504637
-191.15314738797522;-352.9573945344452
-144.06104190950867;-369.8921449374502
-92.40548499495594;-375.0675465333396
-37.59335398992428;-367.2957325056427
18.64590051750897;-344.99470274913966
73.87283341652234;-306.02895451422273
124.15147827946355;-247.52658824811692
162.2446188384785;-165.90222771629396
173.20701815145875;-58.653582647088015
126.95741987705766;63.02732548552823
4.520503953201235;139.26512484426098
-126.96588648459718;125.18915435327293
-218.25958956170655;64.24416456292138
-272.8180728843777;-9.232623040335556
-300.472096470229;-82.3739317898788
-308.2126655354866;-150.30782841242834
-300.66556488028607;-210.91828567115675
-281.0024485084246;-263.10645826348406
-251.52003486007757;-306.1476339647949
-213.98741899926029;-339.41643461617286
-169.86857473914344;-362.2454600339707
-120.48618542477722;-373.83051928213604
-67.1720539918704;-373.1435877287122
-11.448785868657161;-358.8302102658454
44.68785257613998;-329.07304896416673
98.23929856258744;-281.4144535975392
144.06144660787544;-212.60938087853918
172.1278952779656;-119.08048189328241
161.18623720815398;-1.6600647969827045
77.23106062531714;109.54302810770308
-60.626693662318544;142.0296986006818
-174.72841549232777;99.81932616560111
-247.59071481345248;30.50078235592631
-288.5538055628101;-43.73925842678844
-306.2310474304519;-114.83039446359606
-306.3805996121872;-179.5321149431865
-292.85855923498485;-236.32438177582085
-268.3741347681139;-284.33169390205984
-234.94459219328712;-322.8986872737508
-194.1739819423452;-351.3939329451989
-147.44184861151993;-369.09699171609964
-96.05568154723936;-375.1107191111325
-41.40957418331342;-368.26947404366996
14.798738213478195;-347.02277993457915
70.19682032066798;-309.2789103446324
120.9913595728858;-252.22090137674044
160.2684948080435;-172.294482466037
173.84113373738555;-66.74780292033559
132.717801955255;55.14018105425121
14.246974749385378;137.10429858400474
-119.14409690112454;128.2256685651152
-213.30883529813312;69.04064755611086
-270.0411289045713;-4.135272113866506
-299.2791739506825;-77.50389862279158
-308.2131329622148;-145.8791018659719
-301.59782933079464;-207.03211554849648
-282.68248393464705;-259.8216237394726
-253.81065252703837;-303.5084356994954
-216.77944342093707;-337.4657501188736
-173.06808481979255;-361.03231785092987
-124.0042020439068;-373.41601912453393
-70.91382879377382;-373.60712109687597
-15.299208341465295;-360.27736798026183
40.88906986181411;-331.6463223778707
94.74718142503656;-285.306187280591
141.3380078051014;-218.06527886618764
171.11814079006373;-126.31157051245327
163.88411542207854;-10.154156289681033
85.57864425640598;103.71829515103897
-51.3551085934781;142.8166846309102
-168.3113498674949;103.96475956947585
-243.74054277596753;35.539591742593444
-286.574327370904;-38.70856550719821
-305.63324524731536;-110.14859137118412
-306.84202541349805;-175.3469964345942
-294.1586617387424;-232.71225798811867
-270.35362939382713;-281.34236133703286
-237.48120835232507;-320.574620811435
-197.16701844959516;-349.78009293792934
-150.80092637759458;-368.2473121504285
-99.69060107727705;-375.0939760915826
-45.21833386229664;-369.17613288900355
10.94819922967994;-348.97409998376247
66.50027334456374;-312.43902121641906
117.77983355231967;-256.808474243186
158.17810942983604;-178.56428530025923
174.22535261826235;-74.74652363068557
138.06370248068123;47.080125721246866
23.923251941402984;134.45777412298952
-111.11582019971493;131.04026392664295
-208.18216898986913;73.78041191115432
-267.13679471806864;0.9642064964640933
-297.9921469269378;-72.60934412778451
-308.14139642940756;-141.41606736459664
-302.472884069355;-203.10655448851307
-284.3161510627835;-256.4940625510329
-256.06322921340364;-300.8236504072219
-219.54028590064542;-335.46643740911213
-176.24256458430017;-359.7668891081615
-127.50332007927204;-372.9445589815402
-74.64362555272899;-374.0075409299617
-19.146585982533015;-361.6531588027141
37.080133716254636;-334.13704293231245
91.22271345400127;-289.1003955049313
138.5398150649602;-223.4057702831961
169.94326859635956;-133.42075323335342
166.2383845258575;-18.62703012465831
93.59976003981247;97.49791030305417
-41.947463762960986;143.22451139770743
-161.6925736127079;107.98546846897892
-239.7389909444686;40.55627072127608
-284.48483063827916;-33.66306245031993
-304.95266442273675;-105.43701602692113
-307.23885575273204;-171.12504600842908
-295.4069187812581;-229.05923166594454
-272.2907455329912;-278.309087191978
-239.98294231643737;-318.2036942906616
-200.13158047057615;-348.1160714840463
-154.13755236687928;-367.3433231720678
-103.30942618190404;-375.01756911524063
-49.018643996504785;-370.0160183994933
7.095576680855211;-350.849062021495
62.78509728718804;-315.50980785930625
114.52010597600568;-261.2898688693942
155.97973674464845;-184.7113565961135
174.37216907732295;-82.64267531112097
142.99645207479273;38.879980379554134
33.51130103390376;131.3219670186942
-102.88509851134508;133.61470837957174
-202.876681681056;78.45613178346039
-264.10268153150884;6.062722029583496
-296.6093836558027;-67.69189253065552
-307.9962830380881;-136.91977208527754
-303.28980764683246;-199.1423820702444
-285.90266046225184;-253.1244116202352
-258.27703905267225;-298.0938294359165
-222.26923939242323;-333.41899509774237
-179.39129228102186;-358.4496433553628
-130.98276593856858;-372.4166042214906
-78.36056589171483;-374.3453393523531
-22.98984592975126;-362.95814224915586
33.26251250245192;-336.54589190290267
87.6681986724082;-292.7979084990334
135.67110269847626;-228.6315822795583
168.61210109575393;-140.4064654431319
168.26281972464756;-27.062247416909013
101.26853337407242;90.91186369683525
-32.423928941030866;143.23249404588952
-154.87038283668616;111.8693633377008
-235.58307853405762;45.546237475044386
-282.2832567122772;-28.604776165694176
-304.18793129240976;-100.69677574272782
-307.57012807149493;-166.86699418345293
-296.6026129022596;-225.36586222935273
-274.18491688039666;-275.23235051588307
-242.44932000969422;-315.7863573624553
-203.06724527536474;-346.40232479425924
-157.45131735820766;-366.3855216809577
-106.91170956771818;-374.88207693054363
-52.80994440023386;-370.78984238286114
3.241693448571093;-352.6485796192739
59.05266648831039;-318.49246156847306
111.21481048118179;-265.6665512189769
153.67903964705062;-190.73673987231126
174.2937151378236;-90.43165278997617
147.5212823863672;30.56932806466016
42.973748029449524;127.69723382008544
-94.45597989637284;135.93036073294863
-197.3886312899612;83.06075508175131
-260.93583718202285;11.157835524270789
-295.12898022372286;-62.752462528395135
-307.77655923868844;-132.39058901550405
-304.04777699300445;-195.1397725958948
-287.4414458691049;-249.7127865125231
-260.4516783985878;-295.3190962304826
-224.96599904236857;-331.32359418036754
-182.51401037825806;-357.08083066204995
-134.44227790080942;-371.83251639317155
-82.06431610257421;-374.621029912203
-26.82846741299338;-364.1930397104809
29.437115755784212;-338.8738669637526
84.085380435094;-296.4000569465829
132.7355351611319;-233.74420008372778
167.13285967094043;-147.26848501054047
169.97171360895578;-35.44642337949738
108.56441734127274;83.99159151658067
-22.806153042099808;142.820947265595
-147.84251577790002;115.6041051512383
-231.26914670392333;50.505310547137945
-279.9671221364629;-23.53515360504599
-303.33744659960433;-95.92839283123814
-307.834784034911;-162.5730342727232
-297.74501703558036;-221.6322353478359
-276.035621030937;-272.1122247648277
-244.87994487550415;-313.32271814464553
-205.97368392005066;-344.6390270615284
-160.7419100842578;-365.37417538192045
-110.49710312245259;-374.68789195148605
-56.59176946854004;-371.4981641858637
-0.6127305039190264;-354.3734363521691
55.30424945775639;-321.3880580218253
107.86643107429984;-269.9398866428036
151.28137274901275;-196.64148090729077
174.00160191643562;-98.109567316341
151.6457935385088;22.175849109713972
52.27285212617962;123.58857664987723
-85.83406785067105;137.96775359499023
-191.7143042189072;87.58668515457909
-257.6332017984713;16.246939130637134
-293.54894319037135;-57.792010965847595
-307.4809264713951;-127.82890070774621
-304.745918532309;-191.09890411163553
-288.9318985439687;-246.25930698531766
-262.5867051399201;-292.4995809181367
-227.63022515427508;-329.1804139865957
-185.61043137621766;-355.6607099118991
-137.8815718526753;-371.1926652377667
-85.75453325786523;-374.8351325117618
-30.6619537161213;-365.3585734314883
25.60479108670704;-341.12196500512687
80.47588376411665;-299.9081766807349
129.73653685494952;-238.7451577803512
165.51327624318918;-154.0068984919072
171.3792665367841;-43.76787488862608
115.47109300392498;76.77004311445357
-13.118732032249177;141.971512748876
-140.60721741658296;119.17647199947773
-226.79347286035159;55.42900436250708
-277.5338801292805;-18.455706068211434
-302.3995918269691;-91.13237484292502
-308.0317886916057;-158.24331945113366
-298.8334629143246;-217.8583912200185
-277.84242775035426;-268.94874060382585
-247.27454184800908;-310.81285285877834
-208.85071817389263;-342.8263366116583
-164.0091978028958;-364.30955825138034
-114.0654623183971;-374.4354421690675
-60.36388205361309;-372.14161533891917
-4.467222718029173;-356.0245344709679
51.54083214892854;-324.19785031897334
104.47711015212077;-274.1115057963068
148.7916206048788;-202.42708543465665
173.50684212178135;-105.67374846374393
155.3797304295415;13.724558128778957
61.371794287849546;119.00545239874069
-77.02621297946507;139.70677257663573
-185.8497079279357;92.02600266423742
-254.19142857641472;21.327535185265663
-291.86713328786055;-52.81126748933272
-307.1080490930053;-123.23483083365963
-305.3834019172264;-187.01969988896815
-290.37351412294726;-242.76385851760753
-264.6818313511971;-289.63520702486346
-230.26177120225626;-326.989461311456
-188.68049178138048;-354.18940584794115
-141.30061043115137;-370.49732881479986
-89.43113692172378;-374.98812119013303
-34.49006791336645;-366.455472011981
21.766126256774662;-343.2912427102352
76.84105612731035;-303.3237258449183
126.67719095186953;-243.6362155358463
163.76056184288916;-160.62237919918837
172.49954606330346;-52.016954781443516
121.97693318462105;69.2804857960637
-3.3884569483747793;140.667591173035
-133.1627844112901;122.5725316683129
-222.15189613478037;60.312785973258265
-274.98065557908205;-13.367757602075391
-301.3725277647983;-86.3089994413593
-308.1599462708719;-153.87777981323995
-299.8671501347159;-214.0441668514694
-279.6047815136636;-265.7417467187681
-249.63270451376928;-308.2566706126893
-211.69802222650867;-340.96425156294094
-167.2528782129625;-363.1917802760616
-117.61644929426991;-374.12497470601454
-64.12582803911245;-372.72061488921446
-8.321082766898826;-357.60251280767784
47.763619358195335;-326.92275568739745
101.0491315721379;-278.1826139634369
146.21459074753;-208.09459595613845
172.81995599179618;-113.12152248873153
158.73407620377156;5.238930701322677
70.2342937488763;113.96230766621139
-68.04183832036762;141.1265509791505
-179.7913092096857;96.36982685688618
-250.607245617923;26.396543658698977
-290.08135358710933;-47.81140401356908
-306.65643121314497;-118.6088906852592
-305.95913861580124;-182.90243020606172
-291.7654351821303;-239.2266271129234
-266.73632393463436;-286.7261414637146
-232.85995988390297;-324.75091382036055
-191.72351956552447;-352.6671244006544
-144.69868161375734;-369.746756555713
-93.09332025447412;-375.080308943275
-38.31183010322169;-367.4841401010449
17.922432968449506;-345.382238903363
73.18289008668503;-306.64741144278184
123.56100878089062;-248.418124647352
161.88186573484697;-167.1144416503388
173.34607645231281;-60.18370007376947
128.07307560166294;61.55784676049766
6.353029796079555;138.89526369803494
-125.50985240426839;125.77666549565058
-217.34121721414726;65.15070582736763
-272.305074897468;-8.273807418574563
-300.2546463831557;-81.45956372500217
-308.21810455510473;-149.477238484572
-300.84518421610386;-210.1901717543492
-281.32193207710066;-262.4917454529635
-251.9537587053515;-305.65461810842044
-214.5149527761407;-339.05319370907716
-170.47230188185307;-362.02126316192783
-121.14936747545603;-373.75693807838854
-67.87680490387719;-373.23567241165034
-12.173292900296277;-359.1079897220234
43.974074493005155;-329.5635599764197
97.58493516498014;-282.1541801817526
143.5550190317504;-213.64476974324262
171.95099738712634;-120.45027780380137
161.72077181974254;-3.2591057678493693
78.8253874741851;108.47853400325718
-58.893356399029535;142.20573539569511
-173.53627525123161;100.60826703389226
-246.877658026264;31.45027809509414
-288.18959439979585;-42.79402770441706
-306.1247292798521;-113.95193045565884
-306.4721804281534;-178.74763656905188
-293.1069487766769;-235.6480189118438
-268.74961128307797;-283.7727335307021
-235.42430107295638;-322.46510737562767
-194.73906134938275;-351.0942192589243
-148.0753262585698;-368.9413497687451
-96.74056508452416;-375.1121797323797
-42.12657729854672;-368.44519058738393
14.074680628896353;-347.39575614404663
69.50300721549162;-309.88028698947227
120.39108837900811;-253.0921172189516
159.88382597741253;-173.4834165893667
173.93217156861212;-68.26018555130281
133.75527155275194;53.63594715878353
16.07246495563481;136.64362664257723
-117.64930721128724;128.77265761123138
-212.3578089789367;69.93685923800143
-269.50446819396086;-3.176032602851323
-299.0441987063202;-76.58498667378603
-308.2050825995951;-145.04215026902048
-301.76672194062473;-206.2966810228566
-282.9932384653004;-259.1989482032903
-254.237181950916;-303.00689848551565
-217.30104871192637;-337.0933903960653
-173.66702179738812;-360.7982843509245
-124.66373440395049;-373.3316872088724
-71.6162250861655;-373.6872560744493
-16.023049919296863;-360.5415932195022
40.17344434733542;-332.1211110038626
94.08671832176347;-286.0272978604216
140.81731605833133;-219.07861701417391
170.90953327311772;-127.65818470876894
164.35282538425463;-11.750091041526554
87.11325757597581;102.57753758816793
-49.595275764147665;142.92297115493633
-167.08176738679467;104.73091487628007
-242.9994531755343;36.48501164732275
-286.18969776164056;-37.760640370374176
-305.5115144202168;-109.2646628003662
-306.92153474363136;-174.55572619326927
-294.39732331186786;-232.0283210950038
-270.7211189228672;-280.77523128518396
-237.95431082730923;-320.13229381115724
-197.72667473448206;-349.47097547290986
-151.43009841019096;-368.08145409674034
-100.37236750853394;-375.0841720954462
-45.933660088378616;-369.3391991403627
10.223818800501258;-349.3325648359554
65.80297832529452;-313.02337694181534
117.1704014085357;-257.6594195919854
157.77275129881914;-179.72980090651518
174.27075564954674;-76.23966715834167
139.02293781585817;45.54754704194803
25.73452204077295;133.90536242367125
-109.58307235915737;131.5433451124299
-207.19803591441465;74.66490014713443
-266.5760997254292;1.9232483424695532
-297.73940772822374;-71.68623422983441
-308.1197062319997;-140.57298615104315
-302.63095667804646;-202.36397562239202
-284.61812267368697;-255.8635725431768
-256.48254129696096;-300.3137270325998
-220.05596430937288;-335.0850932963505
-176.83673347382245;-359.5231633371445
-128.15923867755998;-372.84964317886767
-75.34370898070537;-374.07592962406915
-19.86978445645635;-361.90409068427084
36.36270602604234;-334.59645203518056
90.55636470067893;-289.80333715115574
138.0054848543539;-224.39758008981823
169.7045682435931;-134.74436538681283
166.64400618456915;-20.217201288439238
95.07003581264857;96.28590588851382
-40.16410085095002;143.25713602816475
-160.42477716126797;108.7268856189175
-238.96906736694635;41.497098235887414
-284.07928940669075;-32.71249045130231
-304.81525935826045;-104.54752246156289
-307.3061944228451;-170.32684364128863
-295.6358724987049;-228.36758675978203
-272.6503623025014;-277.73368327834766
-240.44962872869502;-317.7525632498011
-200.6860670204732;-347.79755561375674
-154.76272184011142;-367.167333339094
-103.98840936989856;-374.99668454651083
-49.73263396895453;-370.16674327032064
6.370571196139749;-351.1934818857487
62.08412939471544;-316.07780555646974
113.90161216696275;-262.1214344049746
155.5545015840345;-185.85447363784846
174.37428377344835;-84.11671879110659
143.87890527606348;37.323648365388614
35.302679221613396;130.67711048812296
-101.31393094729091;134.0707807860505
-201.858014874905;79.32822875950549
-263.5169849021404;7.021788772612256
-296.3383241140045;-66.76411604837585
-307.96067637110997;-136.07004675917375
-303.4369772581026;-198.3921762586626
-286.1959051846157;-252.4856883630326
-258.6892917314192;-297.5751811633475
-222.77922363835265;-333.02841835576316
-179.98097763642272;-358.1960770493543
-131.63538549863426;-372.3110666215719
-79.05865419628434;-374.4020683646041
-23.712685142777524;-363.19601033897237
32.54308298278249;-336.9903165604841
86.99595502397933;-293.48326716460406
135.12356384015533;-229.60262502984736
168.34475468891884;-141.70767677468197
168.6082130246804;-28.64483785776666
102.67102273627792;89.6336751861012
-30.619903375921485;143.1876302117981
-153.56319165001446;112.58415966358291
-234.78318601675403;46.48220133305329
-281.8560818938832;-27.6513235994601
-304.03442893505803;-99.80134828876614
-307.625069610572;-166.06148163762077
-296.82176476973467;-224.666167710012
-274.5366568125055;-274.6483873688071
-242.9096489150338;-315.3262011085011
-203.61666155111507;-346.07425924603444
-158.07260756300084;-366.1993233341018
-107.58804011397433;-374.85011556831836
-53.52271538685018;-370.92831899041676
2.51598915443889;-352.97915032787876
58.34806539473911;-319.04441787989515
110.58755096256468;-266.479180591451
153.23482160550554;-191.85791560796224
174.2547208464047;-91.88615414494892
148.32835270521514;28.994185564897283
44.73857937212607;126.96023100920537
-92.84685890188462;136.3358790263134
-196.3344088691113;83.91927911248756
-260.3243678483157;12.116692615968777
-294.83910585300094;-61.81995635706609
-307.7267255521253;-131.5340761673924
-304.18384931145266;-194.38178677046162
-287.72584440508354;-249.065693766161
-260.85679995393826;-294.79161564956877
-225.47024750919272;-330.9237111761178
-183.09918688498513;-356.81738758274673
-135.09157735381967;-371.7163618461698
-82.76037876551426;-374.66615064214824
-27.550892150227593;-364.4179489589579
28.71580548045394;-339.30347854161755
83.40751038042475;-297.0680816964953
132.1754013491205;-234.694772806829
166.83830661462287;-148.5473048189393
170.25949534509948;-37.019137230862256
109.89567487945007;82.65320935061841
-20.98578020538756;142.6949188230987
-146.49545140930968;116.28985175416638
-230.43851243348414;51.43561717423887
-279.51778208621573;-22.579066523733378
-303.16749743853813;-95.02709653791861
-307.8770901093942;-161.76021327647933
-297.9541946974239;-220.92447330593572
-276.37935123309876;-271.5196817239222
-245.33380477566934;-312.853521692887
-206.51792795917473;-344.3014062507916
-161.35921741779458;-365.1777755833135
-111.17066357393567;-374.64487728036704
-57.30317431500354;-371.6244367958301
-1.338931240790227;-354.69022912338374
54.59631733233102;-321.9240772188368
107.23091639928083;-270.73371088718494
150.81917139499404;-197.74076398792494
173.92357549579782;-99.54370474325002
152.3789636998006;20.587003122240244
54.00384069273687;122.7608487383296
-84.18833157498639;138.31885758057751
-190.6238771867548;88.43003759794301
-256.9953898750814;17.204969269183266
-293.23986991767623;-56.85506659400261
-307.41659619218547;-126.96576723792872
-304.8706890788521;-190.33325173548104
-289.2072828304656;-245.6039327281143
-262.9845482480146;-291.963342056119
-228.12860022921217;-328.77129166596643
-186.190963524775;-355.38745429398796
-138.52741006660708;-371.0659596252529
-86.44841450979186;-374.8687172975452
-31.383773676069865;-365.5706106750585
24.88185405591678;-341.53687348878213
79.79277672604927;-300.5590080309428
129.1645018507706;-239.67540323509135
165.19293973312145;-155.26319732626774
171.61200513912274;-45.32851891076915
116.72832192993793;75.37783620490208
-11.287099677478006;141.76095450232395
-139.22006186039937;119.83047732901149
-225.93139158032923;56.352673821109455
-277.0618566887971;-17.49738210397043
-302.2128194694502;-90.22541095933319
-308.0611558445653;-157.42331773568796
-299.03239312854066;-217.14265694802108
-278.1778798447634;-268.347694220948
-247.72165400427605;-310.33467667576775
-209.38949069014473;-342.47920354619106
-164.62219565256837;-364.1029788432268
-114.7358945121044;-374.3813693232735
-61.07352036851306;-372.25564952952544
-5.19346378950997;-356.3274806856172
50.8301169397882;-324.7178247203033
103.83406554351579;-274.8863584199618
148.3125670065502;-203.50413514545698
173.3918240084619;-107.08628298144741
156.04058319578252;12.1273327094264
63.06118126771479;118.08968620297122
-75.34619141887109;139.99937722929695
-184.72285715674033;92.85216902518565
-253.5269124958746;22.283737494674295
-291.5385394858247;-51.87052979280087
-307.02890312539176;-122.36557326472601
-305.4965201654403;-186.24679255885437
-290.63948324180507;-242.1005477627554
-265.071935074766;-289.0904905996146
-230.75374795645197;-326.5713112094574
-189.2557893618376;-353.9064717492466
-141.94233245063836;-370.3601179273685
-90.12211719798255;-375.0101150752428
-35.21050120396587;-366.65446591594923
21.042415942022103;-343.691143128714
76.15366992434394;-303.95689750658715
126.09441589542409;-244.54543829296108
163.41609098648877;-161.85492785118686
172.67959800730844;-53.56215777684068
123.15702212473774;67.84226872338783
-1.5529431564797056;140.3698480764832
-131.73682174047022;123.19133762212628
-221.25853819312087;61.22790384513406
-274.485937536597;-12.408504430162735
-301.1688194627666;-85.39740557693224
-308.17616714307667;-153.05147037193007
-300.05553747414257;-213.3212034214543
-279.93158166182275;-265.1328230751195
-250.0726271079241;-307.77002933961387
-212.2308232853123;-340.6080117999955
-167.86101710029774;-362.97531861363194
-118.2831603335009;-374.0600332674739
-64.833071032952;-372.8224902584237
-9.046693233613086;-357.8915823205811
47.05085863100282;-327.4265429728071
100.39943321230916;-278.9382224993128
145.71989662087375;-209.14890274514448
172.669954588795;-114.51105334383664
159.324376392335;3.6386314972824305
71.8742329210256;112.96243500929546
-66.33081261467375;141.3564817635354
-178.6282563978378;97.17646746652845
-249.91594793654068;27.349633528882432
-289.7331493531388;-46.867755771385895
-306.5623718072731;-117.73419732414098
-306.0604919461088;-182.122833259987
-292.021862298023;-238.55585315041452
-267.1185513940278;-286.17334651598793
-233.34539624444517;-324.32407389968654
-192.29343874482657;-352.37480074024035
-145.33614256072204;-369.59929259930533
-93.7812509623186;-375.09094061770645
-39.03071107885418;-367.6703122339855
17.198165695316927;-345.76736530762383
72.4915546098386;-307.26318856386985
122.96810228916361;-249.30661276452852
161.51455430115683;-168.3233435094276
173.47601488933992;-61.71193024358873
129.1749985198259;60.08003677579058
8.18634824966861;138.50807845874763
-124.04520899657082;126.35730958892891
-216.41593904473834;66.05620301627941
-271.7872145754155;-7.314012064786735
-300.0337446308957;-80.54349150275799
-308.22105108702266;-148.6446831959035
-301.0229916938423;-209.46000749307692
-281.6401124153364;-261.8749668400257
-252.38657933622426;-305.15954551192357
-215.04191561214773;-338.68790676001237
-171.07575100115915;-361.7950189025297
-121.81255025569493;-373.68128416652024
-68.58184963880626;-373.3256216609773
-12.89844395409624;-359.38351596754956
43.2591801896216;-330.05162410565566
96.9286998584891;-282.8911686586902
143.04530153397778;-214.6770806447405
171.76779537900697;-121.8171546958342
162.24324889288323;-4.859472158628142
80.41051704873068;107.3981874203061
-57.153005413301486;142.36911458520265
-172.33589325888724;101.39389194807002
-246.1586401325973;32.400055022832255
-287.82120876121644;-41.847272349024664
-306.0154441375692;-113.07149674001683
-306.5616314287761;-177.9610384986088
-293.35381824162863;-234.9695026208449
-269.1240348420603;-283.2116319047384
-235.90333327613985;-322.02941183633504
-195.30378380564426;-350.79241139614857
-148.70873637242468;-368.78361852409256
-97.42566532313765;-375.1115273321993
-42.84410790771497;-368.61872705602644
13.349706470583358;-347.76642211684606
68.80770783067828;-310.47913630016853
119.78834987304074;-253.96049731147681
159.49471976940808;-174.66929197741862
174.01452185719586;-69.77075819900774
134.77914023740436;52.12419717888494
17.89787783302352;136.16519558126097
-116.14562256941612;129.31225431531232
-211.3995180410452;70.83199015551087
-268.96271792251446;-2.215684879203088
-298.80565330046994;-75.6642012608354
-308.19449965657327;-144.20306168351593
-301.9338215870553;-205.559038384181
-283.3027544497168;-258.57407205994826
-254.6629106707248;-302.50319753775386
-217.82221638536274;-336.7189103956473
-174.2658402208917;-360.5621662566014
-125.32344783601641;-373.2452878596271
-72.31911286476289;-373.7653092597816
-16.747734186743017;-360.8036784857654
39.45651638114903;-332.5936363957285
93.4242394307036;-286.7459377755815
140.29329965627687;-220.08923458081767
170.69484696116922;-129.00226344176625
164.81005825329518;-13.347272430310243
88.63813178734787;101.42142284232182
-47.828407502442;143.01581306609742
-165.84339282635736;105.49358831135234
-242.252000179535;37.43087154545915
-285.80065454111883;-36.81094747284635
-305.3866927524063;-108.3785147663771
-306.9988707704018;-173.76210382763256
-294.63447986301463;-231.3420273236367
-271.0876148172592;-280.20579044172877
-238.42683004651172;-319.68771857508676
-198.28609383631934;-349.1596706774266
-152.0593421883511;-367.91345595162556
-101.05450120312948;-375.0722509508809
-46.64966805288964;-369.500132917356
9.498376127449333;-349.6888258201498
65.10407472664019;-313.60537956832934
116.55844350190694;-258.5077803017081
157.36305068876825;-180.89257371751864
174.30789116433326;-77.73119901585264
139.96887655597922;44.00809094301319
27.544931647044056;133.3348206986561
-108.0410361033274;132.03849370424143
-206.20616473585804;75.54829961035948
-266.0099915220341;2.8835618377653787
-297.4828852202983;-70.76105450600451
-308.0953357076136;-139.72757698219735
-302.7871255506032;-201.61901802968598
-284.91876363194166;-255.23073319809254
-256.9009660446508;-299.8015110108566
-220.5711153712221;-334.7015151227565
-177.4306837499364;-359.2772491746501
-128.8152228901977;-372.752559883106
-76.04414533221096;-374.14213450338224
-20.59366229340717;-362.1527696447712
35.64416335534953;-335.0534639585267
89.88821200013453;-290.50364121433
137.46808501364202;-225.38644757381678
169.46012525570413;-136.06509950534942
167.0385079549742;-21.80775480463267
96.52936798092395;95.05974488571142
-38.37467652365063;143.275491220215
-159.14826807966014;109.46422967949029
-238.19273409348986;42.43802600978715
-283.6692543223355;-31.760401345984864
-304.674648264022;-103.65602195600921
-307.3712037835272;-169.5264779574153
-295.8631216539704;-227.6737493368286
-273.0087409679091;-277.1561043149845
-240.9154437744804;-317.29928391195557
-201.23998617168846;-347.4769087374653
-155.3875944234227;-366.9892066027176
-104.6673584472155;-374.97362177854717
-50.446878010111845;-370.31519766200194
5.644945828331364;-351.5354675316673
61.382004928060894;-316.6431088133536
113.28103922634638;-262.94993562133527
155.12535330350198;-186.99417425126677
174.36851028051717;-85.58809277770456
144.74765403740938;35.76235598891565
37.09080985050637;130.01440931809938
-99.7344728072813;134.5179203327903
-200.83200564032796;80.19844470393002
-262.92605170837567;7.981459961048086
-296.06350882581074;-65.83486317071625
-307.922296745504;-135.21852971782587
-303.5820471717959;-197.64006551757018
-286.4875340019636;-251.84502071176144
-259.10029357700193;-297.0545703053719
-223.28824950550035;-332.63585514614806
-180.56995576458655;-357.9404790312643
-132.28753481203302;-372.20341732530215
-79.75652470364662;-374.45655616932106
-24.435617108211833;-363.43143877732217
31.823126796248808;-337.43201015468026
86.32248239727278;-294.16548256089214
134.57348977843196;-230.57000583253816
168.07212819851128;-143.00496193876586
168.9426521746381;-30.226098709159064
104.06068343539292;88.34338058402729
-28.8120042707489;143.12774506333062
-152.24819620008464;113.29384382143995
-233.97735226518597;47.41736864917527
-281.4246426721477;-26.697161339493555
-303.87777476168503;-98.90463932728026
-307.67759792903746;-165.25444476469465
-297.03901628270285;-223.9648300246246
-274.88687157274626;-274.06270500030746
-243.36874348520183;-314.8642556982555
-204.16508516071087;-345.7443204692971
-158.69312393948465;-366.0111392309289
-108.26381882937456;-374.8160129349784
-54.235191669055624;-371.0644381421075
1.7902345558998565;-353.3070622970791
57.642877884855075;-319.59329763658826
109.95876202954305;-267.28817636664746
152.78719428649748;-192.97486413149576
174.20824087027214;-93.33676922596298
149.1213452022077;27.416188782575844
46.497503858226686;126.20605503633342
-91.23080356594922;136.731427601958
-195.27346137982346;84.77500802555177
-259.70799323269426;13.0753558859925
-294.54562876488006;-60.886687864809495
-307.6741371447455;-130.6764028182685
-304.31773634009767;-193.62244500631272
-288.00846001644453;-248.41712351657304
-261.2604408415875;-294.26255640130034
-225.9732582848327;-330.5221429416213
-183.68333905084677;-356.55213068546897
-135.7400612892839;-371.5982289325659
-83.45586008721642;-374.70907596710884
-28.273033743859212;-364.64037356657263
27.994347887390365;-339.73021705318644
82.72879201705155;-297.7327135351326
131.61311164135319;-235.64130455717017
166.53886572293646;-149.8216268390531
170.53666741083703;-38.58941746804488
111.21292389813557;81.30446213708623
-19.163238287462505;142.55323709737027
-145.1411105170775;116.96969283758001
-229.60216211950402;52.36455267332332
-279.0642824066774;-21.622740538009786
-302.99441643290476;-94.12492515934187
-307.91693717500567;-160.94622406550735
-298.161373574276;-220.2153766160608
-276.7214153987563;-270.92568099927155
-245.78625535021678;-312.3827503655925
-207.0609772282919;-343.9620787543477
-161.97552867074592;-364.9795076123956
-111.84343781514698;-374.599787459231
-58.01404091519653;-371.74836641273697
-2.064936755496423;-355.00432300532833
53.88804833456653;-322.4569227515981
106.59413364690732;-271.52374006789427
150.35386115716815;-198.83556294429863
173.83846169814805;-100.9734456190027
153.09817559203643;18.99664047399946
55.72708562069033;121.91653709352195
-82.53641706429374;138.6591485716316
-189.5269162942049;89.27005468422702
-256.35275305248643;18.1624404528744
-292.9272213924178;-55.917644409731004
-307.34950093534553;-126.10171015046363
-304.9932332609492;-189.56644300309006
-289.4808173305922;-244.94724773983666
-263.3808221811292;-291.42566015401405
-228.62563076274745;-328.360589339765
-186.77034872578153;-355.11245984121916
-139.17229652894866;-370.9373199469795
-87.14156544338216;-374.90011957567134
-32.10515032425454;-365.7801429839815
24.158944038855633;-341.948853270435
79.10901214607432;-301.2063496879624
128.5905379371015;-240.6014562518284
164.86803184008588;-156.51472905256975
171.83456308804534;-46.88602972854706
117.97083871147248;73.9767772248846
-9.454725127649589;141.5342106233638
-137.82592841564437;120.47790623424584
-225.06368791714016;57.27458318821167
-276.5857310810867;-16.539083484054846
-302.0229641455812;-89.31777381558132
-308.0881143445845;-156.60230935761982
-299.22938350597207;-216.42572064414287
-278.5117391897743;-267.74530246405175
-248.16744886672117;-309.85502598705096
-209.92718202115955;-342.13046096274127
-165.23433354996573;-363.8946348303278
-115.40569677298728;-374.32534296178636
-61.78279991446055;-372.36748994163685
-5.919697860156292;-356.6279217888743
50.118884588850634;-325.2348806705107
103.1896183673937;-275.6577510711351
147.8304017708546;-204.57711858803592
173.27003246027428;-108.49480541557921
156.68807179007027;10.528902911559737
64.74204143419648;117.1576050029512
-73.65986411173172;140.28051252474637
-183.58904447577308;93.67493661369748
-252.8573056313663;23.23958151746459
-291.2062711076612;-50.92903462429621
-306.9470281865835;-121.49509658363655
-305.6075619175445;-185.47244752497332
-290.90385275734593;-241.435677673044
-265.4608099382185;-288.5441308584414
-231.24480243516882;-326.1514438574395
-189.83043583843573;-353.62174040476253
-142.58366221123433;-370.22101129133375
-90.81297765231616;-375.0300823360036
-35.93113336427406;-366.85125380304873
20.318093198142662;-344.0885886017
75.46503551372412;-304.5872667099826
125.50926954799063;-245.45141197324088
163.06696292618037;-163.08391589106682
172.85012380736782;-55.10540652417165
124.323264341277;66.39504948130411
0.28393647729172605;140.0551692359652
-130.30254655459422;123.80361353946586
-220.3585936620792;62.141945565437986
-273.98657225470004;-11.448426383466845
-300.96179818215415;-84.48428889110268
-308.1899840137287;-152.2233652685634
-300.24217117411007;-212.59633788700438
-280.25712019643345;-264.52195891327756
-250.51168089827365;-307.28143513572803
-212.7630872147438;-340.24981126180694
-168.46891578740397;-362.7568798114966
-118.94991696040742;-373.99307823627305
-65.5406605422314;-372.9222825426279
-9.773002999707339;-358.1784495452122
46.33691073973353;-327.92793428295397
99.74776575683548;-279.69115118742894
145.2217664272946;-210.20021483341802
172.51338505052644;-115.89788181250728
159.90234612911016;2.0362660538570223
73.50610392016189;111.94593541741635
-64.61215430663204;141.57441824907653
-177.45692005686558;97.98018541334562
-249.2187066394081;28.3032115858536
-289.38078919068045;-45.92244806068649
-306.46536198811856;-116.8574340112533
-306.1597316076675;-181.34103743365515
-292.27678537250256;-237.88286240327594
-267.49974193090827;-285.6183591391735
-233.8301712218635;-323.89507715013053
-192.8630155160711;-352.08034953375693
-145.97355006839555;-369.4497117884346
-94.46941272437356;-375.0994356084577
-39.75013726347597;-367.8542821928866
16.472951458638683;-346.1501578016976
71.79868353649327;-307.87641174428575
122.37264050652708;-250.19223670940852
161.14262651972723;-169.52918270562017
173.59690985648552;-63.238544959555504
130.26335505086485;58.59381434155939
10.02061271271952;138.1033945389542
-122.57162292778872;126.93109154622869
-215.48350200474064;66.96082080099195
-271.2643341923148;-6.3530352035601565
-299.80929983765566;-79.62551796516976
-308.2214534058544;-147.80997653778743
-301.1989587748635;-208.72762313821582
-281.9569722049031;-261.25596961218724
-252.81848177783448;-304.6622783682111
-215.56828761512335;-338.3204478309351
-171.67889170552004;-361.56660861477803
-122.47568771349165;-373.6034407336119
-69.28711928484557;-373.4133145666422
-13.624141331341173;-359.6566553354375
42.543285607606144;-330.5370810191667
96.27071968221786;-283.6252173976254
142.53242007543298;-215.70605207517144
171.57837890082428;-123.18078315515322
162.7536256948028;-6.460703782061035
81.98591149149873;106.30234519033877
-55.406064351552224;142.51963566520692
-171.1274511243991;102.17597136568854
-245.43374409011997;33.34989990922133
-287.4486634967802;-40.89919484015239
-305.90314797650035;-112.18928112417714
-306.6488548205337;-177.17248764967016
-293.5990199980687;-234.28897632135397
-269.4972109833145;-282.6485028097995
-236.38145001946484;-321.59167813604137
-195.86786907820508;-350.488542716961
-149.34176072136032;-368.6237780822886
-98.11063078929223;-375.10867775053566
-43.561786928102826;-368.78992193636213
12.624211201922806;-348.13452189003146
68.11131461700127;-311.07508582796817
119.18350061134049;-254.825524385709
159.10143503533055;-175.8514121779109
174.08821184252244;-71.27861108513007
135.78882339212163;50.605980905869
19.721969663205765;135.66920137352997
-114.63385217479347;129.84403043873465
-210.4344259594467;71.72549501228804
-268.4161123104832;-1.2547895760088668
-298.5635966564762;-74.7420791621866
-308.18129824495617;-143.36232618086927
-302.0989186276657;-204.81961893021492
-283.6107140305919;-257.94735621897763
-255.08742380735052;-301.9976126592627
-218.34244459319953;-336.3424965151402
-174.86395990188694;-360.32404287162365
-125.98269339121114;-373.15677657650383
-73.02178029616864;-373.84109372998284
-17.472509568123538;-361.06326547281174
38.73904447261834;-333.0633335343125
92.76046340061906;-287.461291157706
139.76655299842395;-221.09601060538316
170.47436826736197;-130.34233527357608
165.25540320258938;-14.94388484849639
90.15145461222389;100.25134170663064
-46.056483636179436;143.09494513814442
-164.59749907388027;106.25188836168846
-241.49893153703218;38.3761501962091
-285.40756966680027;-35.860486565708925
-305.2588747545192;-107.4910736487806
-307.07391506707233;-172.9669608616282
-294.86984184956106;-230.65409762758895
-271.45268715193953;-279.6346377602909
-238.89821888143192;-319.24136219731133
-198.84463150686398;-348.8465028346015
-152.68793500999968;-367.74348632781584
-101.73622157268933;-375.058209265776
-47.36554081807759;-369.6587388760745
8.772694975881771;-350.04246959531594
64.40435996500675;-314.18436379723744
115.94466160606697;-259.352592750024
156.94949414408188;-182.05127806024615
174.33677385025754;-79.2193636564068
140.9004203711942;42.463725540090884
29.352132233924063;132.74676142232803
-106.4915023083095;132.5249971603775
-205.20766494089915;76.42954711917734
-265.4391037249649;3.8440389259765344
-297.2228744263212;-69.8348555940461
-308.06832831796044;-138.88079437839596
-302.94123853613496;-200.87251609414412
-285.21776628269714;-254.59624821043576
-257.31806965177265;-299.28756834487115
-221.0852018822311;-334.3161245085552
-178.02379433729888;-359.02941550499264
-129.47058525346014;-372.6534145341501
-76.7441991301892;-374.20608288578717
-21.31746149082085;-362.398923745629
34.925254723054714;-335.50757966941603
89.21896148456173;-291.20054411887696
136.92819264566822;-226.37129227425572
169.21023086284373;-137.38147751261042
167.42149976738045;-23.396815278367864
97.97592163014372;93.82099801815575
-36.58137494288163;143.27940115767893
-157.8644796568977;110.19659793455949
-237.41085778462858;43.378002295482446
-283.2552010403425;-30.80782278868954
-304.5310270837529;-102.7634554032372
-307.43387314088767;-168.7247807919117
-296.0884965864227;-226.97843197454966
-273.3655869741273;-276.5769376869304
-241.37999227927165;-316.8443148632321
-201.79286223939226;-347.1544556516387
-156.0116300187298;-366.8091277822508
-105.34568510211966;-374.9484161841118
-51.16075639569201;-370.4612543573835
4.919334688712289;-351.87471098574247
60.679339110085756;-317.2052018967095
112.65893757605346;-263.7746118047299
154.69268829292508;-188.12939857441802
174.35489432518634;-87.05537409846508
145.60187693014504;34.19778526439515
38.87369266906146;129.3345189185638
-98.14829453115031;134.95557196891815
-199.79963474684186;81.06593379395468
-262.3304679694968;8.940863522523951
-295.7852565919199;-64.90494841006972
-307.88127129761415;-134.36593962815573
-303.72500414050967;-196.88666531123684
-286.77742751139306;-251.20292041314366
-259.5098440718974;-296.5324041289088
-223.7960520759073;-332.24160888509306
-181.15791085839064;-357.6830477669422
-132.93885754169062;-372.093747106475
-80.45378859247332;-374.5087807081745
-25.158226138443506;-363.6642842164764
31.10306998307649;-337.8706919256742
85.64819174758769;-294.8441124556108
134.02123160635844;-231.5330906915983
167.79442533608596;-144.29746281983347
169.26598952744715;-31.80488847117085
105.43646222104144;87.04207721494603
-27.001599695498257;143.05276902727013
-150.92625376618673;113.99789141696733
-233.16608433522953;48.35114535530654
-280.9892069049478;-25.742856146407306
-303.71806456539895;-98.00716530418065
-307.72767934196895;-164.44634224568716
-297.25422941555235;-223.2622428600392
-275.2353360844437;-273.4756261852478
-243.82630363579338;-314.40076731911137
-204.71215094204248;-345.4126711991419
-159.31244614936662;-365.82103950712974
-108.93858025148319;-374.7797351076771
-54.94687548012338;-371.19804693538805
1.0649422160958282;-353.63202429543844
56.93761225533291;-320.1386461591444
109.32891044414087;-268.09288495498913
152.33651249377934;-194.08668051041454
174.154362602521;-94.78226966172183
149.89964869480966;25.836846290867687
48.24877421767368;125.43542503998673
-89.60924580757738;137.11656515895862
-194.20667427450832;85.62721329472869
-259.0872330696457;14.03306472224595
-294.2488106620598;-59.95337347067446
-307.6188676822103;-129.81820843357332
-304.449366725923;-192.8622986784586
-288.2891052174115;-247.7675339805921
-261.6623162879273;-293.7322790490503
-226.4746639345441;-330.1191465496794
-184.26602779318065;-356.2852063227443
-136.3872286241341;-371.4781432778518
-84.1502038816511;-374.74969822190894
-28.994289231824894;-364.86005414383266
27.27337205130171;-340.15364313733215
82.04983699236828;-298.3932946730248
131.04920094012635;-236.58287089342204
166.2348720499482;-151.0901973564436
170.80306326338575;-40.15565357152969
112.51480629380296;79.94691951099868
-17.340489595234164;142.39596442019348
-143.78082258981826;117.64288817455419
-228.7609076049101;53.2912015072107
-278.60706669823355;-20.66708669164395
-302.81838395683747;-93.22272644598904
-307.95430638826144;-160.1318226194516
-298.3663774529154;-219.50559596894576
-277.0615094443839;-270.330759879458
-246.23688620062805;-311.91082138512667
-207.60233174199956;-343.6213343801879
-162.59026831459266;-364.7795245788095
-112.51478634010677;-374.5526277189687
-58.72368964180608;-371.86978959595416
-2.7900398711546552;-355.31536509297797
53.18014674786952;-322.98601909559306
105.95673257754795;-272.30913137572645
149.8859421191441;-199.92470777725606
173.74641258058244;-102.39722878171459
153.80273947997125;17.40666709794914
57.44048409885865;121.05670073802374
-80.88018228829772;138.98816741779603
-188.42459237699055;90.10581311725043
-255.7059727769305;19.118341627655944
-292.61133073183254;-54.98072517288359
-307.2797117561516;-125.23762574471297
-305.11341640298275;-188.79926710700943
-289.7522007143704;-244.28992060801542
-263.7750854563808;-290.88707406601446
-229.12075670740234;-327.9487057080413
-187.34792571391145;-354.83597336053253
-139.81548464559458;-370.80682633721784
-87.8331686833781;-374.9292344999308
-32.82521538214953;-365.9868547574345
23.43694778430472;-342.357342031817
78.42544601220806;-301.8493463854963
128.01538818894392;-241.52210643157318
164.5390184109058;-157.75984966384038
172.04675733480082;-48.438276371317194
119.19697067856292;72.56899651420257
-7.624238342345364;141.29154352349096
-136.42666916871946;121.11784352852833
-224.19147982886793;58.193515051653
-276.1060976020936;-15.58206110610102
-301.83023046881266;-88.41064666170061
-308.1125621962484;-155.78136331945916
-299.42408006021;-215.70851145898092
-278.84343817249834;-267.1423361139198
-248.6111736908848;-309.3744957682694
-210.46287769874934;-341.7805086118691
-165.84455639925017;-363.6847076758367
-116.07369504319333;-374.26729763779707
-62.4904484321415;-372.47678930264686
-6.644595561543702;-356.92517877544606
49.40846951568605;-325.74794528882535
102.5450124679295;-276.42413475485057
147.3460975719989;-205.64390802902037
173.14179461653478;-109.89652552612941
157.3210565632849;8.932556541381244
66.41091239154586;116.21120182583581
-71.97056469467812;140.54954428174761
-182.45042788044523;94.49267895132466
-252.1838505559517;24.193205670379193
-290.8708989101747;-49.9886179990846
-306.86248096926215;-120.62510609947319
-305.71617191483404;-184.69818719717244
-291.16592543371326;-240.770554547562
-265.8474674442834;-287.99719115936784
-231.73369514827044;-325.7306528015346
-190.4029753119032;-353.3357056095509
-143.22296100610313;-370.08016708273004
-91.50193061515725;-375.04780236382476
-36.65007057210787;-367.04518041120633
19.595076536084495;-344.4824125891018
74.77700161878019;-305.2130603574557
124.92334929600918;-246.35163102718977
162.7141747962746;-164.30595836326484
173.0107617770279;-56.64237688544512
125.47244905593669;64.94307752100879
2.116922417512349;139.7243949780904
-128.86390382976234;124.40760909121862
-219.4545046282732;63.052395391332446
-273.4838977295039;-10.490138491954093
-300.7519933233156;-83.57212971495119
-308.20130978127753;-151.3957148230877
-300.42647466659673;-211.87154053229014
-280.5804197190101;-263.91081242332075
-250.94855493541704;-306.79220650659
-213.29322274928427;-339.8906011604529
-169.07475079744012;-362.5370150271575
-119.61470948366097;-373.9242208556975
-66.24645257557926;-373.01961175845383
-10.49780459230492;-358.46217494090376
45.623958099532395;-328.4253428498862
99.09613758806275;-280.43904414447934
144.72175726089748;-211.24525321325706
172.35079439584806;-117.27764443173861
160.4662596061243;0.4369997454199208
75.12456095660318;110.91617808073043
-62.89138231448496;141.77955294135103
-176.2809852408354;98.77840083314322
-248.5177215921804;29.25427154194643
-289.0254101317823;-44.97844225446363
-306.36576160951967;-115.98133370737396
-306.256628407799;-180.55947102463023
-292.52951548761655;-237.20974187644498
-267.87884022715485;-285.06290296515243
-234.31293510818247;-323.4652656357208
-193.43066390162727;-351.7847123551676
-146.60913302993004;-369.29853171991266
-95.15589945847073;-375.1058561017776
-40.468118507406004;-368.03561507108765
15.748803709558981;-346.529626938472
71.10620828220868;-308.48545461048974
121.77629413652393;-251.07262333938016
160.76716534331422;-170.72870759851054
173.70854946200822;-64.75938898006657
131.33522838035663;57.10337247726007
11.850639641179233;137.6822378973957
-121.09311254129997;127.49632137098985
-214.54643435117316;67.86203747805995
-270.73786850773934;-5.39352016201045
-299.5819614862805;-78.70815526421597
-308.2193820497834;-146.97540159211405
-301.37271612753636;-207.99502593005187
-282.27180082348684;-260.6364625017727
-253.24848893148962;-304.1642124146428
-216.0928837080303;-337.95188851683514
-172.2803813081334;-361.3367672043743
-123.1373260449412;-373.5237899145959
-69.99110130259857;-373.498757121113
-14.348862074377369;-359.9270101329882
41.82786551984984;-331.019089064125
95.61233024611964;-284.3549817527733
142.01741138545492;-216.72975623890133
171.38317688260167;-124.5385490154517
163.2509971061618;-8.059595512062092
83.54829383664406;105.19331073608703
-53.65609179515873;142.65684917627817
-169.9133371805975;102.9528812114488
-244.70441556531784;34.29791933726025
-287.0727399948718;-39.95165196392821
-305.7881482241068;-111.30699622083634
-306.73381000616814;-176.38351013324996
-293.84225135416216;-233.60775693134914
-269.86863725700795;-282.08444619530894
-236.8579970802367;-321.15278506896976
-196.43054928864245;-350.18326771915497
-149.97355044691554;-368.4622542684357
-98.79456145169699;-375.10382127092447
-44.278697203815724;-368.9587177889016
11.899096015226737;-348.49973374613194
67.41467349559336;-311.66752492235526
118.57726319103674;-255.68626072891038
158.70445402049702;-177.02845409146747
174.15322119160564;-72.7819652924023
136.7831238380009;49.08328664289047
21.542296499702818;135.1561954328875
-113.11585991613707;130.36721755488756
-209.46370970901904;72.61626284767478
-267.86535503448107;-0.29448729251135347
-298.3184102631292;-73.81968548971017
-308.16563594560205;-142.52089538657552
-302.26201279101184;-204.07924722830765
-283.91700564615326;-257.3194968394346
-255.51053202517213;-301.49071514030487
-218.86149178448716;-335.9646002234106
-175.46110663331146;-360.0842513916834
-126.64117976755581;-373.06638140208344
-73.72393513796224;-373.9147312530155
-18.197089747954813;-361.32037348881937
38.02129976057475;-333.53011959620136
92.09563329909254;-288.17316905947825
139.23726914312033;-222.09863686203187
170.2482104305671;-131.67793749330662
165.68876411633553;-16.539255023570288
91.65246324583713;99.06791714436746
-44.280328669509096;143.1601870924606
-163.34456594061876;107.00544820816035
-240.740542023298;39.32046803301642
-285.0106293547845;-34.9096144072891
-305.1281764135673;-106.60265374873373
-307.14673796479747;-172.17056521825856
-295.10345343168143;-229.96475682943816
-271.8163665553169;-279.0619600202378
-239.36850459119648;-318.7933785171073
-199.4023178415598;-348.5315992318031
-153.31591390151004;-367.57165259745557
-102.41757444124089;-375.04214151992323
-48.08133198142951;-369.815106155469
8.0467187504422;-350.39358801835033
63.70377473951697;-314.76043117405584
115.32900994462464;-260.19397628793763
156.53207101257635;-183.20605656251664
174.35747252001954;-80.70431188318726
141.81768156043745;40.9144583492619
31.156037006243995;132.14109791585048
-104.93436403432271;133.00275475202133
-204.2024436251961;77.30866914626115
-264.8634056754735;4.804761752074135
-296.9594067455753;-68.90753065496062
-308.0387773175421;-138.0325224553347
-303.09345265374503;-200.12436296058965
-285.51535237716627;-253.9600309854516
-257.7341390798537;-298.77184411786016
-221.59857607602882;-333.92891080766594
-178.61648091000998;-358.7797109577001
-130.1258012024442;-372.5523326973008
-77.44439778338901;-374.2679989434566
-22.04174654938866;-362.6429029343545
34.20540505876089;-335.9593087589171
88.5480562356506;-291.89475598528304
136.38535680262467;-227.3530756573698
168.95470792517617;-138.69476113594237
167.7934262890956;-24.985808704279947
99.41089989808306;92.56867312085434
-34.78266771208669;143.2686946301209
-156.5722091658108;110.92455169851631
-236.62270544713965;44.317836767168565
-282.836764129891;-29.85391230734262
-304.38431065436936;-101.86902565118014
-307.4943395277536;-167.92102954701076
-296.31232003489714;-226.28100744757745
-273.7213838466804;-275.9956681158481
-241.84389937922683;-316.38726926195216
-202.3454454503328;-346.8299563373814
-156.63568771803347;-366.62702529283973
-106.02433911465172;-374.9211909353233
-51.875284022889105;-370.6052649943102
4.192688559709306;-352.2118339217649
59.975104791889464;-317.7650314264405
112.03439040086371;-264.5968042395196
154.25588162763597;-189.2619677347697
174.33348842710438;-88.52089802186252
146.44297466036764;32.627587156946596
40.6539236355181;128.6363344723239
-96.55288796487521;135.3842683080709
-198.75923005110874;81.93199137735905
-261.7292767899722;9.901476463633022
-295.5031379913497;-63.972923466701666
-307.8375754298981;-133.51094808271804
-303.8661465456879;-196.13080372921752
-287.0661516885625;-250.55839511090338
-259.9187361752873;-296.00789086189604
-224.30362058093544;-331.84510906302137
-181.7460009670229;-357.42345850914876
-133.59065415129612;-371.9820066850207
-81.15185977712885;-374.5590054555021
-25.882002631485904;-363.8951711269278
30.381402503727948;-338.3074115739089
84.97165094071433;-295.5207177848093
133.46561439227165;-232.4940560631382
167.51107970258266;-145.5880695901288
169.57900802313247;-33.384661295060006
106.80124498660967;85.72704695936626
-25.18488671963782;142.9623461473887
-149.59447011007327;114.69770620079751
-232.34761691720811;49.285508821025246
-280.54887613414263;-24.786359666155846
-303.5550533306236;-97.10697880767486
-307.7755835021125;-163.63540563765284
-297.46809865370295;-222.5568638265973
-275.5831062833244;-272.88587041061567
-244.28369871665652;-313.9347510274312
-205.2595011672508;-345.07865851717463
-159.9324501281888;-365.6287463826238
-109.61439246063934;-374.74143151209245
-55.65997487092711;-371.3297875047052
0.3378392515074409;-353.9552554932367
56.23003520796384;-320.68236783080323
108.69598557413364;-268.8960398816852
151.88134310404027;-195.1970989274813
174.09297477292293;-96.22747833285231
150.66589321743484;24.25103283308772
49.99796365981404;124.64577369465086
-87.97682460616362;137.4923885553358
-193.1304711337043;86.4786374783095
-258.4600071634014;14.992957097971685
-293.94766754137237;-59.01693867164392
-307.5607541835233;-128.95666341921316
-304.5792181112262;-192.09884259947546
-288.56877338034815;-247.11478887530802
-262.06384595028305;-293.1990491495798
-226.9762394972113;-329.71342159831795
-184.8493245293763;-356.01578351970073
-137.03539201080787;-371.35578678675057
-84.84590651421473;-374.7882675459456
-29.717274846048266;-365.0778807200159
26.55023939035232;-340.5753850900945
81.36814638028288;-299.052324110538
130.48158614957623;-237.52300819874546
165.92521132879872;-152.35775650447923
171.0597208982772;-41.72359521171933
113.80601255849533;78.57576724692122
-15.510980812604931;142.2223748940114
-142.40953225478114;118.31183379905285
-227.91160007296452;54.218976186364344
-278.1444266363173;-19.70855672849188
-302.63874889634917;-92.3171361505174
-307.9893506220338;-159.31396473496375
-298.5699928254178;-218.79247537683707
-277.4009316642955;-269.7326916229176
-246.6874158400899;-311.43596969448566
-208.14405627539105;-343.277902221681
-163.20578245274768;-364.577087518499
-113.187272869815;-374.5032384362252
-59.43482345192234;-371.98919086976707
-3.517001641654365;-355.6245636740174
52.469917904935464;-323.5134086537008
105.31628918272244;-273.092909435996
149.4136542736199;-201.0123876856461
173.64713907797028;-103.82051181898565
154.49541413262304;15.811104575300682
59.15035912821562;120.17808963880704
-79.2133280217118;139.30700553646207
-187.31265077331472;90.94044350096905
-255.05255287333802;20.076312947473646
-292.2909899206419;-54.04071905130625
-307.20698400772375;-124.37019327768394
-305.2317424668613;-188.02877072524467
-290.0225366742006;-243.629420089223
-264.1689341953177;-290.3455124565126
-229.6159819026993;-327.5340649412712
-187.9260350866444;-354.5569531073175
-140.4595860636469;-370.674017765369
-88.52603931557167;-374.95624072760387
-33.54690423534239;-366.1916425924252
22.712918251779094;-342.76405740196486
77.73928956210851;-302.4906751174202
127.43671260386013;-242.44117038968434
164.20459138531578;-159.00370758920903
172.24954967681703;-49.99163131276883
120.41173271128471;71.1488725216357
-5.788245389059918;141.03183103966876
-135.01646480106191;121.75283226650014
-223.31111396811448;59.11323811526732
-275.6209377652384;-14.622364683238356
-301.63379391997455;-87.50027864513238
-308.13457680524914;-154.95708499645727
-299.6172657251302;-214.98806487024726
-279.17432618320305;-266.5363043582044
-249.05464046988686;-308.891102275426
-210.99876894958368;-341.42790301098967
-166.4553625644818;-363.4723326266679
-116.74262521457126;-374.20699607930624
-63.19936622825623;-372.58400104730106
-7.37112651588634;-357.2204820368602
48.69595963064935;-326.25913999456037
101.89760623828458;-277.1886758730277
146.85768517972758;-206.7089061781966
173.00664490472516;-111.2971942097143
157.94221341798053;7.331870897809116
68.07441731322477;115.24670242714829
-70.27142677089745;140.8074275214824
-181.30230325122298;95.30868968921084
-251.5037525115175;25.148506604512455
-290.53102161970855;-49.04542543582084
-306.77489148189767;-119.75203312220144
-305.8227723214423;-183.92083530285825
-291.42675035525866;-240.10245018266545
-266.2334640511496;-287.44742768884134
-232.2223972110191;-325.30721038659016
-190.97571712083948;-353.0471897558528
-143.86280703194763;-369.93699907310406
-92.19175413743508;-375.06333304239155
-37.37021429074017;-367.2370170632741
18.87046005813508;-344.8741969594255
74.08680963133962;-305.83679793309335
124.3343220394137;-247.24972174880415
162.35636081359482;-165.525968456404
173.16226228706586;-58.17920803608071
126.60919523558104;63.48072523818783
3.9531994709096017;139.37611869618712
-127.4150809922799;125.00564804182996
-218.54257845213522;63.96286518044217
-272.9758319222738;-9.52983153759302
-300.5384872258289;-82.65731024842746
-308.21009375849644;-150.56524382396705
-300.6090651009072;-211.14394785888567
-280.9026258317858;-263.2969689154547
-251.3848188912946;-306.3004044651441
-213.82314192635246;-339.528942972025
-169.6807059701376;-362.3148155005726
-120.2799293973537;-373.8531187885556
-66.95297866855182;-373.11475128320365
-11.223686780395822;-358.7437155131812
44.909468637847525;-328.9205019412918
98.44225122748126;-281.1845380283581
144.218135002296;-212.28771824027018
172.18168653420673;-118.65522660254054
161.01824025016188;-1.1647214215429904
76.73519655400192;109.86966428947483
-61.16241780674095;141.97249681232722
-175.09619427380903;99.57390851650098
-247.81041083889292;30.20618114773332
-288.66563815345563;-44.03239368262528
-306.26307286420115;-115.10280795883362
-306.3513373809598;-179.77539207591008
-292.78070707618184;-236.53413523034538
-268.25688938006726;-284.5050276635894
-234.79503575446824;-323.033108825305
-193.99796905687802;-351.48679240026274
-147.244656237808;-369.14510694130814
-95.84260073460504;-375.1100331392355
-41.186616149908396;-368.2146529129326
15.023757367160847;-346.9066768971039
70.41226267738934;-309.09185728686475
121.17748263830717;-251.95004839335607
160.38721196799685;-171.92503836163397
173.8113157652903;-66.27835947260216
132.39342824699364;55.60507935521149
13.680994925147903;137.24349568537627
-119.60579541453373;128.05440151620286
-213.60222436830117;68.76220074964691
-270.2063712840526;-4.432951637251819
-299.351048107432;-77.78900286276239
-308.2147134316323;-146.1387759879302
-301.5445579319751;-207.26029771625062
-282.5852120372508;-260.0148119767116
-253.67745973793328;-303.66401073044574
-216.61675093520026;-337.5811961153928
-172.88140567417094;-361.10477511361836
-123.798745542062;-373.4419368715378
-70.69512125475572;-373.58189685104566
-15.073933452592087;-360.1948908865289
41.11164717916992;-331.49835503121164
94.95239916639825;-285.0816139010882
141.4994348654354;-217.74985409213252
171.18193463428196;-125.892685658324
163.7363228582943;-9.658693518671486
85.10015882032931;104.06942043922743
-51.90018281098348;142.78088511104386
-168.69141987210182;103.72589993790992
-243.96932881250257;35.24570749497731
-286.6926914791767;-39.00306162552171
-305.67010186961573;-110.42318068322062
-306.81644047763024;-175.59280726860263
-294.0836625854183;-232.92472543321563
-270.2386131003822;-281.51852518269413
-237.33337959791425;-320.71197582005465
-196.99230142535433;-349.87600586323765
-150.60462640383219;-368.2986391439917
-99.47799793108422;-375.0967198566244
-44.99537206780017;-369.1250471880703
11.173858958755169;-348.86216328663636
66.71733431091101;-312.2567377161104
117.96928667109049;-256.54318238898117
158.30359736010965;-178.20110664554514
174.20971318727578;-74.28171107243527
137.76275120300082;47.55536119952264
23.35986070524427;134.62584958416477
-111.59060636635952;130.88206953652798
-208.48663534033957;73.50483689993659
-267.3099613559958;0.6658053051502653
-298.06976307922713;-72.89648324082975
-308.1472683738318;-141.67830476362943
-302.4229001359923;-203.3375325017294
-284.22143378215287;-256.69016763981716
-255.93202616657206;-300.9822292216702
-219.37911970452083;-335.5849799526637
-176.05700344593768;-359.84256608949926
-127.29858674560973;-372.9738722397611
-74.42521339219235;-373.98596551363113
-18.921077786793973;-361.5746941320882
37.303700820937664;-333.9936064206518
91.43016331566405;-288.8810701239028
138.70581474906174;-223.0964595619435
170.0166022121268;-133.00821495541157
166.11001840861198;-18.132291071271514
93.14015919185434;97.87208050928263
-42.50106545742391;143.21139716628537
-162.08526357709593;107.75376280038442
-239.97718929059934;40.263234285326334
-284.60995117294055;-33.958934909066734
-304.9945148459057;-105.71384132380798
-307.2170793688571;-171.37345890679515
-295.3348920420382;-229.27448042189525
-272.17807977128285;-278.4881457096062
-239.83697326208267;-318.34404762650405
-199.95830883234424;-348.21510750244107
-153.94231684433288;-367.39794234578073
-103.09749599878778;-375.0238423536802
-48.79590062280189;-369.96879598657466
7.321627794907513;-350.7414586572956
63.0034881431789;-315.3325139487071
114.71254441816981;-261.0304356651121
156.11154171244283;-184.35488895040135
174.37006142767066;-82.18342023207113
142.71916661373993;39.36318100201234
32.95335709414117;131.51892213959465
-103.37226052594961;133.4708751747822
-203.19212929145255;78.18415361555994
-264.28377704197516;5.764080462198475
-296.6927974659632;-67.98068942489896
-308.00654918962636;-137.18425301975813
-303.2432607103757;-199.37588262010127
-285.8106928567204;-253.32320407508897
-258.1480631723617;-298.2552284190338
-222.10987671085468;-333.5404994888123
-179.20716203463996;-358.52845938124676
-130.77910083132898;-372.4492921541822
-78.142821671513;-374.327459205256
-22.764498012151936;-362.8838131701864
33.48665636680004;-336.4071972402473
87.87744407246046;-292.5841473144214
135.84119608150473;-228.32884467015455
168.69438643788925;-140.00102213102187
168.15332156349422;-26.56993369846405
100.8300001027714;91.30670587620679
-32.98392721520068;143.24332367449924
-155.27517945005687;111.6459166726267
-235.83049988592848;45.254775340968266
-282.4150595669678;-28.901462343480635
-304.23478152328045;-100.97536139758492
-307.55223157704637;-167.11760312620942
-296.53368532881956;-225.583548935502
-274.07477430901804;-275.41402103171004
-242.30542281624022;-315.9294855700794
-202.89566409447397;-346.5043202521246
-157.2574190470277;-366.44333053333463
-106.70074979631917;-374.89184013564494
-52.58773677727794;-370.7465106280974
3.4677990051514223;-352.5454090065473
59.27202870766038;-318.3203364029532
111.4098435884845;-265.413254652154
153.81668361416828;-190.38742148352014
174.30447922176782;-89.97885097413737
147.26772884628195;31.058143629566263
42.42429154625706;127.92267211473163
-94.9545303571074;135.8022236529618
-197.71481373426633;82.79318099999526
-261.1247538534554;10.859501525765937
-295.2181452961644;-63.04248775986357
-307.7912183313753;-132.6569616113514
-304.004700180829;-195.3755024990934
-287.35228745120423;-249.9140231067108
-260.3250087880066;-295.4831168140691
-224.80853337911765;-331.44790236366316
-182.3314155075411;-357.162664473363
-134.23979424205388;-371.8684913131327
-81.84736329842146;-374.6067872688054
-26.603420913308014;-364.1228145482373
29.6616697087579;-338.7399068954702
84.29621343409757;-296.1918785949325
132.90942392347756;-233.4480944763343
167.22357948252832;-146.87033719075086
169.8802952698967;-34.957479699807074
108.14822973681969;84.40505635263177
-23.37096457452388;142.85684627327385
-148.25936348237678;115.38977339538864
-231.52589846791264;50.21581537006267
-280.1056949011598;-23.832425454446835
-303.3893658828545;-96.20857871947753
-307.8208283262088;-162.8257104386132
-297.6792455471864;-221.85225090142652
-275.92805741462433;-272.29641184601644
-244.73817371999763;-313.46853698642855
-205.80384625724807;-344.7439059932367
-160.5494008856169;-365.435103498443
-110.28716436311679;-374.7010773053532
-56.37014794719912;-371.45865409290565
-0.386627447646484;-354.27462212602467
55.52450180447761;-321.2210110104433
108.06391285838922;-269.69261717827135
151.42454918555487;-196.29921287577017
174.0245654937166;-97.66338644478506
151.4154388591784;22.668754685944034
51.734032265447574;123.84209200805323
-86.34366704318805;137.8564651063303
-192.05145584384937;87.32396277503759
-257.8301272572218;15.949051792573423
-293.64397263165705;-58.08323140180873
-307.5000353923322;-128.09716239090636
-304.70632805693737;-191.3368690710487
-288.8455331973267;-246.4629914654313
-262.46229890758366;-292.66621774799654
-227.47458973943975;-329.3075061845136
-185.42928369453585;-355.74552158987603
-137.68016279624297;-371.23186041391017
-85.53824968709219;-374.82442572554305
-30.437073115426056;-365.2923060620818
25.829886905629753;-340.99253378624053
80.68839498740935;-299.70529823581774
129.9141896507596;-238.45531718613069
165.61209309095042;-153.6156812025528
171.3050569980376;-43.28254134306155
115.07779797840492;77.20051424749413
-13.68724014466065;142.03355724780783
-141.03649878721785;118.97189857021674
-227.05994220432194;55.14152093419822
-277.67943514535347;-18.753719557919325
-302.4566481951309;-91.4143761682293
-308.0217281137339;-158.498286261128
-298.7707083880234;-218.08094165654143
-277.7372228690206;-269.1356172846459
-247.13460510451438;-310.9614889120496
-208.68226865151416;-342.9341664265314
-163.81766680081589;-364.3735998055954
-113.85608985340275;-374.4519536115501
-60.14236503544267;-372.10571987812693
-4.240634324280454;-355.9297349544855
51.76243285019096;-324.03537447334566
104.67739170419708;-273.8695560284196
148.94040901332284;-202.0909465890367
173.54146397996797;-105.23324855671258
155.17146516393814;14.221354329038078
60.844496271625644;119.28703358504973
-77.5476295323679;139.61331011145518
-186.1988736733778;91.76800502894294
-254.39703244977574;21.029547693916413
-291.96837192378854;-53.10432076733488
-307.13171645682365;-123.50560989076662
-305.34722816207784;-187.26047536757426
-290.28973231151787;-242.9704917394499
-264.5593655302135;-289.8048730251117
-230.1075503432207;-327.1196511524858
-188.50030050546988;-354.27739846285266
-141.0997271517637;-370.53982395294
-89.21493323421647;-374.98089157860875
-34.26475281075877;-366.3929442550473
21.99234162443025;-343.1659380493654
77.05574649412576;-303.1255283905343
126.85892002785101;-243.3517727004863
163.86735568390085;-160.23700053092844
172.44158152657516;-51.53441938221723
121.60607260647546;69.72727376155737
-3.960652936467008;140.75697214347417
-133.60586696466032;122.37802060920181
-222.42914856757645;60.02679301750043
-275.13384184028735;-13.667258295770575
-301.435068443061;-86.59357530766002
-308.1539182458041;-154.1357408194498
-299.8074000617006;-214.26987220506385
