200.86779739927118;-0.16596696083102996
176.7920888684742;95.30988163939712
110.18664192069318;167.8766406897641
17.061558865666978;200.07352525224562
-80.17171349569936;184.15538250939179
-158.12433477996325;123.97965282221375
-198.08792006800923;34.039849593599094
-190.4956159887598;-64.06610427383069
-137.16373670498183;-146.80083247028418
-50.86847240130417;-194.28198853273526
47.662617794781326;-195.06058904722607
134.7205277086418;-148.9291279635266
189.36019818617066;-66.99041873760318
198.45482328359483;31.047696539400775
159.82161589801947;121.62522228048013
82.73707366299391;182.96561285186587
-14.26184973014065;200.3062114921163
-107.83103207374154;169.4850972441169
-175.47743729360414;97.94799139415471
-200.98196545121823;2.905184321482288
-178.24357004831722;-92.83479486346936
-112.70283621634248;-166.2988655290191
-20.071750483137937;-199.81879660635707
77.38677264763393;-185.3017819365161
156.2214306791698;-126.2290435240918
197.47582226139738;-36.81598763181429
191.24467849368978;61.44288452918361
139.02298045673723;144.9384144980228
53.35352599484167;193.59266489275825
-45.15706160546182;195.69743706692933
-132.80775479043973;150.7658674668031
-188.5472816014286;69.63379992911256
-199.02539479278872;-28.20217590078307
-161.73794035824608;-119.27523870249071
-85.60883465642019;-181.72578213944345
11.0998647970772;-200.52223441169284
105.13668195029267;-171.116554729504
173.87969543556662;-100.57843288479114
200.81042322083903;-5.874285735007951
179.4660648071855;90.24115926541508
114.96754930784455;164.6756183485052
22.81052693941788;199.52724236820586
-74.83643825456045;186.41454098681123
-154.49317514012552;128.51827007753886
-197.04864114025813;39.78057044732744
-192.32068078977562;-58.4962390406708
-141.4415207348595;-142.7466964355321
-56.59253176183104;-192.73951147285513
41.860705095160945;-196.4309970064892
130.2436674753647;-152.9123436166245
187.30433261858522;-72.65049218591618
199.34096000584395;25.060817036331557
163.46553223855452;116.75387334496769
88.28591677707875;180.39786543836055
-8.131326390685997;200.68464728469866
-102.59515847689637;172.7443563910345
-172.40767839501382;103.32609940324984
-200.83796698470593;9.124725659954665
-181.08966395481832;-87.26443472509767
-117.88591607054747;-162.72910150351086
-26.366739219053393;-199.13599450642639
71.48984974055264;-187.7045501467601
152.15307662735287;-131.16991518144187
196.23772389696825;-43.127416682891955
193.16395622230402;55.27067423835862
143.66731145765314;140.39664166686717
59.626783858828695;191.79353959438416
-38.75631917382484;197.09918250613998
-127.82365246299481;155.05511048070298
-186.19193100919887;75.79833865969385
-199.8870048733733;-21.631705809112955
-165.6378778808309;-113.87750786184743
-91.63642205267506;-178.81377231999073
4.3790370521479405;-200.82369384243796
99.33984547603413;-174.5885829117037
170.41418255073225;-106.40961309771271
200.53011979011418;-12.676868408393451
182.46222721655494;84.09924548415653
120.54123654470996;160.67943567960157
29.634140338884578;198.65422851203988
-68.40148879536274;188.8921642304762
-149.99864262467912;133.7651538863133
-195.5840241997696;46.54700971511347
-194.25291456458513;-51.82871510599324
-146.32577070312672;-137.781621450171
-63.271567013289804;-190.68294192674247
34.98580632042406;-197.79634335933605
124.82908642470171;-157.3885769702501
184.66043584678178;-79.17328857904306
200.1142077293652;18.052807662078187
167.48160224702843;110.94410561684064
94.58817457329964;177.18732222893715
-1.054809442481062;200.85119957329272
-96.44579958717824;176.25122274424606
-168.6628359232076;109.33161668951979
-200.39637693623442;16.188875938649325
-184.05996590771164;-80.83437159610676
-123.5608507433733;-158.4769735913097
-33.38771199873981;-198.08755416537414
64.809533176964;-190.11638717301196
