0.0;8.325
-0.09615353373017091;8.324167009550223
-0.1922589801067739;8.321668954949722
-0.28826834013996394;8.31750861656905
-0.38413380309760825;8.311690526480914
-0.47980783625104284;8.304221054256882
-0.5752432755412447;8.295108368389393
-0.6703934157101857;8.284362404030038
-0.7652120968159161;8.27199482520697
-0.8596537885907777;8.258018979321628
-0.9536736725348931;8.242449876956778
-1.047227724429559;8.225304177070504
-1.140272787071219;8.20660008456196
-1.2327666418994743;8.186357306401241
-1.3246680789933434;8.16459701220876
-1.4159369609386023;8.14134176842249
-1.5065342829762152;8.116615474460993
-1.5964222286818028;8.090443297682683
-1.6855642223920302;8.062851607543223
-1.7739249727374706;8.033867897078615
-1.8614705128096607;8.003520716614721
-1.948168244429594;7.97183959991963
-2.0339869630251886;7.93885498963276
-2.1188968887409882;7.904598159112752
-2.2028696864283264;7.86910114016807
-2.285878485094541;7.832396643966487
-2.3678978896225016;7.794517987798385
-2.4489039902710807;7.755499018643766
-2.5288743663848825;7.715374039449133
-2.607788086410987;7.6741777359495424
-2.685625703889113;7.631945104368011
-2.762369247752087;7.588711384307866
-2.8380022136780685;7.544511984472582
-2.9125095457694354;7.499382421418735
-2.9858776191929253;7.45335825339397
-3.0580942188451155;7.406475017347125
-3.1291485131762933;7.358768172271641
-3.1990310288155195;7.310273039005782
-3.2677336194123114;7.261024748193858
-3.3352494343219092;7.211058188134388
-3.401572885059144;7.160407955296739
-3.4666996089386792;7.109108309363848
-3.5306264326717636;7.057193129639632
-3.59335133350013;7.004695874564024
-3.6548733996879026;6.95164954484168
-3.715192790188389;6.89808664889966
-3.774310693364396;6.844039169869775
-3.832229285179043;6.789538537841193
-3.8889516870670215;6.734615604372437
-3.9444819240146574;6.679300616220091
-3.9988248818562573;6.623623195740002
-4.05198626477874;6.567612323736562
-4.103972553894284;6.511296320480364
-4.154790965238915;6.454702833073296
-4.204449408399241;6.39785882493342
-4.2529564461535925;6.3407905643570635
-4.3003212544062315;6.283523617814346
-4.346553583045674;6.226082845207921
-4.391663717476275;6.168492394915161
-4.435662441142369;6.110775702233231
-4.47856099904131;6.052955489534633
-4.520371062105171;5.995053766725782
-4.561104692737997;5.937091834036358
-4.6007743115340425;5.879090286179538
-4.639392664807479;5.821069017215798
-4.676972793501733;5.763047226866451
-4.7135280033425;5.705043427789062
-4.74907183564883;5.647075453987739
-4.783618039653187;5.5891604699614446
-4.81718054596649;5.531314980606453
-4.8497734419042065;5.473554841018426
-4.881410946527383;5.4158952687461905
-4.912107387540054;5.358350855708301
-4.941877179390828;5.300935580556165
-4.970734802759287;5.243662819594446
-4.998694784599988;5.186545360730092
-5.025771679191962;5.129595418236823
-5.051980050589723;5.072824645982928
-5.077334456034033;5.01624415007808
-5.101849430320464;4.959864501280871
-5.125539470900881;4.9036957527446825
-5.14841902418929;4.847747453136687
-5.170502472655434;4.792028660447627
-5.191804122525759;4.736547952896217
-5.212338192856116;4.68131344723168
-5.232118805132125;4.626332812205702
-5.251159973662226;4.571613282394026
-5.269475596173892;4.517161668773008
-5.287079445980175;4.462984374918463
-5.303985164659276;4.409087411456536
-5.3202062551625415;4.355476408902588
-5.335756075113769;4.302156628849014
-5.3506478310060945;4.249132976443658
-5.3648945738595355;4.196410016051538
-5.378509194421065;4.143991982565794
-5.391504418833144;4.091882792724098
-5.403892804166119;4.040086054481305
-5.415686736831899;3.9886050833226205
-5.426898429464744;3.9374429122594563
-5.437539918666997;3.8866023029593046
-5.4476230632092975;3.836085756771622
-5.457159541233164;3.7858955225065554
-5.466160848770378;3.7360336062572705
-5.474638300525505;3.6865017850287134
-5.48260302828043;3.63730161420291
-5.490065980379882;3.588434436520598
-5.49703792150107;3.539901390923661
-5.503529434730561;3.4917034276033236
-5.509550920320217;3.4438413111851816
-5.515112595637909;3.39631562725903
-5.520224496333233;3.3491267918548084
-5.52489647710826;3.3022750588443155
-5.529138212963171;3.255760528019323
-5.532959202386646;3.2095831578761103
-5.536368766224051;3.1637427652889545
-5.539376049600772;3.11823903365003
-5.541990023699647;3.073071519936548
-5.544219487395551;3.0282396608504123
-5.546073069457352;2.9837427797203366
-5.5475592311304895;2.9395800937161
-5.548686266686814;2.8957507164888687
-5.549462305973105;2.852253664673002
-5.549895316507911;2.809087863093347
-5.549993105595018;2.7662521497031647
-5.549763322899183;2.723745281294373
-5.549213462577777;2.6815659378483594
-5.5483508651792715;2.639712726141454
-5.5471827201155905;2.5981841844519877
-5.545716067952985;2.556978786623137
-5.543957802750727;2.516094946001985
-5.541914675012018;2.4755310200113887
-5.539593293471548;2.4352853129829493
-5.537000127413593;2.3953560795664295
-5.534141509152712;2.3557415282049785
-5.531023636378968;2.316439824291342
-5.527652574600868;2.2774490933204388
-5.524034259922283;2.2387674243351237
-5.520174500785833;2.200392871945749
-5.516078980459001;2.1623234592010583
-5.511753259377325;2.1245571801760845
-5.507202777426927;2.087092002393666
-5.502432856474487;2.0499258694044897
-5.497448702784164;2.013056703159723
-5.4922554086562165;1.9764824055310042
-5.486857954893557;1.940200860593309
-5.48126121297427;1.9042099365422536
-5.475469947185178;1.8685074875102825
-5.469488816718949;1.8330913552893016
-5.463322378477602;1.7979593715997793
-5.456975089145893;1.7631093596608483
-5.450451306231645;1.7285391348372605
-5.443755290608312;1.6942465065320447
-5.436891208499054;1.6602292795516294
-5.429863133424522;1.6264852553995899
-5.422675048115856;1.5930122335030705
-5.415330846910032;1.5598080126696428
-5.4078343373882864;1.5268703920640467
-5.400189241814273;1.4941971720363636
-5.392399199189558;1.461786155266427
-5.3844677670214764;1.4296351477083231
-5.376398423055329;1.3977419594824738
-5.368194566980479;1.3661044057212295
-5.359859522590075;1.3347203075546226
-5.3513965390704135;1.3035874927250948
-5.342808792427467;1.2727037962276309
-5.334099387249571;1.242067061050649
-5.325271358263856;1.2116751388099172
-5.316327671859941;1.181525890344632
-5.3072712275945815;1.151617186278614
-5.298104859940499;1.1219469075725665
-5.288831339455731;1.092512945992363
-5.279453374159011;1.063313204568231
-5.269973610986628;1.0343455980344125
-5.26039463714531;1.0056080532334803
-5.250718981435595;0.9770985094936133
-5.240949115563585;0.9488149189747821
-5.231087455607222;0.9207552469344613
-5.221136363037581;0.8929174720971711
-5.211098145954918;0.865299586927869
-5.200975060320999;0.8378995978770127
-5.190769311126835;0.8107155256171301
-5.180483053534527;0.7837454052602506
-5.170118394007856;0.7569872865448648
-5.159677391499844;0.7304392339344596
-5.14916205839876;0.7040993268876081
-5.138574361600536;0.6779656599825208
-5.127916223547154;0.6520363430358596
-5.117189523228499;0.626309501219271
-5.106396097161755;0.6007832751626769
-5.095537740358665;0.5754558210224066
-5.084616207301693;0.5503253104661372
-5.073633212798777;0.5253899308759475
-5.062590432897038;0.5006478853603424
-5.051489505763004;0.47609739278571794
-5.040332032538899;0.45173668780783816
-5.02911957817966;0.42756402089428525
-5.017853672274527;0.40357765827308034
-5.006535809851774;0.37977588180980604
-4.995167452143129;0.35615698931132567
-4.983750027355219;0.33271929439126224
-4.97228493141686;0.30946112643984214
-4.96077352870884;0.2863808306004709
-4.9492171527773134;0.2634767677408554
-4.9376171070312225;0.2407473144192167
-4.9259746654241665;0.2181908628460072
-4.914291073121125;0.1958058208416027
-4.902567547150444;0.17359061179039315
-4.890805277003607;0.15154367409359226
-4.879005425236155;0.12966346095580983
-4.867169128161594;0.1079484414809837
-4.855297496404017;0.08639709999906797
-4.843391615477561;0.06500793598025778
-4.831452546353881;0.04377946395777954
-4.8194813260172165;0.022710213448667638
-4.807478968007443;0.001798728872746569
-4.795446462951455;-0.018956430529809776
-4.783384779083272;-0.039556690782099224
-4.771294862752792;-0.06000346325632311
-4.7591776386618605;-0.08029814557830539
-4.747034010499116;-0.10044212120575802
-4.734864861642251;-0.12043675881344607
-4.722671055455127;-0.140283412919751
-4.710453435738053;-0.15998342399035792
-4.698212827168377;-0.17953811854248003
-4.685950035731753;-0.19894880924947222
-4.673665849144367;-0.21821679504560998
-4.661361037266436;-0.23734336123084
-4.649036352507306;-0.25632977957534986
-4.6366925302070445;-0.27517730845096744
-4.624330288585783;-0.2938871937055443
-4.611950329597662;-0.31246066790905336
-4.599553339368087;-0.3308989503498485
-4.5871399883976345;-0.3492032474225206
-4.574710931911233;-0.3673747527423967
-4.56226681020002;-0.38541464725960806
-4.549808248956144;-0.40332409937268565
-4.537335859600745;-0.4211042650414911
-4.524850239605374;-0.4387562878994249
-4.51235197280708;-0.45628129936477335
-4.499841629665784;-0.4736804188156414
-4.487319767122192;-0.4909547542495334
-4.474786929538002;-0.5081054015780457
-4.462243648862199;-0.5251334448947245
-4.449690444815252;-0.5420399567069072
-4.437127825160108;-0.5588259980502963
-4.4245562859675855;-0.5754926186026854
-4.411976311876433;-0.5920408567967137
-4.39938837634821;-0.6084717399316353
-4.386792941917182;-0.6247862842839993
-4.374190460435458;-0.6409854952171852
-4.361581373215813;-0.6570703673871061
-4.348966110944729;-0.6730418851661553
-4.33634509453092;-0.6889010221292966
-4.323718735112794;-0.7046487413803038
-4.31108743423343;-0.7202859957018692
-4.298451584051216;-0.7358137276645054
-4.285811567546236;-0.7512328697343884
-4.273167758722572;-0.7665443443800937
-4.260520522806659;-0.7817490641781923
-4.247870216441847;-0.7968479319176642
-4.235217187879325;-0.8118418407030945
-4.222561777023628;-0.8267316741721336
-4.209904315471355;-0.8415183067105154
-4.197245127156449;-0.8562026031711172
-4.184584528307127;-0.8707854191529503
-4.171922827602975;-0.8852676011110703
-4.15926032633906;-0.8996499864569047
-4.1465973185867995;-0.9139334036574509
-4.133934091351682;-0.9281186723333579
-4.121270924727968;-0.9422066033558754
-4.108608092050493;-0.9561979989425986
-4.095945860043658;-0.9700936527520745
-4.083284488790527;-0.9838943500981565
-4.070624231912945;-0.997600868014217
-4.057965336972136;-1.0112139751664855
-4.045308045445692;-1.0247344320547682
-4.0326525928580885;-1.0381629911043118
-4.0199992089089;-1.0515003967564076
-4.007348117598518;-1.0647473855579104
-3.9946995373514413;-1.0779046862496957
-3.982053681137245;-1.0909730198540235
-3.9694107565893066;-1.1039530997608216
-3.9567709661181114;-1.1168456318147533
-3.9441345067970417;-1.1296513145309608
-3.9315015706938827;-1.142370839049102
-3.9188723450748304;-1.1550048891618478
-3.906247012400896;-1.1675541414605966
-3.8936257504312195;-1.1800192654167987
-3.881008732324484;-1.1924009234622348
-3.8683961267384888;-1.2046997710682772
-3.855788097927956;-1.2169164568241058
-3.843184805840652;-1.2290516225139112
-3.8305864062118866;-1.2411059031930485
-3.817993050657455;-1.2530799272631743
-3.8054048867651105;-1.2649743165463352
-3.792822058005584;-1.2767896864485724
-3.7802447036401072;-1.2885266461207638
-3.767672959426349;-1.3001857982154312
-3.7551069574095877;-1.311767739107055
-3.7425468259865897;-1.323273058971102
-3.729992689983069;-1.3347023418545074
-3.717444670729686;-1.346056165745251
-3.7049028861366495;-1.357335102641074
-3.692367450766993;-1.3685397186172767
-3.6798384759085394;-1.3796705738936719
-3.667316069644632;-1.390728222900635
-3.654800336923679;-1.4017132143443043
-3.6422913796029626;-1.4126260912807571
-3.629789296284677;-1.423467391271512
-3.6172941827274205;-1.4342376463064446
-3.6048061318483375;-1.4449373828914185
-3.5923252337304645;-1.455567122131849
-3.5798515756826195;-1.466127379793857
-3.5673852422981973;-1.4766186663646246
-3.5549263155129194;-1.4870414871119877
-3.542474874661558;-1.4973963421432461
-3.530030996533691;-1.5076837264632184
-3.517594755428515;-1.517904130031535
-3.5051662232087644;-1.5280580378191695
-3.4927454693537268;-1.5381459298642486
-3.480332560849396;-1.5481682813803204
-3.467927562329118;-1.5581255627800932
-3.455530536293809;-1.5680182396733329
-3.443141543038916;-1.5778467729603287
-3.4307606407006324;-1.5876116188847953
-3.4183878853012697;-1.597313229086125
-3.40602333079379;-1.6069520506509565
-3.393667029105549;-1.6165285261640838
-3.3813190301812646;-1.626043093758727
-3.3689793820252456;-1.6354961871661409
-3.3566481307429017;-1.6448882357645906
-3.3443253205815693;-1.6542196646276912
-3.332010993931475;-1.6634908945827498
-3.3197051912697164;-1.6727023422833123
-3.307407951414282;-1.6818544201969892
-3.2951193114771273;-1.6909475366746531
-3.2828393068888744;-1.6999820959991452
-3.270567971434036;-1.7089584984303516
-3.2583053372855897;-1.7178771402497213
-3.246051435038946;-1.7267384138042032
-3.2338062937453054;-1.7355427075496435
-3.221569940944443;-1.7442904060936237
-3.2093424026969357;-1.7529818902377525
-3.1971237036158486;-1.7616175370194234
-3.1849138668931856;-1.7701977197538457
-3.172712914230734;-1.7787228080915647
-3.1605208659939494;-1.787193168037314
-3.148337741244137;-1.7956091619893844
-3.136163557733381;-1.8039711487845875
-3.123998331931961;-1.8122794837370875
-3.1118420790552666;-1.8205345186767374
-3.099694813090231;-1.828736601986942
-3.087556546821296;-1.8368860786420331
-3.0754272918559193;-1.8449832902441816
-3.063307058649654;-1.8530285750598416
-3.0511958565307893;-1.8610222680557391
-3.039093693724597;-1.8689647009344044
-3.027000577335266;-1.876856202175293
-3.0149165133651437;-1.884697097069822
-3.0028415068253023;-1.892487707742917
-2.9907755617087597;-1.900228353193981
-2.978718681011266;-1.9079193493304416
-2.966670866752306;-1.9155610090007755
-2.954632119995729;-1.9231536420271313
-2.9426024408699947;-1.9306975552375545
-2.930581828588071;-1.9381930524977942
-2.91857028146699;-1.9456404347427307
-2.9065677969470602;-1.9530400000074026
-2.8945743716107586;-1.9603920434576563
-2.8825900011919217;-1.9676968574209261
-2.870614680548462;-1.9749547314185523
-2.8586484037617517;-1.9821659521907669
-2.8466911641295463;-1.9893308037272495
-2.8347429541751232;-1.9964495672963656
-2.822803765663725;-2.003522521473613
-2.810873589618682;-2.01054994216974
-2.7989524163372588;-2.017532102658494
-2.7870402354062165;-2.024469273604045
-2.775137035717094;-2.0313617230880663
-2.763242805481238;-2.0382097166364814
-2.7513575322445636;-2.0450135172458808
-2.739481202901373;-2.051773385409633
-2.727613803658327;-2.0584895791440654
-2.7157553201018496;-2.0651623540133786
-2.703905737231726;-2.0717919631546557
-2.692065039448576;-2.0783786573029492
-2.680233210566902;-2.0849226848158056
-2.6684102338278985;-2.0914242916975057
-2.656596091912064;-2.0978837216230013
-2.6447907669515898;-2.1043012159615673
-2.6329942405425686;-2.1106770138001516
-2.621206493756992;-2.1170113519664655
-2.6094275071545745;-2.1233044650517736
-2.5976572607943997;-2.12955658543342
-2.5858957342463773;-2.135767943297084
-2.5741429066025603;-2.141938766658754
-2.5623987564882773;-2.1480692813864595
-2.5506632620710272;-2.1541597112216615
-2.538936400941762;-2.1602102777967316
-2.5272181502668545;-2.1662212006597126
