0.8218908526119494;-0.47750517500000017
0.9500746392548508;-0.0295625709934527
0.849988275625931;0.4254828986662499
0.5456790610864827;0.7782995105039914
0.11026199867089916;0.944117607826523
-0.3516472170618353;0.883096823961928
-0.7290677413120468;0.6098983475441856
-0.9313184462750427;0.1901623448183647
-0.9098054668933426;-0.27526310717196434
-0.6696976297342023;-0.6745523333940585
-0.26868456233335436;-0.9117699116129637
0.1968841335259668;-0.9299206437781167
0.615148366252413;-0.7246435353026789
0.8856136743448578;-0.34525959157187514
0.9432965775895797;0.11707831766285362
0.7743378648806863;0.5512863473468192
0.41933248438987203;0.853039291764685
-0.03642402161315286;0.9498363313795184
-0.4834290921566842;0.8184204778813527
-0.8142828342120391;0.4903664259169739
-0.949492510791517;0.04449424355800262
-0.8565719024806002;-0.4120683701034857
-0.5578466249163052;-0.7696251742429331
-0.1250900537705427;-0.9422676075333697
0.3377213406405869;-0.8885156508666026
0.7193899511137162;-0.6212840445364607
0.9282139813193847;-0.2047793218130056
0.9140202229791311;0.26092680533850293
0.6802189464184455;0.663941225329741
0.28298453029047144;0.9074334804134455
-0.18224130312727188;0.9329007842174063
-0.6036808402565267;0.7342242224730481
-0.8800767035227927;0.359138916960321
-0.9450205049579579;-0.10223507699407407
-0.7829084901828348;-0.5390455099141555
-0.43269058212412026;-0.8463419083916782
0.02148794136596768;-0.950291552174821
0.4705036540599514;-0.8259189289967942
0.8064735750044272;-0.503106488308943
0.9486757259756882;-0.059414919872693206
0.8629438372618778;0.39855200349606007
0.5698763232519208;0.7607606338105632
0.13988719427591617;0.9401847364409772
-0.323712000203492;0.8937148911611758
-0.7095343718122209;0.6325161981925956
-0.9248801187595151;0.21934568991061446
-0.9180090892878112;-0.24652601839144994
-0.6905721546710412;-0.6531660316887075
-0.29721456181636224;-0.902872787275863
0.16755343384834953;-0.9356503687620737
0.5920641213576462;-0.7436234544176079
0.874322231681164;-0.3729294852207948
0.946510881179588;0.08736657008042129
0.7912856284921447;0.526671453470538
0.44594174526689445;0.839435361172791
-0.006546550616702857;0.9505119191435741
-0.4574619362979994;0.8332132635750963
-0.7984650049593476;0.5157222136133432
-0.9476244866665108;0.07432091246082607
-0.86910250521802;-0.3849371392613855
-0.58176518308921;-0.7517080799779631
-0.1546497632407842;-0.9378695093074235
0.3096226580008707;-0.898693259912109
0.6995034391027136;-0.6435920326126279
0.9213176825219238;-0.23385784919777533
0.9217710800161137;0.23206430532269506
0.7007546958134404;0.6422294154384325
0.3113711401194022;0.8980889593240312
-0.1528241556302485;0.9381687178833449
-0.5803010804967007;0.7528389082222967
-0.868351680972708;0.38662788817007276
-0.947767337924812;-0.07247647150553568
-0.7994672094934633;-0.5141672361243107
-0.45908269894282827;-0.8323213569831945
-0.00839645803860726;-0.9504973778245701
0.444307161984087;-0.8403016789038468
0.7902591033044645;-0.528210483996107
0.9463390526659077;-0.08920853747467317
0.8750463843037921;0.3712271421594036
0.5935102662307169;0.7424697499815878
0.16937411226297272;0.9353224983149435
-0.29545679605454406;0.9034495267717844
-0.6892996320169313;0.6545088105291639
-0.9175275530225008;0.2483122131581934
-0.9253052654305115;-0.21754524018132002
-0.7107640533456108;-0.6311340794400945
-0.32545076656113126;-0.8930831788270058
0.13805710864776086;-0.9404552091996716
0.568394624776396;-0.7618683063917792
0.8621665269516182;-0.4002307404025361
0.9487895646745367;0.05756846118909912
0.807451211201437;0.5015359481515856
0.4721101955136272;0.8250016539686827
0.02333739160412492;0.9502479318115318
-0.4310425821721502;0.8471824231612357
-0.7818578980357043;0.5405682131222367
-0.9448197416543785;0.10407411560580809
-0.880774005556598;-0.35742540046108023
-0.6051086700117614;-0.7330479269703823
-0.18405660238585286;-0.9325443329285498
