0.0;4753638.619
1.0;4753638.619
2.0;4753638.619
3.0;4753638.619
4.0;4753638.619
5.0;4753638.619
6.0;4753638.619
7.0;4753638.619
8.0;4753638.619
9.0;4753638.619
10.0;4753638.619
11.0;4753638.619
12.0;4753638.619
13.0;4753638.619
14.0;4753638.619
15.0;4753638.619
16.0;4753638.619
17.0;4753638.619
18.0;4753638.619
19.0;4753638.619
20.0;4753638.619
21.0;4753638.619
22.0;4753638.619
23.0;4753638.619
24.0;4753638.619
25.0;4753638.619
26.0;4753638.619
27.0;4753638.619
28.0;4753638.619
29.0;4753638.619
30.0;4753638.619
31.0;4753638.619
32.0;4753638.619
33.0;4753638.619
34.0;4753638.619
35.0;4753638.619
36.0;4753638.619
37.0;4753638.619
38.0;4753638.619
39.0;4753638.619
40.0;4753638.619
41.0;4753638.619
42.0;4753638.619
43.0;4753638.619
44.0;4753638.619
45.0;4753638.619
46.0;4753638.619
47.0;4753638.619
48.0;4753638.619
49.0;4753638.619
50.0;4753638.619
51.0;4753638.619
52.0;4753638.619
53.0;4753638.619
54.0;4753638.619
55.0;4753638.619
56.0;4753638.619
57.0;4753638.619
58.0;4753638.619
59.0;4753638.619
60.0;4753638.619
61.0;4753638.619
62.0;4753638.619
63.0;4753638.619
64.0;4753638.619
65.0;4753638.619
66.0;4753638.619
67.0;4753638.619
68.0;4753638.619
69.0;4753638.619
70.0;4753638.619
71.0;4753638.619
72.0;4753638.619
73.0;4753638.619
74.0;4753638.619
75.0;4753638.619
76.0;4753638.619
77.0;4753638.619
78.0;4753638.619
79.0;4753638.619
80.0;4753638.619
81.0;4753638.619
82.0;4753638.619
83.0;4753638.619
84.0;4753638.619
85.0;4753638.619
86.0;4753638.619
87.0;4753638.619
88.0;4753638.619
89.0;4753638.619
90.0;4753638.619
91.0;4753638.619
92.0;4753638.619
93.0;4753638.619
94.0;4753638.619
95.0;4753638.619
96.0;4753638.619
97.0;4753638.619
98.0;4753638.619
99.0;4753638.619
100.0;4753638.619
101.0;4753638.619
102.0;4753638.619
103.0;4753638.619
104.0;4753638.619
105.0;4753638.619
106.0;4753638.619
107.0;4753638.619
108.0;4753638.619
109.0;4753638.619
110.0;4753638.619
111.0;4753638.619
112.0;4753638.619
113.0;4753638.619
114.0;4753638.619
115.0;4753638.619
116.0;4753638.619
117.0;4753638.619
118.0;4753638.619
119.0;4753638.619
120.0;4753638.619
121.0;4753638.619
122.0;4753638.619
123.0;4753638.619
124.0;4753638.619
125.0;4753638.619
126.0;4753638.619
127.0;4753638.619
128.0;4753638.619
129.0;4753638.619
130.0;4753638.619
131.0;4753638.619
132.0;4753638.619
133.0;4753638.619
134.0;4753638.619
135.0;4753638.619
136.0;4753638.619
137.0;4753638.619
138.0;4753638.619
139.0;4753638.619
140.0;4753638.619
141.0;4753638.619
142.0;4753638.619
143.0;4753638.619
144.0;4753638.619
145.0;4753638.619
146.0;4753638.619
147.0;4753638.619
148.0;4753638.619
149.0;4753638.619
150.0;4753638.619
151.0;4753638.619
152.0;4753638.619
153.0;4753638.619
154.0;4753638.619
155.0;4753638.619
156.0;4753638.619
157.0;4753638.619
158.0;4753638.619
159.0;4753638.619
160.0;4753638.619
161.0;4753638.619
162.0;4753638.619
163.0;4753638.619
164.0;4753638.619
165.0;4753638.619
166.0;4753638.619
167.0;4753638.619
168.0;4753638.619
169.0;4753638.619
170.0;4753638.619
171.0;4753638.619
172.0;4753638.619
173.0;4753638.619
174.0;4753638.619
175.0;4753638.619
176.0;4753638.619
177.0;4753638.619
178.0;4753638.619
179.0;4753638.619
180.0;4753638.619
181.0;4753638.619
182.0;4753638.619
183.0;4753638.619
184.0;4753638.619
185.0;4753638.619
186.0;4753638.619
187.0;4753638.619
188.0;4753638.619
189.0;4753638.619
190.0;4753638.619
191.0;4753638.619
192.0;4753638.619
193.0;4753638.619
194.0;4753638.619
195.0;4753638.619
196.0;4753638.619
197.0;4753638.619
198.0;4753638.619
199.0;4753638.619
200.0;4753638.619
201.0;4753638.619
202.0;4753638.619
203.0;4753638.619
204.0;4753638.619
205.0;4753638.619
206.0;4753638.619
207.0;4753638.619
208.0;4753638.619
209.0;4753638.619
210.0;4753638.619
211.0;4753638.619
212.0;4753638.619
213.0;4753638.619
214.0;4753638.619
215.0;4753638.619
216.0;4753638.619
217.0;4753638.619
218.0;4753638.619
219.0;4753638.619
220.0;4753638.619
221.0;4753638.619
222.0;4753638.619
223.0;4753638.619
224.0;4753638.619
225.0;4753638.619
226.0;4753638.619
227.0;4753638.619
228.0;4753638.619
229.0;4753638.619
230.0;4753638.619
231.0;4753638.619
232.0;4753638.619
233.0;4753638.619
234.0;4753638.619
235.0;4753638.619
236.0;4753638.619
237.0;4753638.619
238.0;4753638.619
239.0;4753638.619
240.0;4753638.619
241.0;4753638.619
242.0;4753638.619
243.0;4753638.619
244.0;4753638.619
245.0;4753638.619
246.0;4753638.619
247.0;4753638.619
248.0;4753638.619
249.0;4753638.619
250.0;4753638.619
251.0;4753638.619
252.0;4753638.619
253.0;4753638.619
254.0;4753638.619
255.0;4753638.619
256.0;4753638.619
257.0;4753638.619
258.0;4753638.619
259.0;4753638.619
260.0;4753638.619
261.0;4753638.619
262.0;4753638.619
263.0;4753638.619
264.0;4753638.619
265.0;4753638.619
266.0;4753638.619
267.0;4753638.619
268.0;4753638.619
269.0;4753638.619
270.0;4753638.619
271.0;4753638.619
272.0;4753638.619
273.0;4753638.619
274.0;4753638.619
275.0;4753638.619
276.0;4753638.619
277.0;4753638.619
278.0;4753638.619
279.0;4753638.619
280.0;4753638.619
281.0;4753638.619
282.0;4753638.619
283.0;4753638.619
284.0;4753638.619
285.0;4753638.619
286.0;4753638.619
287.0;4753638.619
288.0;4753638.619
289.0;4753638.619
290.0;4753638.619
291.0;4753638.619
292.0;4753638.619
293.0;4753638.619
294.0;4753638.619
295.0;4753638.619
296.0;4753638.619
297.0;4753638.619
298.0;4753638.619
299.0;4753638.619
300.0;4753638.619
301.0;4753638.619
302.0;4753638.619
303.0;4753638.619
304.0;4753638.619
305.0;4753638.619
306.0;4753638.619
307.0;4753638.619
308.0;4753638.619
309.0;4753638.619
310.0;4753638.619
311.0;4753638.619
312.0;4753638.619
313.0;4753638.619
314.0;4753638.619
315.0;4753638.619
316.0;4753638.619
317.0;4753638.619
318.0;4753638.619
319.0;4753638.619
320.0;4753638.619
321.0;4753638.619
322.0;4753638.619
323.0;4753638.619
324.0;4753638.619
325.0;4753638.619
326.0;4753638.619
327.0;4753638.619
328.0;4753638.619
329.0;4753638.619
330.0;4753638.619
331.0;4753638.619
332.0;4753638.619
333.0;4753638.619
334.0;4753638.619
335.0;4753638.619
336.0;4753638.619
337.0;4753638.619
338.0;4753638.619
339.0;4753638.619
340.0;4753638.619
341.0;4753638.619
342.0;4753638.619
343.0;4753638.619
344.0;4753638.619
345.0;4753638.619
346.0;4753638.619
347.0;4753638.619
348.0;4753638.619
349.0;4753638.619
350.0;4753638.619
351.0;4753638.619
352.0;4753638.619
353.0;4753638.619
354.0;4753638.619
355.0;4753638.619
356.0;4753638.619
357.0;4753638.619
358.0;4753638.619
359.0;4753638.619
360.0;4753638.619
361.0;4753638.619
362.0;4753638.619
363.0;4753638.619
364.0;4753638.619
365.0;4753638.619
366.0;4753638.619
367.0;4753638.619
368.0;4753638.619
369.0;4753638.619
370.0;4753638.619
371.0;4753638.619
372.0;4753638.619
373.0;4753638.619
374.0;4753638.619
375.0;4753638.619
376.0;4753638.619
377.0;4753638.619
378.0;4753638.619
379.0;4753638.619
380.0;4753638.619
381.0;4753638.619
382.0;4753638.619
383.0;4753638.619
384.0;4753638.619
385.0;4753638.619
386.0;4753638.619
387.0;4753638.619
388.0;4753638.619
389.0;4753638.619
390.0;4753638.619
391.0;4753638.619
392.0;4753638.619
393.0;4753638.619
394.0;4753638.619
395.0;4753638.619
396.0;4753638.619
397.0;4753638.619
398.0;4753638.619
399.0;4753638.619
400.0;4753638.619
401.0;4753638.619
402.0;4753638.619
403.0;4753638.619
404.0;4753638.619
405.0;4753638.619
406.0;4753638.619
407.0;4753638.619
408.0;4753638.619
409.0;4753638.619
410.0;4753638.619
411.0;4753638.619
412.0;4753638.619
413.0;4753638.619
414.0;4753638.619
415.0;4753638.619
416.0;4753638.619
417.0;4753638.619
418.0;4753638.619
419.0;4753638.619
420.0;4753638.619
421.0;4753638.619
422.0;4753638.619
423.0;4753638.619
424.0;4753638.619
425.0;4753638.619
426.0;4753638.619
427.0;4753638.619
428.0;4753638.619
429.0;4753638.619
430.0;4753638.619
431.0;4753638.619
432.0;4753638.619
433.0;4753638.619
434.0;4753638.619
435.0;4753638.619
436.0;4753638.619
437.0;4753638.619
438.0;4753638.619
439.0;4753638.619
440.0;4753638.619
441.0;4753638.619
442.0;4753638.619
443.0;4753638.619
444.0;4753638.619
445.0;4753638.619
446.0;4753638.619
447.0;4753638.619
448.0;4753638.619
449.0;4753638.619
450.0;4753638.619
451.0;4753638.619
452.0;4753638.619
453.0;4753638.619
454.0;4753638.619
455.0;4753638.619
456.0;4753638.619
457.0;4753638.619
458.0;4753638.619
459.0;4753638.619
460.0;4753638.619
461.0;4753638.619
462.0;4753638.619
463.0;4753638.619
464.0;4753638.619
465.0;4753638.619
466.0;4753638.619
467.0;4753638.619
468.0;4753638.619
469.0;4753638.619
470.0;4753638.619
471.0;4753638.619
472.0;4753638.619
473.0;4753638.619
474.0;4753638.619
475.0;4753638.619
476.0;4753638.619
477.0;4753638.619
478.0;4753638.619
479.0;4753638.619
480.0;4753638.619
481.0;4753638.619
482.0;4753638.619
483.0;4753638.619
484.0;4753638.619
485.0;4753638.619
486.0;4753638.619
487.0;4753638.619
488.0;4753638.619
489.0;4753638.619
490.0;4753638.619
491.0;4753638.619
492.0;4753638.619
493.0;4753638.619
494.0;4753638.619
495.0;4753638.619
496.0;4753638.619
497.0;4753638.619
498.0;4753638.619
499.0;4753638.619
500.0;4753638.619
501.0;4753638.619
502.0;4753638.619
503.0;4753638.619
504.0;4753638.619
505.0;4753638.619
506.0;4753638.619
507.0;4753638.619
508.0;4753638.619
509.0;4753638.619
510.0;4753638.619
511.0;4753638.619
512.0;4753638.619
513.0;4753638.619
514.0;4753638.619
515.0;4753638.619
516.0;4753638.619
517.0;4753638.619
518.0;4753638.619
519.0;4753638.619
520.0;4753638.619
521.0;4753638.619
522.0;4753638.619
523.0;4753638.619
524.0;4753638.619
525.0;4753638.619
526.0;4753638.619
527.0;4753638.619
528.0;4753638.619
529.0;4753638.619
530.0;4753638.619
531.0;4753638.619
532.0;4753638.619
533.0;4753638.619
534.0;4753638.619
535.0;4753638.619
536.0;4753638.619
537.0;4753638.619
538.0;4753638.619
539.0;4753638.619
540.0;4753638.619
541.0;4753638.619
542.0;4753638.619
543.0;4753638.619
544.0;4753638.619
545.0;4753638.619
546.0;4753638.619
547.0;4753638.619
548.0;4753638.619
549.0;4753638.619
550.0;4753638.619
551.0;4753638.619
552.0;4753638.619
553.0;4753638.619
554.0;4753638.619
555.0;4753638.619
556.0;4753638.619
557.0;4753638.619
558.0;4753638.619
559.0;4753638.619
560.0;4753638.619
561.0;4753638.619
562.0;4753638.619
563.0;4753638.619
564.0;4753638.619
565.0;4753638.619
566.0;4753638.619
567.0;4753638.619
568.0;4753638.619
569.0;4753638.619
570.0;4753638.619
571.0;4753638.619
572.0;4753638.619
573.0;4753638.619
574.0;4753638.619
575.0;4753638.619
576.0;4753638.619
577.0;4753638.619
578.0;4753638.619
579.0;4753638.619
580.0;4753638.619
581.0;4753638.619
582.0;4753638.619
583.0;4753638.619
584.0;4753638.619
585.0;4753638.619
586.0;4753638.619
587.0;4753638.619
588.0;4753638.619
589.0;4753638.619
590.0;4753638.619
591.0;4753638.619
592.0;4753638.619
593.0;4753638.619
594.0;4753638.619
595.0;4753638.619
596.0;4753638.619
597.0;4753638.619
598.0;4753638.619
599.0;4753638.619
600.0;4753638.619
601.0;4753638.619
602.0;4753638.619
603.0;4753638.619
604.0;4753638.619
605.0;4753638.619
606.0;4753638.619
607.0;4753638.619
608.0;4753638.619
609.0;4753638.619
610.0;4753638.619
611.0;4753638.619
612.0;4753638.619
613.0;4753638.619
614.0;4753638.619
615.0;4753638.619
616.0;4753638.619
617.0;4753638.619
618.0;4753638.619
619.0;4753638.619
620.0;4753638.619
621.0;4753638.619
622.0;4753638.619
623.0;4753638.619
624.0;4753638.619
625.0;4753638.619
626.0;4753638.619
627.0;4753638.619
628.0;4753638.619
629.0;4753638.619
630.0;4753638.619
631.0;4753638.619
632.0;4753638.619
633.0;4753638.619
634.0;4753638.619
635.0;4753638.619
636.0;4753638.619
637.0;4753638.619
638.0;4753638.619
639.0;4753638.619
640.0;4753638.619
641.0;4753638.619
642.0;4753638.619
643.0;4753638.619
644.0;4753638.619
645.0;4753638.619
646.0;4753638.619
647.0;4753638.619
648.0;4753638.619
649.0;4753638.619
650.0;4753638.619
651.0;4753638.619
652.0;4753638.619
653.0;4753638.619
654.0;4753638.619
655.0;4753638.619
656.0;4753638.619
657.0;4753638.619
658.0;4753638.619
659.0;4753638.619
660.0;4753638.619
661.0;4753638.619
662.0;4753638.619
663.0;4753638.619
664.0;4753638.619
665.0;4753638.619
666.0;4753638.619
667.0;4753638.619
668.0;4753638.619
669.0;4753638.619
670.0;4753638.619
671.0;4753638.619
672.0;4753638.619
673.0;4753638.619
674.0;4753638.619
675.0;4753638.619
676.0;4753638.619
677.0;4753638.619
678.0;4753638.619
679.0;4753638.619
680.0;4753638.619
681.0;4753638.619
682.0;4753638.619
683.0;4753638.619
684.0;4753638.619
685.0;4753638.619
686.0;4753638.619
687.0;4753638.619
688.0;4753638.619
689.0;4753638.619
690.0;4753638.619
691.0;4753638.619
692.0;4753638.619
693.0;4753638.619
694.0;4753638.619
695.0;4753638.619
696.0;4753638.619
697.0;4753638.619
698.0;4753638.619
699.0;4753638.619
700.0;4753638.619
701.0;4753638.619
702.0;4753638.619
703.0;4753638.619
704.0;4753638.619
705.0;4753638.619
706.0;4753638.619
707.0;4753638.619
708.0;4753638.619
709.0;4753638.619
710.0;4753638.619
711.0;4753638.619
712.0;4753638.619
713.0;4753638.619
714.0;4753638.619
715.0;4753638.619
716.0;4753638.619
717.0;4753638.619
718.0;4753638.619
719.0;4753638.619
720.0;4753638.619
721.0;4753638.619
722.0;4753638.619
723.0;4753638.619
724.0;4753638.619
725.0;4753638.619
726.0;4753638.619
727.0;4753638.619
728.0;4753638.619
729.0;4753638.619
730.0;4753638.619
731.0;4753638.619
732.0;4753638.619
733.0;4753638.619
734.0;4753638.619
735.0;4753638.619
736.0;4753638.619
737.0;4753638.619
738.0;4753638.619
739.0;4753638.619
740.0;4753638.619
741.0;4753638.619
742.0;4753638.619
743.0;4753638.619
744.0;4753638.619
745.0;4753638.619
746.0;4753638.619
747.0;4753638.619
748.0;4753638.619
749.0;4753638.619
750.0;4753638.619
751.0;4753638.619
752.0;4753638.619
753.0;4753638.619
754.0;4753638.619
755.0;4753638.619
756.0;4753638.619
757.0;4753638.619
758.0;4753638.619
759.0;4753638.619
760.0;4753638.619
761.0;4753638.619
762.0;4753638.619
763.0;4753638.619
764.0;4753638.619
765.0;4753638.619
766.0;4753638.619
767.0;4753638.619
768.0;4753638.619
769.0;4753638.619
770.0;4753638.619
771.0;4753638.619
772.0;4753638.619
773.0;4753638.619
774.0;4753638.619
775.0;4753638.619
776.0;4753638.619
777.0;4753638.619
778.0;4753638.619
779.0;4753638.619
780.0;4753638.619
781.0;4753638.619
782.0;4753638.619
783.0;4753638.619
784.0;4753638.619
785.0;4753638.619
786.0;4753638.619
787.0;4753638.619
788.0;4753638.619
789.0;4753638.619
790.0;4753638.619
791.0;4753638.619
792.0;4753638.619
793.0;4753638.619
794.0;4753638.619
795.0;4753638.619
796.0;4753638.619
797.0;4753638.619
798.0;4753638.619
799.0;4753638.619
800.0;4753638.619
801.0;4753638.619
802.0;4753638.619
803.0;4753638.619
804.0;4753638.619
805.0;4753638.619
806.0;4753638.619
807.0;4753638.619
808.0;4753638.619
809.0;4753638.619
810.0;4753638.619
811.0;4753638.619
812.0;4753638.619
813.0;4753638.619
814.0;4753638.619
815.0;4753638.619
816.0;4753638.619
817.0;4753638.619
818.0;4753638.619
819.0;4753638.619
820.0;4753638.619
821.0;4753638.619
822.0;4753638.619
823.0;4753638.619
824.0;4753638.619
825.0;4753638.619
826.0;4753638.619
827.0;4753638.619
828.0;4753638.619
829.0;4753638.619
830.0;4753638.619
831.0;4753638.619
832.0;4753638.619
833.0;4753638.619
834.0;4753638.619
835.0;4753638.619
836.0;4753638.619
837.0;4753638.619
838.0;4753638.619
839.0;4753638.619
840.0;4753638.619
841.0;4753638.619
842.0;4753638.619
843.0;4753638.619
844.0;4753638.619
845.0;4753638.619
846.0;4753638.619
847.0;4753638.619
848.0;4753638.619
849.0;4753638.619
850.0;4753638.619
851.0;4753638.619
852.0;4753638.619
853.0;4753638.619
854.0;4753638.619
855.0;4753638.619
856.0;4753638.619
857.0;4753638.619
858.0;4753638.619
859.0;4753638.619
860.0;4753638.619
861.0;4753638.619
862.0;4753638.619
863.0;4753638.619
864.0;4753638.619
865.0;4753638.619
866.0;4753638.619
867.0;4753638.619
868.0;4753638.619
869.0;4753638.619
870.0;4753638.619
871.0;4753638.619
872.0;4753638.619
873.0;4753638.619
874.0;4753638.619
875.0;4753638.619
876.0;4753638.619
877.0;4753638.619
878.0;4753638.619
879.0;4753638.619
880.0;4753638.619
881.0;4753638.619
882.0;4753638.619
883.0;4753638.619
884.0;4753638.619
885.0;4753638.619
886.0;4753638.619
887.0;4753638.619
888.0;4753638.619
889.0;4753638.619
890.0;4753638.619
891.0;4753638.619
892.0;4753638.619
893.0;4753638.619
894.0;4753638.619
895.0;4753638.619
896.0;4753638.619
897.0;4753638.619
898.0;4753638.619
899.0;4753638.619
900.0;4753638.619
901.0;4753638.619
902.0;4753638.619
903.0;4753638.619
904.0;4753638.619
905.0;4753638.619
906.0;4753638.619
907.0;4753638.619
908.0;4753638.619
909.0;4753638.619
910.0;4753638.619
911.0;4753638.619
912.0;4753638.619
913.0;4753638.619
914.0;4753638.619
915.0;4753638.619
916.0;4753638.619
917.0;4753638.619
918.0;4753638.619
919.0;4753638.619
920.0;4753638.619
921.0;4753638.619
922.0;4753638.619
923.0;4753638.619
924.0;4753638.619
925.0;4753638.619
926.0;4753638.619
927.0;4753638.619
928.0;4753638.619
929.0;4753638.619
930.0;4753638.619
931.0;4753638.619
932.0;4753638.619
933.0;4753638.619
934.0;4753638.619
935.0;4753638.619
936.0;4753638.619
937.0;4753638.619
938.0;4753638.619
939.0;4753638.619
940.0;4753638.619
941.0;4753638.619
942.0;4753638.619
943.0;4753638.619
944.0;4753638.619
945.0;4753638.619
946.0;4753638.619
947.0;4753638.619
948.0;4753638.619
949.0;4753638.619
950.0;4753638.619
951.0;4753638.619
952.0;4753638.619
953.0;4753638.619
954.0;4753638.619
955.0;4753638.619
956.0;4753638.619
957.0;4753638.619
958.0;4753638.619
959.0;4753638.619
960.0;4753638.619
961.0;4753638.619
962.0;4753638.619
963.0;4753638.619
964.0;4753638.619
965.0;4753638.619
966.0;4753638.619
967.0;4753638.619
968.0;4753638.619
969.0;4753638.619
970.0;4753638.619
971.0;4753638.619
972.0;4753638.619
973.0;4753638.619
974.0;4753638.619
975.0;4753638.619
976.0;4753638.619
977.0;4753638.619
978.0;4753638.619
979.0;4753638.619
980.0;4753638.619
981.0;4753638.619
982.0;4753638.619
983.0;4753638.619
984.0;4753638.619
985.0;4753638.619
986.0;4753638.619
987.0;4753638.619
988.0;4753638.619
989.0;4753638.619
990.0;4753638.619
991.0;4753638.619
992.0;4753638.619
993.0;4753638.619
994.0;4753638.619
995.0;4753638.619
996.0;4753638.619
997.0;4753638.619
998.0;4753638.619
999.0;4753638.619
