0.109468288058179;-8.1328364360262e-20
-0.09951633526982041;0.18940865228689263
-0.2697611210786193;0.12914942433785426
-0.32820514248238786;0.008096729319690105
-0.28288567409180077;-0.11573556243358295
-0.1272962955479108;-0.1889749529257829
0.10246776098718952;-0.04756305968309981
-0.0699958156325941;0.18649755527053752
-0.25489900057433884;0.14172970743101831
-0.3266066176687474;0.024250428820505248
-0.29430256690555123;-0.10162231610891427
-0.15322691219105936;-0.18577882323125072
0.08341450936381962;-0.08970466440242973
-0.03899763989068223;0.17942144589397413
-0.2377522002360268;0.15257309610702208
-0.32009866680637405;0.038710743442814985
-0.2931532779483329;-0.08709161642674101
-0.1497586211828454;-0.16642131552804737
0.06507310793245466;-0.020051007000855037
-0.12325970887745483;0.18097182175521662
-0.2936628277348713;0.12353925659100531
-0.3504649686955632;0.002257084639031178
-0.2988498033030322;-0.12037024667175211
-0.12854538826498324;-0.17810213131679806
0.03877578809922975;0.04098885585038323
-0.18482776509040819;0.16861839573589352
-0.3307157241243668;0.0906907292819331
-0.36498400911530954;-0.034590321589330356
-0.29014578339467123;-0.15119388673301082
-0.09468868786234702;-0.17911459239594021
-0.008620704861350898;0.0894002363856281
-0.2352611598348714;0.15061917886271922
-0.3575528241190399;0.05721923897051784
-0.36993934232963016;-0.07007951892327226
-0.2717478297327277;-0.1780250495546205
-0.05427242684545495;-0.1648979306912513
-0.06454977852526472;0.11844890460527593
-0.2770652502053628;0.12877326600522712
-0.37645452902095455;0.023666396349812716
-0.3671552745311753;-0.10380204466318396
-0.24512483887167552;-0.19989302891283517
-0.014734787335776512;-0.13041672538641202
-0.11974134418694816;0.1313799878610591
-0.31138997155381415;0.10421776112492284
-0.3884480220896178;-0.009615482916990784
-0.3574170401718886;-0.13539544486508195
-0.21096201980263032;-0.21552585290351467
0.01008410844694341;-0.07398659837725975
-0.17030182722620169;0.13272238610787332
-0.33892281399039637;0.07778583216765937
-0.39408943651220163;-0.04230492644203164
-0.3410945105745587;-0.16442425254232465
-0.1697981688729317;-0.22308497154545753
0.004895351633660329;-0.007786496227805848
-0.2149032627436403;0.12592419636965074
-0.3601225510090651;0.05013079614328473
-0.3936973443702874;-0.07407673017365322
-0.31834204035759567;-0.1903346067232733
-0.12253472446506883;-0.21984602428636438
-0.027970534672551443;0.047092316166366666
-0.2532130737713073;0.1133868493948894
-0.3753070132635026;0.02179455474342165
-0.38744562583611175;-0.10458282012333443
-0.28918794044487334;-0.21240289081544228
-0.07139416439082505;-0.201817445410159
-0.07303405276353457;0.08250883102441814
-0.2852580505949596;0.096800825513993
-0.384692984869745;-0.006748379318734619
-0.375405647060308;-0.13343494985751223
-0.2535922622487651;-0.2296595657416182
-0.022120496981365638;-0.1639262416613436
-0.11935262432655276;0.10142548047402399
-0.31117731689623723;0.07740489084841128
-0.38841752601637997;-0.03505849306983269
-0.35756783046372154;-0.16018309091567975
-0.21151728081881646;-0.24076683079949832
0.012629733703596182;-0.10383619310220145
-0.1621362697351235;0.10851737548975487
-0.33112170559016485;0.05615608895091475
-0.3865481651892116;-0.06270360268712268
-0.3338523202781409;-0.18428585634091937
-0.1630627584548544;-0.24382021244273736
0.017465584348349692;-0.032399976153892285
-0.19956697297345163;0.10743908543965996
-0.3452117522623226;0.033841705830647856
-0.37908692358720575;-0.0892323087067203
-0.3041144073613915;-0.20506843495573665
-0.1087873648829478;-0.23603605104059922
-0.006568045701632007;0.0292465174964034
-0.23100177881860348;0.10080006108356024
-0.35351710778735207;0.011160400509566869
-0.365969008866267;-0.11414181597159315
-0.26815012365121205;-0.2216572906876585
-0.050535119501654235;-0.2133496792482505
-0.04396307357159133;0.07197399769413101
-0.2562297284468997;0.0905224337138378
-0.3560408688640913;-0.011207936730187506
-0.34705403928218;-0.13683326447212416
-0.2257050446429518;-0.2328756553224384
0.006529393853363624;-0.17046933353078048
