-10.4612774002282;-8.13283643602620e-20
9.51022457630709;-18.1007348165189
25.7795756426675;-12.3420950200578
31.3647483714639;-0.773761037302556
27.0338212812059;11.0602044658589
12.1650123322711;18.0592911348317
-9.79226978018449;4.54536509831971
6.68908803083632;-17.8225391637402
24.3592733528523;-13.5443444205784
31.2119932078133;-2.31751085277164
28.1249033587924;9.71144998855609
14.6431282727573;17.7538476667887
-7.97139593155816;8.57277028558346
3.72384684609971;-17.1543064472333
22.7697739813724;-14.6523267565738
30.9061137699058;-3.84987704580726
29.0554035398542;8.30716150959352
16.9408741655919;17.2286444460217
-5.39844588604671;11.8180741518586
0.658117943546237;-16.0074511130275
21.0077862279132;-15.6490682618287
30.4463610234288;-5.36305458086754
29.8275476459113;6.85753227574223
19.0581782597845;16.5192321246546
-2.44425932571776;14.2618488742290
-2.42633131226297;-14.2740011463962
19.0700899247746;-16.5145769488168
29.8316222714478;-6.84889711533489
30.4432060246070;5.37187444320818
20.9969235944875;15.6545598356603
0.639958166715163;15.9991029241695
-5.38190856845009;-11.8346960527528
16.9538336307451;-17.2249810521391
29.0603992550282;-8.29876750240400
30.9038656952965;3.85883049376142
22.7599373361521;14.6585256937839
3.70608953801550;17.1490718083645
-7.95807910916111;-8.59420801008359
14.6571437289605;-17.7513636619703
28.1308341889259;-9.70335451267418
31.2106503737366;2.32654923675547
24.3504514529976;13.5511400811495
6.67209760116723;17.8198416483611
-9.78461119742547;-4.57087783524252
12.1800616578688;-18.0582162543977
27.0406935153959;-11.0524749297827
31.3643030068725;0.782834028839312
25.7717458579390;12.3493912333923
9.49417770870411;18.1001037993789
-10.4612533315375;-0.0271745488790176
9.52626660116155;-18.1013565482412
25.7874017082090;-12.3348008425456
31.3651949610512;-0.764696099715028
27.0269586487585;11.0679224991247
12.1499860445519;18.0603557722595
-9.79987379178569;4.51987908067292
6.70604355171282;-17.8252190718797
24.3680747890448;-13.5375585862408
31.2133312583322;-2.30849053476850
28.1189841600268;9.71952614390045
14.6291447083696;17.7563199586100
-7.98464914734389;8.55136747533984
3.74154967649537;-17.1595083445640
22.7795768166103;-14.6461364300857
30.9083480399720;-3.84093952750352
29.0504097250982;8.31553963025922
16.9279325496717;17.2322953226919
-5.41493927906926;11.8014564353595
0.676243279679943;-16.0157625473672
21.0186235091676;-15.6435804419797
30.4495071034606;-5.35424781284157
29.8234797611353;6.86615138670933
19.0462926439007;16.5238744184590
-2.46213272719884;14.2497088860993
-2.40844914228280;-14.2860927091077
19.0819632325824;-16.5099243393687
29.8356788510488;-6.84027543479749
30.4400479282599;5.38067984946406
20.9860713035267;15.6600391070614
0.621825842176397;15.9907488409548
-5.36538578469476;-11.8512622311163
16.9667652016446;-17.2213148277734
29.0653796434070;-8.29037883322951
30.9016098899641;3.86777770377196
22.7500977622635;14.6647175157328
3.68833580394340;17.1438220882366
-7.94474193519477;-8.61561012501903
14.6711468805720;-17.7488722269745
28.1367537751032;-9.69525613728924
31.2092932660882;2.33559103426172
24.3416060548429;13.5579374732250
6.65506939300800;17.8171223252856
-9.77689872679137;-4.59642275018819
12.1951295674529;-18.0571314108914
27.0475677350395;-11.0447258652775
31.3638404786491;0.791931506106001
25.7638720312746;12.3567072302407
9.47804982211925;18.0994538007295
-10.4611821953204;-0.0544820362574695
9.54237642106313;-18.1019735442515
