-2038.72317786536;2.38078062267726e-13
-2038.71367255805;-7.62850681794785
-2038.68512831433;-15.2569424830249
-2038.63755531489;-22.8852358462462
-2038.57095340986;-30.5132221773345
-2038.48532281712;-38.1406116028433
-2038.38066840175;-45.7673900594868
-2038.25699482440;-53.3935575100160
-2038.11430634688;-61.0191139304877
-2037.95260683230;-68.6440593067830
-2037.77189974523;-76.2683936311297
-2037.57218815188;-83.8921168986263
-2037.35347472034;-91.5152291037697
-2037.11576172078;-99.1377302369855
-2036.85905105125;-106.759617415223
-2036.58334974473;-114.380453596979
-2036.28866896456;-121.999924583199
-2035.97501785673;-129.618030306753
-2035.64240517140;-137.234770721466
-2035.29083926321;-144.850145798671
-2034.92032809170;-152.464155523770
-2034.53087922171;-160.076799892797
-2034.12249982379;-167.688078908992
-2033.69519667468;-175.297992579379
-2033.24897615775;-182.906540911349
-2032.78384540973;-190.513653759840
-2032.29982198535;-198.118774893305
-2031.79692097227;-205.721784592761
-2031.27515556085;-213.322682783496
-2030.73453855172;-220.921469416237
-2030.17508235637;-228.518144463776
-2029.59679899772;-236.112707917606
-2028.99970011083;-243.705159784565
-2028.38379694347;-251.295500083492
-2027.74910035687;-258.883728841893
-2027.09562082635;-266.469846092610
-2026.42322524815;-274.052732233049
-2025.73162918047;-281.629913137353
-2025.02087155997;-289.201293169549
-2024.29100267754;-296.766865746236
-2023.54207247708;-304.326624493907
-2022.77413055594;-311.880563245630
-2021.98722616552;-319.428676037755
-2021.18140821172;-326.970957106636
-2020.35672525552;-334.507400885369
-2019.51322551357;-342.038002000551
-2018.65095685874;-349.562755269052
-2017.76996682073;-357.081655694808
-2016.87030258673;-364.594698465633
-2015.95201100203;-372.101878950043
-2015.01513857071;-379.603192694104
-2014.05973145630;-387.098635418294
-2013.08583548248;-394.588203014386
-2012.09349613383;-402.071891542345
-2011.08275855653;-409.549697227247
-2010.05366755914;-417.021616456212
-2009.00626761333;-424.487645775362
-2007.94060285472;-431.947781886787
-2006.85671708368;-439.402021645539
-2005.75465376609;-446.850362056640
-2004.63445603427;-454.292800272105
-2003.49616668777;-461.729333587991
-2002.33982819426;-469.159959441456
-2001.16548269044;-476.584675407846
-1999.97317198292;-484.003479197788
-1998.76293754913;-491.416368654316
-1997.53482053829;-498.823341750002
-1996.28886177236;-506.224396584116
-1995.02510174695;-513.619531379797
-1993.74358063239;-521.008744481248
-1992.44433827466;-528.392034350944
-1991.12741419640;-535.769399566869
-1989.79284759801;-543.140838819758
-1988.44067735858;-550.506350910368
-1987.07094203706;-557.865934746762
-1985.68367987323;-565.219589341617
-1984.27892878884;-572.567313809547
-1982.85672638870;-579.909107364443
-1981.41710996177;-587.244969316839
-1979.96011648230;-594.574899071289
-1978.48578261095;-601.898896123765
-1976.99414469597;-609.216960059081
-1975.48523877432;-616.529090548324
-1973.95910057287;-623.835287346312
-1972.41576550961;-631.135550289069
-1970.85526869479;-638.429879291321
-1969.27764493217;-645.718274344001
-1967.68292872025;-653.000735511791
-1966.07115425349;-660.277262930664
-1964.44235542356;-667.547856805458
-1962.79656582058;-674.812517407463
-1961.13381873444;-682.071245072026
-1959.45414715602;-689.324040196185
-1957.75758377851;-696.570903236303
-1956.04416099874;-703.811834705742
-1954.31391091843;-711.046835172541
-1952.56686534557;-718.275905257121
-1950.80305579572;-725.499045630002
-1949.02251349337;-732.716257009547
-1947.22526937329;-739.927540159721
