11.1807325903723;-1.96645275751632e-15
11.163051846860478;0.6285339491148166
11.11006567516558;1.2550800408916343
11.021941453258611;1.8776566848616802
10.898957755239193;2.4942948118460198
10.741503789101964;3.1030441942042817
10.550077474004398;3.7019795266428943
10.32528424740832;4.289206511856847
10.067835056320458;4.862867963508947
9.778544143561005;5.42114953680615
9.45832645263165;5.962285542264356
9.10819472532795;6.4845645094447635
8.729256382472801;6.986334643359091
8.322709864304901;7.466008973440916
7.88984096365937;7.922070424097563
7.432018712922823;8.35307659628154
6.950691084967628;8.75766434677507
6.447380384376502;9.134554077612595
5.9236784398182705;9.482553792297178
5.381241572198485;9.800562867588898
4.8217853580259735;10.087575529393748
4.247079208032442;10.342684032677044
3.6589407418770823;10.565081551467152
3.0592300858587382;10.754064700186651
2.4498439431087573;10.909035784172632
1.8327096447531959;11.029504667179157
1.2097789953362463;11.115090347562415
0.5830221647429332;11.165522136396884
-0.04557861820332959;11.180640539920311
-0.6740352452504608;11.160397735207756
-1.3003600848746708;11.104857745498062
-1.9225722566869734;11.014196232304052
-2.5387038756716747;10.888699929920481
-3.1468062919783226;10.72876574840482
-3.744956249446944;10.534899515002605
-4.331261969533477;10.307714374254072
-4.903869133721245;10.047928848265173
-5.460966746076387;9.756364566021075
-6.0007928542751365;9.43394366752776
-6.521640156383184;9.081685874104856
-7.021861371774003;8.700705275435611
-7.49987442661878;8.292206807537328
-7.9541675036876685;7.85748243350281
-8.383303800109008;7.397907064704832
-8.785926073251941;6.914934210025544
-9.160760949885788;6.410091376139666
-9.506622931424703;5.884975239499931
-9.822418156758973;5.341246593223372
-10.10714785404283;4.780625094512577
-10.359911505235134;4.204883832667153
-10.579909689400424;3.6158437137335975
-10.766446616279193;3.015367705591818
-10.918932320657353;2.405354942377407
-11.036884535606923;1.7877347232332805
-11.119930209107249;1.1644604045630746
-11.167806694164119;0.5375032278716065
-11.180362568380872;-0.09115392007818024
-11.15755812414641;-0.7195227737358993
-11.099465481994404;-1.3456159812094515
-11.006268376025867;-1.9674533863808656
-10.878261556994449;-2.583068294277566
-10.71584987938165;-3.1905136885782097
-10.519547003624389;-3.7878683916314992
-10.289973779720217;-4.3732431396610805
-10.02785628338911;-4.94478655818051
-9.7340235176864;-5.500691017288327
-9.409404792550376;-6.039198348603184
-9.055026784392437;-6.558605405619187
-8.672010290547803;-7.057269450636668
-8.261566680237404;-7.533613348297919
-7.824994072419764;-7.986130558579229
-7.363673224373361;-8.413389898457476
-6.879063162870304;-8.814040067050405
-6.3726965731753955;-9.186813922142239
-5.84617492249832;-9.530532449908115
-5.301163480697013;-9.84410860087969
-4.739386031015193;-10.126550691171104
-4.162619223059962;-10.37696535691634
-3.5726872334588844;-10.594560619597859
-2.9714558219490237;-10.778648259279212
-2.3608265400633144;-10.928646078775573
-1.742730627491464;-11.044079692523786
-1.1191229521740786;-11.124584007422618
-0.491975809165192;-11.169904407378356
0.13672731974855482;-11.179897560297066
0.7649980232119845;-11.154531859736306
1.3908492540700594;-11.09388752851205
2.0123016218986476;-10.998156367122647
2.6273896484810937;-10.86764114593296
3.2341679839746558;-10.702754646554856
3.830717559893315;-10.504018358524734
4.415151658535967;-10.27206082875915
4.985621879756582;-10.007615672782316
5.540323985073905;-9.71151925098883
6.077503608465938;-9.384708034485401
6.595461803410306;-9.0282156373953
7.092560414108239;-8.643169544064055
7.567227257646593;-8.230787546274337
8.01796109640257;-7.792373891436428
8.443336386634698;-7.329315158514322
8.84200776727398;-6.8430758537602765
9.212714390901425;-6.335193854153358
9.554283828972515;-5.807275463573646
9.865635747357421;-5.260990272419038
10.14578543924883;-4.698066051215584
10.393846865693884;-4.120283168835482
10.609035492202064;-3.5294689907319046
10.790670732589831;-2.9274920990013853
10.938178123220007;-2.3162563763317894
11.051091142897256;-1.697694985993587
11.129052677635654;-1.0737642670163345
11.171816157725708;-0.44643753459445895
11.17924633411576;0.1823011573010755
11.15131970649966;0.8104632839544204
11.088124598017314;1.4360621411432506
10.98986087796436;2.0571191400371616
10.85683932596181;2.671670050647834
10.68948065172942;3.277771222225592
10.488314163530582;3.873505727401774
10.253976094182104;4.456989425779054
9.98720758896398;5.026376922641116
9.688852365156825;5.579867396062293
9.35985403417378;6.115710319531292
9.001253120751045;6.632210990535165
8.614183781911288;7.127735849712841
8.199870204512145;7.600717692278895
7.759622747039726;8.04966061473241
7.294833789523051;8.473144717193383
6.806973329443453;8.869830654274171
6.29758433202961;9.238463814075908
5.768277853888748;9.577878319197584
5.220727936828883;9.887000694494775
4.65666633037147;10.164853276227406
4.077877000325628;10.410557291882562
3.486190496170984;10.623335652212784
2.8834781537144134;10.802515396957979
2.2716461838328947;10.947529834079415
1.652629637060382;11.057920321197937
1.0283862889604052;11.133337726599592
0.4008904448038869;11.173543525322163
-0.2278733029294998;11.178410559302948
-0.8559163515334203;11.147923435057562
-1.4812523793520938;11.082178575147386
-2.101903623710747;10.981383912867477
-2.7159071409117344;10.845858229148108
-3.3213210100573356;10.676030161058343
-3.9162304786136364;10.472436823152673
-4.498754015893169;10.235722124688037
-5.067049264655568;9.966634728426868
-5.6193188679027655;9.66602568187659
-6.153816152990169;9.33484572681943
-6.668850656522317;8.974142292233692
-7.16279346984753;8.585056181182521
-7.6340823899676025;8.168817961308289
-8.081226863459216;7.726744077172991
-8.502812699996289;7.260232685658554
-8.897506543277304;6.770759231228497
-9.264060088529622;6.259871780276485
-9.601314017631356;5.72918611615293
-9.908201663768756;5.180380630185491
-10.183752546049277;4.615191132402322
-10.427095111598849;4.035405101334948
-10.63745971551574;3.442856210935467
-10.814181030321455;2.8394185306645534
-10.956700135632103;2.2270005710491114
-11.064566307937222;1.6075392325976061
-11.137438390945908;0.9829937073759165
-11.175085907491649;0.3553392477370455
-11.177389790308816;-0.27343904905320876
-11.144342754682228;-0.9013525421549625
-11.076049317545992;-1.5264153124972564
-10.972725471698643;-2.1466504632819117
-10.834698001436346;-2.7600963663300275
-10.662403447529616;-3.36481286564192
-10.456386729667392;-3.958887414156157
-10.217299420746798;-4.5404411223180885
-9.945897686814869;-5.107634700597859
-9.643039893333887;-5.658674275645084
-9.309683885372584;-6.191817060663232
-8.946883983367258;-6.705376879547269
-8.555787621257405;-7.19772948861338
-8.137631726632232;-7.667317716195534
-7.693738807402002;-8.112656387315358
-7.2255127705882005;-8.53233702128607
-6.734434478237886;-8.925032282060565
-6.222057042305836;-9.28950014935631
-5.690001062628373;-9.624588014732042
-5.139949255275163;-9.929236059726655
-4.573641207761986;-10.202480718754712
-3.9928680245908;-10.443457811045398
-3.3994665224566782;-10.651405184460135
-2.7953134648686184;-10.825665183788288
-2.1823196259424558;-10.965686668470548
-1.5624237228913107;-11.07102678576636
-0.9375863173879554;-11.141352374290863
-0.309783592309797;-11.17644101585721
0.31899889500562695;-11.17618173430613
0.9467724827652653;-11.140575348468916
1.5715516965847665;-11.069734470082269
2.1913605362797823;-10.963883148337578
2.804238721351289;-10.823356160035553
3.4082478910006744;-10.64859795200732
4.001477734656338;-10.44016123490342
4.582052033612533;-10.198705234773715
5.1481345935709335;-9.924993604899168
5.697935055208223;-9.619892019438003
6.229714555092855;-9.284365429655322
6.741791224256631;-8.919475010913946
7.232545508285693;-8.526374808268079
7.70042528937707;-8.106308086355236
8.143950783082596;-7.660603383381349
8.561719247430439;-7.1906703453085425
8.9524093948473;-6.697995238668569
9.314785599864635;-6.184136271867191
9.647701761302779;-5.6507186278256105
9.9501049457531;-5.09942934736783
10.221038744916166;-4.532012010938892
10.459646284270212;-3.9502612058419606
10.665172896075807;-3.356016834979677
10.83696855239394;-2.751158326504386
10.974489936590237;-2.1375986875121993
11.07730209225669;-1.517278427378808
11.145079840005023;-0.8921594427910181
11.177608833192812;-0.26421881434528866
11.174786213978912;0.36455745819279717
11.13662089267593;0.9921807366206248
11.06323356436484;1.6166660279441902
10.954856325767503;2.236038289713784
10.811831951506704;2.84833853207936
10.634612786118572;3.4516302876127134
10.4237593210345;4.044005514713534
10.179938426635863;4.623590686679322
9.90392124020848;5.188552736315392
9.596580700687385;5.737104834890044
9.258888868755179;6.267512076393185
8.891913755967337;6.778096923442557
8.496816011785514;7.267244543422018
8.074845229143138;7.733407906541211
7.627335964900407;8.175112655761962
7.155703565219153;8.590961798920803
6.6614396905681135;8.979640139517592
6.1461075459874515;9.33991838564661
5.611336979727735;9.670657067982075
5.058819364093751;9.970810210029905
4.490302134949215;10.23942848095434
3.9075833063818695;10.475662273801268
3.3125058751370675;10.678764462888132
2.7069519118933;10.848092693473594
2.092836609959985;10.983111439524285
1.4721022513588662;11.083393668106897
0.8467120447293275;11.148622211155715
0.21864392151525225;11.178590771640135
-0.4101157078245446;11.173204565410611
-1.0375782637594295;11.132480628174882
-1.661759247275094;11.056547755365289
-2.2806845472059085;10.94564610116241
-2.8923966781921773;10.80012641719924
-3.4949609638545924;10.62044894016597
-4.086471660993636;10.40718193950789
-4.665057985312645;10.160999919067953
-5.228890029085798;9.882681483730217
-5.776184549142043;9.573106876387783
-6.305210601722677;9.233255196497442
-6.814295008122881;8.86420130848667
-7.301827704889599;8.467112414330735
-7.766266770081762;8.04324439514969
-8.206143294796055;7.593937830543501
-8.620066073075938;7.120613746942329
-9.006725989095457;6.624769137700829
-9.364900115350327;6.10797222562
-9.693455670219661;5.571857495400313
-9.991353515105358;5.018120529547308
-10.257651489105447;4.448512648183383
-10.491507362089717;3.864835356197339
-10.692181515413022;3.268934663590302
-10.859039271572762;2.6626952395819856
-10.991552905140379;2.048034450533771
-11.089303315531772;1.426896298758411
-11.151981341450822;0.8012452691434953
-11.17938875578738;0.17306012471428275
-11.171438866785891;-0.45567236314703047
-11.128156823039232;-1.082963686790963
-11.04967952283138;-1.7068298953049734
-10.936255156219225;-2.325297877886798
-10.788242458500186;-2.936411590089393
-10.606109554546384;-3.53823824919672
-10.390432478980493;-4.1288744467834375
-10.141893358784504;-4.706452163902813
-9.861278254861315;-5.269144683732708
-9.549474675635443;-5.815172367368615
-9.207468769061157;-6.342808281160026
-8.83634220537052;-6.850383660430194
-8.437268755401481;-7.336293186289051
-8.01151057797223;-7.79900006191402
-7.560414227723543;-8.237040875733356
-7.085406398929028;-8.649030225472579
-6.587989406556521;-9.033665108206153
-6.0697364436547385;-9.389729030104958
-5.532286600975577;-9.716095860692342
-4.9773396796385665;-10.01173339604821
-4.406650824756931;-10.275706615774656
-3.8220249661075174;-10.50718064752512
-3.225311113974303;-10.705423403566963
-2.6183965267650673;-10.8698078895309
-2.0032006660015833;-10.999814225783267
-1.3816692263035397;-11.095031242790634
-0.7557679545324381;-11.15515777819827
-0.12747640569755658;-11.180003659464836
0.5012183172910194;-11.169490320959664
1.128327830455228;-11.123651019841608
1.7518687564705226;-11.042630724410929
2.369869010008275;-10.926685681265164
2.980374033816144;-10.776182592996825
3.5814529709837277;-10.591597460753416
4.1712047764278894;-10.373514077458998
4.747764231241481;-10.122622179672272
5.3093078393964115;-9.839715265262925
5.854059596561323;-9.525688092315514
6.380296606396912;-9.181533841957242
6.8863545287419345;-8.808340976726862
7.370632845081026;-8.407289801548837
7.831599918297865;-7.979648727885445
8.26779783999475;-7.526770265964425
8.677847038380328;-7.050086742755046
9.060450643455331;-6.551105775064173
9.414398587511844;-6.031405499483754
9.738571432731497;-5.4926295821480995
10.031943909008604;-4.936482024047674
10.293588163197787;-4.364721761884258
10.522676686541066;-3.779157116748773
10.718484938305966;-3.1816400621170526
10.880393634817981;-2.574060374591107
11.007890702217825;-1.958339658658724
11.10057290477245;-1.3364252649457857
11.158147113265985;-0.7102841322323439
11.180431242984078;-0.08189654768052516
11.167354800849086;0.5467500417709892
11.118959151680695;1.1736674176745636
11.035397355669524;1.7968728141037764
10.916933693284392;2.414395204375227
10.763942832830974;3.024281540589341
10.576908640549778;3.6246029224393745
10.356422652380955;4.213460701770311
10.103182203326144;4.788992486274242
9.81798822273942;5.349378026059918
9.501742698210062;5.892844980522569
9.155445822599486;6.41767452548895
8.780192836410814;6.922206764020766
8.377170558087885;7.404846004712558
7.947653634096676;7.86406578828417
7.493000506446279;8.298413731966033
7.014649115081722;8.706516114148448
6.5141123523144175;9.087082221999951
5.992973273192276;9.438908430012935
5.452880095748835;9.760882010583266
4.895540982473939;10.051984649426016
4.3227186415178505;10.311295670484963
3.736224748923974;10.537994944021522
3.137914221094367;10.731365483093992
2.5296793466051612;10.890795709635544
1.9134438024010276;11.015781389465404
1.2911565694777056;11.105927227477892
0.6647857683322338;11.160948115843112
0.036312435307951946;11.180670039108929
-0.5922757440774192;11.165030620241122
-1.2189907203518018;11.114079323074577
-1.8418503689635692;11.027977290068074
-2.4588847581368256;10.90699683877446
-3.0681423800140806;10.751520594562951
-3.667696322239732;10.562040285965299
-4.255650362401233;10.339155184047268
-4.8301449654347595;10.083570213681293
-5.389363164576888;9.796093717769494
-5.931536308148373;9.477634904147513
-6.454949653131614;9.129200968998102
-6.957947787305176;8.751893911029866
-7.4389398655265015;8.346907044293973
-7.896404637571595;7.915521222481594
-8.328895270172987;7.459100802338579
-8.735043927273349;6.979089329140947
-9.113566068449414;6.477004939121395
-9.463264528273198;5.954435581673083
-9.783033308539713;5.413034000517377
-10.071861064822611;4.854512496611091
-10.32883431934497;4.2806375206823475
-10.55314042365036;3.6932241459431494
-10.744069845997787;3.094130091502892
-10.901018730040704;2.4852501339723565
-11.023490752165916;1.8685100570229545
-11.111098523712643;1.2458603792119032
-11.163564979909154;0.6192704000234133
-11.180724186495711;-0.009278161589246908
-11.162521870441227;-0.6377973784737542
-11.109015601360946;-1.2642994195366546
-11.020374605602713;-1.8868028330743174
-10.896879230252026;-2.5033388115810236
-10.738920056884968;-3.111957426954592
-10.546996666904693;-3.710733786789663
-10.321716061186391;-4.297774127237016
-10.0637907398521;-4.871221804181235
-9.774036449005404;-5.429263163029083
-9.453369601653096;-5.970133273142923
-9.10280437832319;-6.492121513210988
-8.723449518856542;-6.993576981547573
-8.316504819127044;-7.472913711481367
-7.883257344866534;-7.9286156767854195
-7.425077324618383;-8.359241641713185
-6.943413841935849;-8.763429682671676
-6.4397902770946684;-9.13990144497464
-5.915799445739706;-9.487466240546869
-5.373098581998676;-9.805024842660567
-4.81340410625951;-10.091572866300236
-4.238486175726566;-10.346204056381184
-3.6501630961049147;-10.56811308831632
-3.050295573126399;-10.756598125773765
-2.4407808196324727;-10.911063049028025
-1.823546552591068;-11.03101932120472
-1.2005449178310228;-11.116087563039205
-0.5737462938843233;-11.165998720351128
0.05486692852142655;-11.180594945156182
0.6833066223528499;-11.159830070372855
1.309585210320124;-11.103769772138607
1.931721945353233;-11.012591355342188
2.5477491856613113;-10.886583180133417
3.1557186069246974;-10.726143790815177
3.7537073724651258;-10.531780608170358
4.339824211173804;-10.30410834664494
4.912215399343449;-10.043847073568967
5.469070624611845;-9.751819921931896
6.008628709677265;-9.428950492139576
6.529183183625357;-9.076259930461095
7.029087678397169;-8.694863698660802
7.506761135366681;-8.285968045187131
7.960692806121198;-7.850866191776733
8.389447033172644;-7.390934245917623
8.791667787646377;-6.90762684485628
9.166082958090296;-6.402472554760616
9.511508367219873;-5.877069032168335
9.82685148925264;-5.333077953047868
10.111115096960173;-4.7722198992162514
10.363400107749655;-4.196268680865292
10.582908569872288;-3.6070458133948
10.768946251057196;-3.0064148699523945
10.920924751680785;-2.396275470229281
11.03836343319517;-1.7785573180500474
11.120890867176316;-1.155214092246384
11.168246038037932;-0.5282172423183732
11.180279173489497;0.10045020685831371
11.156952219610261;0.728799969486531
11.098338950267438;1.3548447418393914
11.004624742560098;1.9766045196526976
10.876105988122873;2.592112850817241
10.713189154576785;3.1994230545294586
10.516389502511585;3.7966143785611326
10.286329454523141;4.381798074004519
10.02373662539288;4.953123368356545
9.72944151839891;5.508783317552155
9.404374908065225;6.047020524625223
9.04956489142764;6.566132696700546
8.666133632636475;7.064478026765624
8.255293817149871;7.540480387525032
7.818344815961908;7.992634316208161
7.35666857555684;8.419509775240186
6.871725227921928;8.819756654613263
6.3650485703597806;9.192109138739962
5.838241064489183;9.535389566834704
5.292968815667881;9.848512210782047
4.730956376680574;10.130486753094347
4.153981242514141;10.380421389503224
3.563868224262382;10.597525655778018
2.9624836850213248;10.781112906306245
2.3517296382717388;10.930602503143039
1.733537724991079;11.045521655167603
1.1098631158255383;11.125506902890228
0.4826783209594914;11.170305274559858
-0.14603305325720056;11.179775085183305
-0.7742825645067564;11.153886383038799
-1.4000832346110497;11.092721046626714
-2.0214558270151732;10.99647252415732
-2.636435086634425;10.865445223321174
-3.243076059798536;10.700053547523297
-3.8394601350030646;10.50082058517398
-4.423701047914509;10.26837644522036
-4.9939510013689725;10.003456283420157
-5.5484064859545645;9.706897972169116
-6.085313916297731;9.37963944623789
-6.602975184298195;9.02271572945088
-7.099753073853895;8.637255673154861
-7.574076419378711;8.224478374802949
-8.024445067963509;7.78568933645191
-8.44943462757541;7.32227632969515
-8.847700975067587;6.83570500100119
-9.217984501345454;6.327514232761939
-9.559114104136441;5.799311294628791
-9.870010884930185;5.252766747059895
-10.149691564509254;4.689609158701534
-10.397271589208504;4.11161963845553
-10.611967934199553;3.520626208894805
-10.793101569365268;2.9184980141973202
-10.940099623758336;2.3071394215675385
-11.05249718058277;1.6884839870060229
-11.129938761412676;1.0644883475367006
-11.172179435425695;0.43712602584095706
-11.179085610993846;-0.191618803971025
-11.150635442686507;-0.8197575971986684
-11.086918913562986;-1.4453037248234761
-10.988137539301526;-2.066278758729161
-10.854603740031537;-2.680718727500191
-10.686739845066933;-3.2866803280058408
-10.485076761820721;-3.88224707234401
-10.250252295571338;-4.465535347984794
-9.983009129894862;-5.034700378035974
-9.684192483163628;-5.587942050543323
-9.35474742449972;-6.123510615549428
-8.995715903713098;-6.6397122202348635
-8.608233434946937;-7.134914261907285
-8.193525519151759;-7.607550555058782
-7.752903762235167;-8.056126282901724
-7.287761729020262;-8.479222725467263
-6.799570539889754;-8.875501742182564
-6.28987420237716;-9.243710019509034
-5.760284755137087;-9.58268300884857
-5.212477129773722;-9.891348645750005
-4.648183898914414;-10.16873070150831
-4.069189755058892;-10.413951900465861
-3.4773259039415243;-10.62623667294476
-2.874464237450061;-10.804913625410551
-2.2625114471826087;-10.949417650698411
-1.6434029601182463;-11.059291726084544
-1.0190968295732936;-11.134188357621584
-0.3915675859116454;-11.173870654691838
0.2372000691436128;-11.178213115654358
0.8652175433169179;-11.147202017441202
1.4904985673063837;-11.080935429305962
2.111065563240744;-10.979622939952707
2.7249558494484107;-10.843584972494758
3.3302278615794476;-10.673251776934288
3.9249672943791007;-10.46916207055234
4.5072931536304415;-10.231961333615214
5.075363705139457;-9.96239976378161
5.627382299772907;-9.66132991098513
6.1616030565065865;-9.329703969660674
6.676336383493816;-8.96857078004805
7.169954322073242;-8.579072505318665
7.640895699962252;-8.162441027163286
8.08767106599792;-7.719994039841396
8.508867391865653;-7.253130874545396
8.90315254765161;-6.763328085250734
9.26927948434735;-6.2521347526107744
9.60609032952293;-5.72116771548208
9.912519862088718;-5.172106303569054
10.187598823703535;-4.606686889954573
10.430457251350852;-4.026697805938275
10.640327076989054;-3.433973437212917
10.816544529178504;-2.830388353293051
10.95855227903945;-2.2178515439171584
11.065901193868262;-1.5983002962665347
11.138251767277612;-0.9736940693449052
11.175375169741457;-0.34600832108340746
11.177153989208378;0.2827717529729906
11.143582601047282;0.910657500583629
11.074767181419404;1.5356630939266922
10.970925373780787;2.155811813735319
10.832385600111682;2.7691423046569947
10.659586022400669;3.373714774438359
10.45307315709926;3.9676171272621055
10.21350014999629;4.548971000482764
9.941624703408538;5.115937737532213
9.638306674173098;5.666724230156452
9.304505379912131;6.199588468506589
8.941276530315893;6.712845135027464
8.549768919565782;7.204870964191372
8.131220773158834;7.674109790264923
7.686955843894637;8.119077541741769
7.21837922032813;8.538366919835525
6.7269728797490265;8.93065182235983
6.214291006685748;9.294691568637898
5.681955058825701;9.62933479641591
5.1316486732075015;9.933523127145968
4.565112312210946;10.206294492000136
3.984137774614462;10.446786193987483
3.3905625190166573;10.654237622889438
2.7862638572876066;10.827992666315042
2.173153020254564;10.967501787541982
1.5531691023700565;11.072323750179253
0.9282729441911155;11.142127038612772
0.3004409149964371;11.176690876994181
-0.32834132514504616;11.175905955034555
-0.9560851133221393;11.139774749671298
-1.580805072163022;11.068411534735308
-2.200525383725505;10.96204201307272
-2.8132860468430096;10.821002591486142
-3.417149067869277;10.645739349959236
-4.010204595863173;10.436806594079732
-4.5905769606350475;10.194865116076373
-5.156430605456716;9.92068011247898
-5.705975893263177;9.615118752761695
-6.237474764060336;9.279147442318209
-6.749246234457054;8.913828765457945
-7.239671712408273;8.52031812195249
-7.707200119028539;8.099860077058356
-8.15035278778863;7.653784418541934
-8.567728151328193;7.183501962490799
-8.958006168167813;6.690500083617714
-9.319952497314878;6.176338010396047
-9.652422402777573;5.642641894661927
-9.954364371854611;5.09109966754277
-10.224823404747086;4.523455680704378
-10.462944212842404;3.941505298314694
-10.667973676516622;3.34708906622233
-10.839263273601597;2.7420868882052445
-10.97627128769846;2.12841225205686
-11.078564386462567;1.5080060328194804
-11.145819069559487;0.882830404354699
-11.177822627430329;0.2548626316661818
-11.174473837199113;-0.373911212476628
-11.135783291754798;-1.0015024770618675
-11.061873359633815;-1.6259262673507178
-10.952977797869718;-2.2452077069899072
-10.809441013215425;-2.8573881790531868
-10.631716973811852;-3.460531528032264
-10.4203677719835;-4.052730179578053
-10.17606184722472;-4.632111174409191
-9.899571872461676;-5.196842090898537
-9.591772313234081;-5.745136833048472
-9.253636648893593;-6.275261316066583
-8.88623431035621;-6.785538906692211
-8.490727288764447;-7.2743557297809645
-8.06836646204868;-7.740165802349666
-7.620487641726691;-8.181495886547994
-7.148507345557278;-8.59695018074952
-6.6539183161211986;-8.985214721859101
-6.138284803104582;-9.345061539173537
-5.603237609516875;-9.675352538980926
-5.0504689406798065;-9.975043104958933
-4.481727050063441;-10.24318539991719
-3.8988107100431586;-10.478931366577921
-3.303563521852729;-10.681535407141272
-2.6978680863446836;-10.850356743592563
-2.08364004857713;-10.984861441811628
-1.4628220398658893;-11.08462410260021
-0.8373775338361273;-11.14932920583289
-0.20928463598837804;-11.178772108919624
0.41947017189931257;-11.172859693301962
1.0468983151170406;-11.131610659347562
1.6710154145542901;-11.055155467648284
2.2898475635784092;-10.94373592532684
2.9014375700903505;-10.797704422753693
3.503851147387887;-10.617522817031443
4.095183030649254;-10.403760973750746
4.673563005062501;-10.157094961432193
5.237161817032469;-9.878304917390034
5.784196962612695;-9.568272574021288
6.312938324859807;-9.227978480665783
6.821713644129341;-8.858498891135733
7.30891380828638;-8.461002366293933
7.772997941215764;-8.036746076236957
8.212498275279273;-7.587071825686435
8.626024793072778;-7.113401810590959
9.012269632170195;-6.617234112520252
9.370011203410796;-6.100137976848271
9.698118083274087;-5.563748823108945
9.995552554672019;-5.009763106869331
10.261373923353668;-4.439932922561241
10.4947414688487;-3.8560604846649724
10.694917117155452;-3.2599924174961874
10.861267771198552;-2.6536139115462767
10.993267308893465;-2.038842778253735
11.090498257411856;-1.417623353570935
11.152653099016183;-0.7919203927043852
11.179535262331132;-0.1637127932297684
11.17105972486299;0.46501259776905357
11.127253281885343;1.0922672693181303
11.048254495693982;1.7160674272156105
10.934313209239535;2.3344401498168708
10.785789787306461;2.9454297006940506
10.603153970746465;3.5471036986814637
10.38698338381175;4.13755921624907
10.137961712459187;4.714928811479418
9.856876542993222;5.277386428178738
9.54461686799762;5.823153172787806
9.202170276261327;6.350502940307783
8.830619829768438;6.857767873600381
8.43114063774167;7.343343637440322
8.004996140827007;7.805694492902111
7.5535341123711115;8.243358156504879
7.078182398762967;8.654950423625774
6.580444404261521;9.039169544163965
6.061894328474607;9.394800347212552
5.524172202837356;9.720718069447187
4.968978685931101;10.015891930079114
4.398069697943063;10.279388377534257
3.813250864501011;10.510374046876064
3.2163717990733356;10.708118398377051
2.6093202773409248;10.87199601565861
1.9940161938684118;11.0014886212863
1.3724055850937829;11.096186669066428
0.7464544465804678;11.155790635741765
0.1181424842360128;11.180112009241391
-0.5105431402894558;11.169073884506059
-1.1376140739528522;11.122711174931775
-1.7610870629775335;11.041170502602396
-2.3789902440472703;10.924709763080847
-2.9893693700100465;10.773697290517816
-3.5902939852051277;10.588610696553962
-4.179863537601231;10.370035359934796
-4.756213388635258;10.1186625703258
-5.317520710161328;9.835287349560232
-5.862010249657389;9.52080593523133
-6.387959944860755;9.176212944330285
-6.893706369084426;8.802598225034238
-7.377649994113957;8.401143416283999
-7.838260246949389;7.973118204608399
-8.274080352922287;7.519876313647275
-8.683731941010539;7.042851218095376
-9.065919403580619;6.543551612216684
-9.419433996051328;6.02355663772209
-9.743157657588648;5.484510889079078
-10.036066546971146;4.928119213562916
-10.297234281916822;4.356141317928726
-10.525834868936169;3.770386202678578
-10.721145312746556;3.172706446128851
-10.882547900863953;2.5649923515664317
-11.009532187358603;1.9491659056846944
-11.101696563929092;1.3271747934013998
-11.158749534065532;0.7009861999274432
-11.180510664732276;0.07258056754829945
-11.166911136149379;-0.5560546391466461
-11.117993939404286;-1.1829312062956325
-11.033913817842706;-1.806066530837573
-10.914936713969642;-2.423489834757278
-10.761438894364488;-3.03324837437489
-10.573905834190539;-3.6334136680730227
-10.352930663682654;-4.222087580895667
-10.099212263254259;-4.797408314179385
-9.813553073429539;-5.357556304277526
-9.496856552220791;-5.900759973487401
-9.150124321697907;-6.425301336613739
-8.774453000257227;-6.929521434112181
-8.371030727398805;-7.411825574889824
-7.941133409199781;-7.870688382243741
-7.486120686835801;-8.304658619428487
-7.0074316331123425;-8.712363778454659
-6.506580198998405;-9.092514418358078
-5.985150432482549;-9.443908245983886
-5.444791454785301;-9.765433920662238
-4.887212264598445;-10.056074561997823
-4.3141763093517;-10.314910978808317
-3.7274959298393804;-10.541124558656051
-3.129026615728359;-10.733999869597758
-2.5206611358247484;-10.892926919259605
-1.9043235687130884;-11.01740307913823
-1.281963185161088;-11.107034685914718
-0.6555483283698786;-11.161538270248004
-0.027060124648570993;-11.180741472972322
0.6015137059354265;-11.164583567846247
1.2281851751226853;-11.113115665423342
1.8509723387688526;-11.026500560338452
2.4679055231187745;-10.905012200468576
3.0770335672520677;-10.749034824232968
3.6764300064268696;-10.5590617515628
4.264199151723378;-10.335693818691626
4.838482088955418;-10.07963747839368
5.397462558995496;-9.791702564154876
5.939372700930839;-9.472799731580558
6.462498643542896;-9.123937577100323
6.965185925461705;-8.746219446865643
7.445844728222374;-8.34083994894851
7.90295490207579;-7.909081172036592
8.335070777401821;-7.452308634421926
8.740825732574695;-6.971966962935814
9.118936524535625;-6.469575319872199
9.46820733234193;-5.946722609862476
9.7875335574845;-5.40506243673475
10.075905297626777;-4.846307893793863
10.332410555452968;-4.272226130975223
10.55623811805634;-3.684632768033214
10.746680117108426;-3.0853861636691087
10.903134276153876;-2.4763815231383868
11.025105804237478;-1.8595449262017236
11.112208996977408;-1.236827152930426
11.16416839876559;-0.610197640052946
11.180819669517573;0.01836175559486669
11.162110203529204;0.6468631818930682
11.108099199348272;1.2733189311646396
11.018957494679364;1.8957477585832234
10.894967038252155;2.512181166891608
10.73651999114062;3.120669623452434
10.544117488067254;3.7192887263526013
10.318368051940357;4.306145290767812
10.059985667027291;4.879383335872606
9.769787522425018;5.437189955119366
9.44869141805622;5.977801045187217
9.09771288789403;6.4995068973529815
8.717961960225836;7.000657593121111
8.31063965658173;7.4796682253289895
7.877034193422629;7.93502391113828
7.418516907132663;8.36528458262224
6.936537916861633;8.769089540995585
6.432621509115188;9.145161726692688
5.908361429930873;9.492311882450982
5.365415742642076;9.809442195069817
4.805501456045473;10.095549689198222
4.230389388768738;10.349729601502949
3.641898350145845;10.571178102916582
3.041889496658234;10.759194926382376
2.4322603888819874;10.913185516227832
1.8149389972904773;11.032662920179636
1.191877627649895;11.117249340519512
0.5650467149163831;11.16667733393342
-0.06357137816832042;11.180790639979241
-0.6919886576322493;11.159544686792549
-1.318217758135495;11.103006725538837
-1.9402782487327852;11.011355620250175
-2.556202890301393;10.884881280690966
-3.1640438567476186;10.723983743605443
-3.7618788956483575;10.529171909332616
-4.347817407349205;10.301061930037063
-4.9200064236004515;10.040375259238823
-5.476636465685532;9.747936365972842
-6.015947273075898;9.424670141539144
-6.536233364978355;9.07159895873748
-7.035849434391164;8.689839441494737
-7.513215551813809;8.280598933581253
-7.9668221612900645;7.845171679318973
-8.395234850669244;7.3849347262853
-8.797098882941068;6.90134356617809
-9.171143550798408;6.395927606973545
-9.516186040257507;5.870285152117349
-9.831135302355566;5.326078519199792
-10.114995456021719;4.7650287103132145
-10.366868961752091;4.188909995335822
-10.585959427708383;3.599544277575654
-10.771574138987965;2.998795334272692
-10.92312625205592;2.388562929041727
-11.040136644248651;1.7707768018263916
-11.122235429780725;1.147390564074374
-11.169163129496695;0.5203755142166562
-11.18077149018055;-0.10828559650623874
-11.157023942474924;-0.736604805705595
-11.097995731212567;-1.3625952717321268
-11.003873665679933;-1.9842775301559348
-10.874955527790238;-2.5996857582900508
-10.711649131400565;-3.206873996782764
-10.51447103003069;-3.8039222974548363
-10.284044881419607;-4.388942798913838
-10.021099472548327;-4.960085697148286
-9.726466415033865;-5.515545090226512
-9.401077513125461;-6.053564690564515
-9.045961811460943;-6.57244338738245
-8.6622423441892;-7.070540609900531
-8.251132579755973;-7.546281523210146
-7.813932578084675;-7.998162011568394
-7.352024883675004;-8.424753423086536
-6.86687014820739;-8.824707093428795
-6.360002506402325;-9.19675861126638
-5.833024730691099;-9.539731806766353
-5.287603155263341;-9.852542476222663
-4.725462408690349;-10.134201804716792
-4.148379970610727;-10.38381948349641
-3.558180475787938;-10.60060657500006
-2.956730049256399;-10.783877932268668
-2.345930362156797;-10.93305437243522
-1.7277125920142506;-11.047664550645903
-1.1040313392083472;-11.127346422763777
-0.4768584640103901;-11.171848353973143
0.15182321980119423;-11.1810300183903
0.7800261475136023;-11.15486271919595
1.4057643050452973;-11.093429512126487
2.0270595293110496;-10.996924982227622
2.641947743887001;-10.86565457512305
3.248485175922705;-10.700033648285368
3.8447545026502183;-10.500586150867061
4.428870914487551;-10.267942964130699
4.998988070112213;-10.002839900015477
5.553303934594668;-9.706115372911002
6.09006648873647;-9.378707739535244
6.60757924612392;-9.021652333442667
7.104206626613148;-8.636078185253837
7.578379132734896;-8.223204443149832
8.028598291898144;-7.784336523895898
8.453441408582178;-7.320861971657532
8.851566052299942;-6.834246069055163
9.221714294213289;-6.326027205964845
9.562716693506243;-5.797811998769676
9.873495975236336;-5.251270221068398
10.153070432281499;-4.6881295253210125
10.400557053032049;-4.110169936717087
10.615174301957408;-3.5192182325212444
10.79624452705119;-2.917142230053684
10.943196131466554;-2.305844815853151
11.055565428763071;-1.6872579163700208
11.132998004918644;-1.0633364419257207
11.17524992200016;-0.4360520492610154
11.182188428124892;0.19261306583452126
11.153792383867813;0.8206724410659658
11.090152319666919;1.4461416336650348
10.991470142338633;2.0670444887179116
10.858058487232642;2.6814193889272167
10.690339721280054;3.287325455811034
10.488844600333362;3.882848684922554
10.254210579687529;4.466107994723388
9.987179779984915;5.035261167057765
9.688596663068974;5.588510679744
9.35940532149989;6.124109375724403
9.000646493588304;6.640365984082769
8.613454264430393;7.1356504622429995
8.19905247219315;7.608399144195656
7.758750830912567;8.057119678783717
7.293940764652588;8.480395726239495
6.806091024532288;8.876891447169026
6.29674302973607;9.245355709440934
5.767505987950096;9.5846260477833
5.220051773668241;9.893632288133361
4.6561096568070495;10.171399940594718
4.077460841764681;10.417053292531548
3.4859328115005113;10.629818143549983
2.8833935343206214;10.80902420803201
2.2717455774871396;10.954107263415628
1.6529200849957917;11.064610932375107
1.0288706472695663;11.14018804181271
0.40156714212729955;11.180601744590739
-0.22701049022821895;11.185726312448706
-0.8548785359698061;11.155547344110914
-1.4800557423027867;11.090161974145518
-2.1005696015603172;10.989778449250709
-2.714462576282902;10.854715473988364
-3.3197982986627776;10.685401179903927
-3.914667618706847;10.482371767358385
-4.497194772471467;10.246269764066444
-5.065543195345772;9.977841958034492
-5.6179212334466015;9.677937099551539
-6.152587993272926;9.34750311421977
-6.667858796875848;8.987584083320021
-7.16211035515324;8.59931697686858
-7.633785977674016;8.183928010422463
-8.081400469758591;7.742728750640004
-8.50354478530202;7.277111930199431
-8.898890511152212;6.788547086257884
-9.266194017640323;6.278575875161384
-9.604300264298377;5.74880703030568
-9.912146581469504;5.200911511829764
-10.18876590916086;4.6366170476160375
-10.433289872005727;4.0577027179808915
-10.644951446386397;3.4659932982667154
-10.82308737098699;2.863353474184447
-10.967140211243558;2.251681953532458
-11.07666007880057;1.632905451504281
-11.151306017840296;1.008972586645295
-11.19084703784531;0.3818477349025239
-11.195162807952665;-0.24649520014142812
-11.164243988631453;-0.8740790005610717
-11.098192222777845;-1.4989294039782701
-10.997219765768286;-2.119081323503399
-10.8616487689471;-2.7325850518891075
-10.691910215255275;-3.33751241398003
-10.48854250921432;-3.9319628414041112
-10.252189727332691;-4.514069362523697
-9.983599534071658;-5.082004481030941
-9.683620773611485;-5.633985917971072
-9.353200737362757;-6.168282220594524
-8.993382101166628;-6.683218255424455
-8.605299625524509;-7.1771803565515
-8.190176485366411;-7.648621443086591
-7.749320376322604;-8.096065889827639
-7.284119337057687;-8.5181140827043
-6.796037317764394;-8.913446829617794
-6.286609511386116;-9.280829483036513
-5.757437464550655;-9.619115740707032
-5.210183981988111;-9.927251237586983
-4.6465678252217835;-10.204276780683955
-4.068358276643735;-10.449331331077783
-3.4773694994345163;-10.661654626237372
-2.875454794457687;-10.840589521296332
-2.264500716648902;-10.98558396533876
-1.6464211047217834;-11.096192667067289
-1.023151022487987;-11.17207840606655
-0.3966406365759699;-11.213012999069875
0.2311509377305649;-11.218877937472021
0.8582618287471855;-11.189664638851593
1.4827335865433056;-11.125474395441834
2.102617357502916;-11.026517921265407
2.715980013007054;-10.893114604591593
3.3209102237328283;-10.72569136719654
3.915524459680957;-10.52478121813114
4.497972890915734;-10.29102145720065
5.066445176632618;-10.025151543492576
5.6191761197029955;-9.728010649230205
6.154451170214831;-9.400534897803674
6.670611758415698;-9.043754294083412
7.166060444698138;-8.658789357813788
7.63926586858508;-8.246847486732177
8.088767474008508;-7.809219030292866
8.513180014486682;-7.3472731243083516
8.911197791802667;-6.862453253520293
9.281598633428255;-6.356272594437592
9.62324761885855;-5.830309162312138
9.935100484676026;-5.286200730098087
10.216206864546383;-4.725639644719185
10.46571300838508;-4.150367360560746
