134.029918374566;-1.56463443497373e-17
86.1833511733983;132.369346587316
-9.00735686645487;205.351105743245
-104.919405496894;230.773680275701
-188.675064876318;227.271840926487
-257.995376173360;205.831200734671
-313.041520861171;172.795238154194
-354.436109631321;132.128320565675
-382.766471096621;86.5427959397262
-398.459636494094;38.0756227486589
-401.755737531023;-11.5855073613835
-392.705339350077;-60.8878413612814
-371.169678037533;-108.238669690885
-336.820628230488;-151.818985392563
-289.150068055606;-189.328715268056
-227.526752844918;-217.567955266983
-151.435655053857;-231.656726594195
-61.4177434440735;-223.467363594989
37.0968045863228;-178.686290795813
118.915444901398;-76.8507595218285
122.430965328131;67.5493762406044
43.7720507030642;173.729393364906
-54.7905462559833;221.772178232774
-145.668986752838;231.927695985092
-222.758673368618;219.060408689632
-285.364969984721;191.612456893541
-333.974521601028;154.624301375207
-369.221867067076;111.380515697909
-391.626388612904;64.2269715701776
-401.529124639108;15.0064044696318
-399.081884397500;-34.6792989799216
-384.247123766038;-83.2801057316682
-356.797758636074;-129.123705504437
-316.319251752721;-170.205800846387
-262.233176516226;-203.874985925680
-193.910540060163;-226.280358317991
-111.124027037270;-231.297551238348
-15.8441458476564;-208.365440406315
80.3443236422446;-139.372961369945
133.767607959231;-10.2674057204986
91.8159827199908;125.049092183890
-2.16084769755046;202.113737940461
-98.6540541026868;230.116193725417
-183.370546575687;228.180147210568
-253.689899225248;207.733419065357
-309.699221111178;175.349034442509
-352.012719550567;135.109923547298
-381.226116696579;89.7920000243189
-397.778837155840;41.4663727540198
-401.924054560388;-8.16289408881758
-393.725358023132;-57.5395226536854
-373.057026223406;-105.079120407067
-339.603880209716;-148.985236916101
-292.869286436519;-187.001689999173
-232.226271874335;-216.009712474316
-157.135227496449;-231.282711947024
-67.9987613768817;-224.993315917839
30.3635269767611;-183.366199145967
115.004647467318;-85.8975946700797
125.524424711786;58.0147353444759
50.3757251297710;168.487288603074
-48.1197060831596;219.901389950087
-139.835181218098;232.092156754980
-217.921484670835;220.485150575474
-281.513433160443;193.851778775746
-331.065108915645;157.400472438023
-367.213273240256;114.504180502355
-390.488317812484;67.5565598461819
-401.244157057001;18.4252806709006
-399.645649633495;-31.2777202841181
-385.668272298077;-80.0043213713967
-359.097992378233;-126.096634402304
-319.532859396039;-167.581574902373
-266.403806711973;-201.866178126056
-199.077301696488;-225.208156496718
-117.267100366989;-231.692329488134
-22.6651231245054;-211.164588766492
74.3227070863599;-146.061458896083
132.983160834176;-20.4955335199303
97.2169603288375;117.412565654962
4.68856622422901;198.645239994386
-92.3289640460383;229.320332492262
-177.996684131875;229.002696687062
-249.316214007737;209.580170623895
-306.291849759626;177.866297530972
-349.527174841235;138.067933009551
-379.625745079856;93.0272969844303
-397.039262660827;44.8511994708469
-402.033935194527;-4.73891174766894
-394.686378723051;-54.1824158018609
-374.883911339394;-101.902386267736
-342.324325820697;-146.123794460452
-296.522679805971;-184.632505459695
-236.857160496698;-214.387508403950
-162.767038194159;-230.808830699332
-74.5304362526623;-226.355774513054
23.5855395227141;-187.776714274514
110.727118329388;-94.6707737754463
128.170333878421;48.2734379675027
56.8919453600716;162.952995032158
