797.6045786058379;-9.797103798517506e-14
797.6045673957495;0.18914480633317443
797.6045337654857;0.3782896074769001
797.6044777150554;0.567434398493527
797.6043992444654;0.7565791738410016
797.6042983537205;0.9457239279350489
797.6041750428267;1.1348686551913938
797.6040293117914;1.324013350076509
797.6038611606458;1.5131580076128055
797.6036705894118;1.702302622602369
797.6034575981063;1.8914471897268732
797.6032221867457;2.08059170366799
797.6029643553485;2.2697361591074015
797.6026841039586;2.4588805507269273
797.6023814326131;2.6480248732083527
797.6020563413415;2.8371691212334182
797.6017088301737;3.026313289483869
797.6013388991394;3.2154573726414504
797.6009465482931;3.404601365388116
797.6005317776871;3.5937452624058017
797.6000945873636;3.7828890583763557
797.5996349773653;3.9720327479816313
797.5991529477344;4.16117632590348
797.5986484985395;4.350319786824066
797.5981216298508;4.539463125425558
797.5975723417229;4.728606336389959
797.5970006342106;4.9177494143992675
797.5964065073694;5.106892354135481
797.5957899612534;5.296035150280599
797.5951509959318;5.48517779751682
797.5944896115075;5.674320290526851
797.5938058080538;5.863462623992969
797.5930995856428;6.052604792597414
797.5923709443455;6.241746791022428
797.5916198842333;6.43088861395025
797.59084640538;6.620030256063164
797.5900505078988;6.809171712044201
797.5892321918894;6.998312976576124
797.5883914574398;7.1874540443414805
797.5875283046367;7.37659491002281
797.586642733568;7.565735568302656
797.5857347443215;7.754876013863562
797.5848043370069;7.944016241388573
797.5838515117548;8.133156245561203
797.5828762686695;8.322296021064375
797.5818786078545;8.511435562580985
797.5808585294137;8.700574864793943
797.5798160334505;8.889713922386155
797.57875112008;9.07885273004084
797.5776637894843;9.267991282443056
797.5765540417947;9.457129574276472
797.5754218771308;9.646267600224444
797.5742672956123;9.835405354970307
797.5730902973589;10.02454283319741
797.5718908824902;10.213680029589097
797.5706690511256;10.402816938828714
797.5694248033847;10.591953555599606
797.5681581393876;10.781089874585113
797.5668690592531;10.970225890468589
797.5655575631016;11.15936159793337
797.5642236511006;11.34849699166432
797.562867323512;11.53763206634925
797.5614885804921;11.726766816672646
797.5600874221901;11.915901237318787
797.5586638487554;12.10503532297195
797.5572178603376;12.294169068316425
797.555749457086;12.483302468036488
797.55425863915;12.672435516816419
797.5527454066795;12.8615682093405
797.5512097598236;13.050700540293011
797.5496516987316;13.239832504358235
797.548071223553;13.428964096220453
797.5464683345238;13.618095310567268
797.5448430319094;13.807226142087481
797.5431953158896;13.996356585466518
797.5415251866432;14.185486635389806
797.5398326443493;14.374616286542775
797.5381176891871;14.563745533610847
797.5363803213354;14.752874371279452
797.5346205409738;14.942002794234018
797.5328383482807;15.131130797159962
797.5310337434357;15.320258374742723
797.5292067266176;15.509385521667726
797.5273572980094;15.698512232620558
797.5254854579144;15.887638502292335
797.5235912065938;16.07676432537221
797.5216745442557;16.26588969654696
797.5197354711094;16.455014610503376
797.5177739873632;16.644139061928215
797.5157900932259;16.83326304550828
797.5137837889062;17.022386555930325
797.5117550746127;17.211509587881146
797.5097039505544;17.400632136047516
797.5076304169396;17.589754195116214
797.5055344739773;17.778875759774014
797.5034161219143;17.967996824709846
797.5012753612559;18.157117384627032
797.4991121922977;18.346237434217183
797.4969266152782;18.535356968168756
797.494718630436;18.724475981170205
