1.68573070425366e-15;10.2227240563508
-0.0258285225926970;10.2226750730491
-0.0516564287707851;10.2225282688324
-0.0774831021767267;10.2222836036776
-0.103307838255735;10.2219411027747
-0.129129814798419;10.2215008130137
-0.154948470249682;10.2209627526849
-0.180763256471890;10.2203269431531
-0.206573625565686;10.2195934105110
-0.232379029915071;10.2187621855756
-0.258178922232424;10.2178333038842
-0.283972755603470;10.2168068056901
-0.309759983532185;10.2156827359577
-0.335540059985630;10.2144611443568
-0.361312436738578;10.2131420857786
-0.387076157403969;10.2117256977233
-0.412830382975508;10.2102120961011
-0.438574571209137;10.2086013434591
-0.464308180503881;10.2068935069955
-0.490030669945897;10.2050886585505
-0.515741499352393;10.2031868745975
-0.541440129315436;10.2011882362333
-0.567126021245611;10.1990928291681
-0.592798637415555;10.1969007437149
-0.618457441003340;10.1946120747788
-0.644101830362176;10.1922269444897
-0.669730750038399;10.1897456344153
-0.695343556555838;10.1871682861591
-0.720939719775515;10.1844950069035
-0.746518710631864;10.1817259083261
-0.772080001174727;10.1788611065865
-0.797623064611180;10.1759007223112
-0.823147375347141;10.1728448805791
-0.848652409028791;10.1696937109063
-0.874137642583783;10.1664473472300
-0.899602554262243;10.1631059278926
-0.925045508107063;10.1596709755172
-0.950463550080680;10.1561456666785
-0.975856123529492;10.1525302333770
-1.00122276191848;10.1488248016031
-1.02656299988775;10.1450295011104
-1.05187637328697;10.1411444653985
-1.07716241920959;10.1371698316953
-1.10242067602675;10.1331057409391
-1.12765068342093;10.1289523377602
-1.15285198241937;10.1247097704623
-1.17802411542711;10.1203781910038
-1.20316662625991;10.1159577549783
-1.22827906017672;10.1114486215955
-1.25336096391198;10.1068509536606
-1.27841188570761;10.1021649175551
-1.30343137534470;10.0973906832158
-1.32841898417487;10.0925284241141
-1.35337426515146;10.0875783172354
-1.37829677286024;10.0825405430574
-1.40318606355002;10.0774152855288
-1.42804169516280;10.0722027320475
-1.45286322736371;10.0669030734382
-1.47765022157062;10.0615165039304
-1.50240224098342;10.0560432211358
-1.52711885061303;10.0504834260249
-1.55179961731008;10.0448373229046
-1.57644410979325;10.0391051193942
-1.60105189867739;10.0332870264022
-1.62562255650117;10.0273832581023
-1.65015565775457;10.0213940319092
-1.67465077890596;10.0153195684543
-1.69910749842885;10.0091600915615
-1.72352539682838;10.0029158282216
-1.74790405666744;9.99658700856829
-1.77224306259246;9.99017386585218
-1.79654200135891;9.98367663641572
-1.82080046185641;9.97709555966744
-1.84501803513359;9.97043087805619
-1.86919431442255;9.96368283704502
-1.89332889516301;9.95685168508500
-1.91742137502613;9.94993767358877
-1.94147135393800;9.94294105690395
-1.96547843410277;9.93586209228628
-1.98944222002549;9.92870103987275
-2.01336231853452;9.92145816265439
-2.03723833880372;9.91413372644894
-2.06106989237422;9.90672799987344
-2.08485659317583;9.89924125431650
-2.10859805754822;9.89167376391059
-2.13229390426162;9.88402580550402
-2.15594375453726;9.87629765863289
-2.17954723206747;9.86848960549280
-2.20310396303537;9.86060193091054
-2.22661357613428;9.85263492231547
-2.25007570258679;9.84458886971097
-2.27348997616338;9.83646406564560
-2.29685603320085;9.82826080518424
-2.32017351262027;9.81997938587903
-2.34344205594465;9.81162010774027
-2.36666130731626;9.80318327320716
-2.38983091351358;9.79466918711847
-2.41295052396791;9.78607815668305
-2.43601979077966;9.77741049145030
-2.45903836873423;9.76866650328056
