-1.18827764477461e-15;-9.97730840487582
0.560882482912663;-9.96153069795839
1.11999105264726;-9.91424747764528
1.67555740641304;-9.83560828743297
2.22582444444977;-9.72586184091136
2.76905182723901;-9.58535523515274
3.30352147970731;-9.41453285294168
3.82754302501340;-9.21393495731748
4.33945913073361;-8.98419598287451
4.83765075053707;-8.72604252922445
5.32054224477288;-8.44029106296654
5.78660636377415;-8.12784533543388
6.23436907811813;-7.78969352438274
6.66241424056572;-7.42690510866490
7.06938806493606;-7.04062748576755
7.45400340775046;-6.63208234291843
7.81504383910446;-6.20256179323359
8.15136748989269;-5.75342428912786
8.46191066321888;-5.28609032591275
8.74569119856940;-4.80203794917029
9.00181157810997;-4.30279808011150
9.22946176528163;-3.78994967370415
9.42792176671803;-3.26511472488337
9.59656390938140;-2.72995313863885
9.73485482571552;-2.18615748020334
9.84235714053688;-1.63544762194592
9.91873085432908;-1.07956530390061
9.96373441856553;-0.520268625133550
9.97722549965925;0.0406735166286547
9.95916142912395;0.601487019523817
9.90959933852237;1.16039818853822
9.82869597877531;1.71563934520394
9.71670722440262;2.26545441826751
9.57398726426421;2.80810449764826
9.40098748136060;3.34187333412071
9.19825502523565;3.86507276732701
8.96643108149687;4.37604806495229
8.70624884392604;4.87318315617648
8.41853119559403;5.35490574285075
8.10418810631356;5.81969227223327
7.76421375466123;6.26607275555711
7.39968338367098;6.69263541719025
7.01174990014343;7.09803115968396
6.60164022832672;7.48097783058766
6.17065142950096;7.84026427753577
5.72014659973912;8.17475417878108
5.25155055881831;8.48338963706023
4.76634534391654;8.76519452542446
4.26606552234694;9.01927757445398
3.75229333815393;9.24483519109191
3.22665370792132;9.44115400018257
2.69080908161928;9.60761310067599
2.14645418474371;9.74368602936291
1.59531065837725;9.84894242592948
1.03912161412385;9.92304939406564
0.479646121138196;9.96577255432226
-0.0813463573141379;9.97697678538732
-0.642081560170196;9.95662665143648
-1.20078604005723;9.90478651420663
-1.75569277220674;9.82162032943785
-2.30504674305574;9.70739112832763
-2.84711050085989;9.56246018563733
-3.38016965076354;9.38728587708198
-3.90253827694741;9.18242222961709
-4.41256427470504;8.94851716920757
-4.90863457558422;8.68631047162055
-5.38918024906780;8.39663142272324
-5.85268146465863;8.08039619568540
-6.29767229867494;7.73860495338198
-6.72274537055373;7.37233868515983
-7.12655629399872;6.98275578797318
-7.50782792889525;6.57108840270059
-7.86535442054439;6.13863851723072
-8.19800501344144;5.68677384864167
-8.50472762753682;5.21692351749743
-8.78455218566867;4.73057352794242
-9.03659368164348;4.22926206788926
-9.26005497926114;3.71457464416408
-9.45422933343209;3.18813906799530
-9.61850262541273;2.65162030670573
-9.75235530508993;2.10671521789019
-9.85536403417157;1.55514718273330
-9.92720302508620;0.998660655440675
-9.96764507135731;0.439015646021974
-9.97656226619334;-0.122017846124536
-9.95392640702084;-0.682665430221145
-9.89980908468119;-1.24115393600854
-9.81438145700905;-1.79571702178342
-9.69791370750828;-2.34460076083939
-9.55077419083777;-2.88606918864273
-9.37342826780941;-3.41840979319876
-9.16643683358312;-3.93993893124455
-8.93045454371349;-4.44900715313797
-8.66622774365888;-4.94400441960188
-8.37459210830109;-5.42336519382449
-8.05646999894131;-5.88557339281097
-7.71286754613133;-6.32916718232658
-7.34487146756627;-6.75274360026624
-6.95364563110282;-7.15496299382816
-6.54042737377332;-7.53455325645803
-6.10652358843755;-7.89031385116344
-5.65330659044903;-8.22111960747387
-5.18220977740841;-8.52592428003782
-4.69472309573095;-8.80376385760182
-4.19238832836603;-9.05375961190632
-3.67679421857229;-9.27512087685541
-3.14957144517066;-9.46714754917084
-2.61238746516684;-9.62923230262127
-2.06694124005489;-9.76086250882401
-1.51495786248102;-9.86162185854400
-0.958183100261812;-9.93119167836259
-0.398377875012765;-9.96935193855178
0.162687307150366;-9.97598194896612
0.723237955223309;-9.95106074075172
1.28150120552802;-9.89466713266475
1.83571142878080;-9.80697948178996
2.38411581427997;-9.68827511944753
2.92497991355194;-9.53892947407221
3.45659312592282;-9.35941488383910
3.97727410866613;-9.15029910279111
4.48537609461584;-8.91224350519298
4.97929210042673;-8.64600099379093
5.45746000900963;-8.35241361859352
5.91836751006745;-8.03240991370484
6.36055688310632;-7.68700196063293
6.78262960779458;-7.31728218736124
7.18325078708831;-6.92441991330689
7.56115336913437;-6.50965765109301
7.91514215459824;-6.07430717683158
8.24409757674261;-5.61974538134534
8.54697924230129;-5.14740991545035
8.82282922194988;-4.65879464307164
9.07077507996614;-4.15544491657283
9.29003263349826;-3.63895268924220
9.47990843271416;-3.11095148039323
9.63980195398776;-2.57311120900351
9.76920749918603;-2.02713291223175
9.86771579504952;-1.47474336551683
9.93501528760837;-0.917689621273806
9.97089312753966;-0.357733483459685
9.97523584334980;0.203354064515891
9.94802970025293;0.763798460911854
9.88936074361013;1.32182717809430
9.79941452679219;1.87567532854168
9.67847552432666;2.42359124668652
9.52692623218507;2.96384202893975
9.34524595805602;3.49471901437633
9.13400930543004;4.01454318874803
8.89388435629080;4.52167049473218
8.62563055816010;5.01449703162147
8.33009632217941;5.49146412800984
8.00821633982467;5.95106327143066
7.66100862674058;6.39184087935645
7.28957130304418;6.81240289647057
6.89507912028039;7.21141920367130
6.47877974601412;7.58762782486352
6.04198981780941;7.93983891823337
5.58609077907609;8.26693853938245
5.11252450995359;8.56789216442000
4.62278876705061;8.84174796187024
4.11843244646315;9.08763980304706
3.60105068505284;9.30479000137490
3.07227981547869;9.49251177199207
2.53379219093818;9.65021140385777
1.98729089598558;9.77739013749265
1.43450436015555;9.87364574241452
0.877180891427811;9.93867378927992
0.317083146821874;9.97226861270831
-0.244017442390243;9.97432396174373
-0.804346273221734;9.94483333589659
-1.36213118354001;9.88389000570290
-1.91560805691586;9.79168671773586
-2.46302640202653;9.66851508500276
-3.00265488896624;9.51476466465529
-3.53278682495454;9.33092172593005
-4.05174555212460;9.11756771221603
-4.55788975031925;8.87537740211314
-5.04961862812401;8.60511677529763
-5.52537698571906;8.30764058994441
-5.98366013353783;7.98388967936781
-6.42301865117590;7.63488797643110
-6.84206297149923;7.26173927513547
-7.23946777545315;6.86562373963074
-7.61397618367303;6.44779417168892
-7.96440373163935;6.00957204844529
-8.28964211580505;5.55234334293881
-8.58866269884722;5.07755414067010
-8.86051976295701;4.58670606604064
-9.10435350087841;4.08135153313811
-9.31939273523624;3.56308883588830
-9.50495735755278;3.03355709310192
-9.66046047923919;2.49443106440397
-9.78541028775862;1.94741585344106
-9.87941160209066;1.39424151511932
-9.94216712257749;0.836657583928450
-9.97347837119888;0.276427540657284
-9.97324631930224;-0.284676764998785
-9.94147170080228;-0.844880718298852
-9.87825500985992;-1.40241255206277
-9.78379618304752;-1.95550895027114
-9.65839396700591;-2.50242062493689
-9.50244497359297;-3.04141784861001
-9.31644242551210;-3.57079592501785
-9.10097459638789;-4.08888058053888
-8.85672295022250;-4.59403325945817
-8.58445998611704;-5.08465630625721
-8.28504679507480;-5.55919801854786
-7.95943033661306;-6.01615755466971
-7.60864044379715;-6.45408968042900
-7.23378656616873;-6.87160933996706
-6.83605426086969;-7.26739603630153
-6.41670144305909;-7.64019800768600
-5.97705440748215;-7.98883618657962
-5.51850363377385;-8.31220792870526
-5.04249938876384;-8.60929050040258
-4.55054713969126;-8.87914431324627
-4.04420279283628;-9.12091589569935
-3.52506777262720;-9.33384059240305
-2.99478395678635;-9.51724498256617
-2.45502848353374;-9.67054900980517
-1.90750844727170;-9.79326781669903
-1.35395549952646;-9.88501327825653
-0.796120372222569;-9.94549522944624
-0.235767340611402;-9.97452238290670
0.325331356634205;-9.97200293393440
0.885401122511223;-9.93794485083619
1.44267061423643;-9.87245584972779
1.99537734550437;-9.77574305385804
2.54177326073467;-9.64811233853649
3.08013026367899;-9.48996736373601
3.60874568290239;-9.30180829743008
4.12594765685301;-9.08423023370252
4.63010042148888;-8.83792131063262
5.11960948373848;-8.56366053390842
5.59292666443282;-8.26231531305131
6.04855499475965;-7.93483871804423
6.48505345075392;-7.58226646504002
6.90104151085025;-7.20571364068316
7.29520352208356;-6.80637117540510
7.66629286112842;-6.38550207684699
8.01313587701722;-5.94443743532265
8.33463560306738;-5.48457221395501
8.62977522627770;-5.00736083680110
8.89762130322118;-4.51431258891877
9.13732671226350;-4.00698684292346
9.34813333276994;-3.48698812713226
9.52937444282721;-2.95596105089316
9.68047682789691;-2.41558510314928
9.80096259373154;-1.86756934068884
9.89045067781925;-1.31364698288031
9.94865805457718;-0.755569929988151
9.97540063048159;-0.195103222406105
9.97059382630374;0.365980541667886
9.93425284461019;0.925906812460203
9.86649262168133;1.48290470102216
9.76752746400038;2.03521258005253
9.63767037046233;2.58108365542813
9.47733204244673;3.11879149082111
9.28701958488498;3.64663546793049
9.06733490243036;4.16294616505834
8.81897279580334;4.66609063702008
8.54271876433275;5.15447757968961
8.23944652164284;5.62656236284584
7.91011523234337;6.08085191540257
7.55576647846237;6.51590944757139
7.17752096521579;6.93035899502281
6.77657497653286;7.32288977067349
6.35419659154726;7.69226031033629
5.91172167402024;8.03730239912156
5.45054964738018;8.35692476617144
4.97213906874085;8.65011653604197
4.47800301589627;8.91595042581719
3.96970430188235;9.15358567784355
3.44885053223970;9.36227071880939
2.91708902061065;9.54134553675940
2.37610157875041;9.69024376852644
1.82759919743070;9.80849449097854
1.27331663505823;9.89572371041602
0.715006931122982;9.95165554540810
0.154435861828383;9.97611309932817
-0.406623644560988;9.96901901982786
-0.966397114991715;9.93039574348079
-1.52311414377959;9.86036542482196
-2.07501399190366;9.75914955000741
-2.62035115572744;9.62706823631596
-3.15740088753488;9.46453921970846
-3.68446465042108;9.27207653364678
-4.19987549028580;9.05028888335076
-4.70200330793920;8.79987772063536
-5.18926001464624;8.52163502541616
-5.66010455480356;8.21644080090022
-6.11304777986390;7.88526029038400
-6.54665715809321;7.52914092446095
-6.95956130526465;7.14920900829377
-7.35045432196035;6.74666615942869
-7.71809992376301;6.32278550741801
-8.06133535127517;5.87890766727008
-8.37907504759928;5.41643649946207
-8.67031409164816;4.93683466992497
-8.93413137642713;4.44161902404361
-9.16969252223576;3.93235578930231
-9.37625251557564;3.41065562174889
-9.55315806541806;2.87816851194360
-9.69984966937938;2.33657856650415
-9.81586338326930;1.78759868175125
-9.90083228841560;1.23296512630034
-9.95448765212444;0.674432049733592
-9.97665977760609;0.113765934719078
-9.96727854067809;-0.447259989875805
-9.92637361154823;-1.00687135720739
-9.85407436097606;-1.56329827427785
-9.75060945110962;-2.11478091960789
-9.61630611229160;-2.65957510905577
-9.45158910812194;-3.19595781218033
-9.25697939205033;-3.72223260170038
-9.03309245974733;-4.23673501881598
-8.78063640246504;-4.73783783742242
-8.50040966754410;-5.22395621056768
-8.19329853314984;-5.69355268287653
-7.86027430522429;-6.14514205308848
-7.50239024551930;-6.57729607133073
-7.12077824042653;-6.98864795626979
-6.71664522113985;-7.37789671785564
-6.29126934647235;-7.74381127198637
-5.84599596040011;-8.08523433408033
-5.38223333711866;-8.40108607924085
-4.90144822706857;-8.69036755743807
-4.40516121801739;-8.95216385290625
-3.89494192586906;-9.18564697776445
-3.37240403041154;-9.39007849070868
-2.83920017170225;-9.56481183249371
-2.29701672323363;-9.70929437081763
-1.74756845840916;-9.82306914814200
-1.19259312719843;-9.90577632691981
-0.633845960123933;-9.95715432766010
-0.0730941169616994;-9.97704065623025
0.487888902286912;-9.96537241777903
1.04732886647575;-9.92218651565533
1.60345642470681;-9.84761953469326
2.15451270228840;-9.74190730923281
2.69875486355980;-9.60538417724237
3.23446162398934;-9.43848192290190
3.75993869411202;-9.24172841099136
4.27352413808947;-9.01574591740320
4.77359362994453;-8.76124916105910
5.25856559084637;-8.47904304345557
5.72690619119854;-8.17002010298736
6.17713420170953;-7.83515769210015
6.60782567810342;-7.47551488620034
7.01761846465434;-7.09222913409798
7.40521650230094;-6.68651266057693
7.76939392771582;-6.25964863246958
8.10899895036571;-5.81298710036187
8.42295749530022;-5.34794072876389
8.71027660014809;-4.86598032825026
8.97004755557728;-4.36863020370091
9.20144877928641;-3.85746333335449
9.40374841443800;-3.33409639392154
9.57630664431523;-2.80018464749196
9.71857771588200;-2.25741670640748
9.83011166584581;-1.70750919265693
9.91055574376487;-1.15220130868481
9.95965552769828;-0.593249336784241
9.97725572887092;-0.0324210844711781
9.96330068280805;0.528509706592448
9.91783452538639;1.08776897044344
9.84100105324473;1.64358792768806
9.73304326899575;2.19420867965251
9.59430261267721;2.73788976812087
9.42521788187343;3.27291168307656
9.22632384392216;3.79758230102775
8.99824954459628;4.31024223671694
8.74171631860934;4.80927009128879
8.45753550823724;5.29308758031755
8.14660589727127;5.76016452547587
7.80991086841844;6.20902369405733
7.44851529313909;6.63824547104721
7.06356216375874;7.04647234896453
6.65626897850554;7.43241322127548
6.22792389090659;7.79484746579949
5.77988163572149;8.13262880519302
5.31355924429818;8.44468893230171
4.83043156290229;8.73004088891473
4.33202658819410;8.98778218723536
3.81992063460597;9.21709766419545
3.29573334890402;9.41726205958652
2.76112258770209;9.58764230985319
2.21777917412860;9.72769955029488
1.66742155022962;9.83699081934286
1.11179034202118;9.91517045952283
0.552642854379810;9.96199121067213
-0.00825248681736772;9.97730499195385
-0.569121727725191;9.96106337019481
-1.12819099704625;9.91331771306607
-1.68369211628596;9.83421902662140
-2.23386819200252;9.72401747770772
-2.77697917236563;9.58306160275792
-3.31130735044993;9.41179720546836
-3.83516279685774;9.21076594684742
-4.34688870448936;8.98060363209448
-4.84486662855691;8.72203819972725
-5.32752160526880;8.43588741931754
-5.79332713299641;8.12305630511653
-6.24081000016829;7.78453425374989
-6.66855494462307;7.42139191503514
-7.07520912968475;7.03477780581813
-7.45948642280364;6.62591467753804
-7.82017146323126;6.19609564900909
-8.15612350586356;5.74668011665046
-8.46628002909590;5.27908945509903
-8.74966009528011;4.79480252180093
-9.00536745315294;4.29535097980357
-9.23259337242658;3.78231445353644
-9.43061920157425;3.25731553290511
-9.59881864072293;2.72201464149551
-9.73665972246276;2.17810478512334
-9.84370649431019;1.62730619733386
-9.91962039750286;1.07136089878756
-9.96416133776552;0.512027187739741
-9.97718844466035;-0.0489259209599014
-9.95866051712068;-0.609724290763851
-9.90863615375818;-1.16859427452052
-9.82727356753208;-1.72376832401891
-9.71483008536614;-2.27349058024676
-9.57166133429608;-2.81602242667689
-9.39822011672161;-3.34964798802129
-9.19505497832002;-3.87267955706097
-8.96280847315089;-4.38346293238809
-8.70221513143869;-4.88038265017871
-8.41409913646077;-5.36186709344944
-8.09937171788801;-5.82639346263893
-7.75902826982223;-6.27249259179358
-7.39414520264525;-6.69875359512529
-7.00587653863632;-7.10382832924551
-6.59545026212494;-7.48643565696265
-6.16416443572266;-7.84536549915794
-5.71338309491688;-8.17948266192452
-5.24453193401122;-8.48773042686573
-4.75909379705628;-8.76913389319756
-4.25860398803200;-9.02280306108494
-3.74464541511389;-9.24793564646037
-3.21884358438078;-9.44381961842222
-2.68286145879729;-9.60983545118780
-2.13839419873079;-9.74545808347870
-1.58716380063699;-9.85025857914163
-1.03091365087051;-9.92390548375258
-0.471403011845982;-9.96616587291363
0.0895985420144527;-9.97690608892730
0.650316720944884;-9.95609216351804
1.20897813141414;-9.90378992526438
1.76381588487017;-9.82016479140169
2.31307518591055;-9.70548124465400
2.85501888220444;-9.56010199674992
3.38793295861693;-9.38448684126750
3.91013195815567;-9.17919119943666
4.41996431259507;-8.94486436349886
4.91581756592227;-8.68224744317828
5.39612347408037;-8.39217102176097
5.85936296488232;-8.07555252919398
6.30407094240809;-7.73339334051306
6.72884092069001;-7.36677560877575
7.13232947203143;-6.97685884251628
7.51326047588976;-6.56487623854697
7.87042915488600;-6.13213078170436
8.20270588517603;-5.67999112387549
8.50903976913228;-5.20988725533778
8.78846195903676;-4.72330598210295
9.04008872127322;-4.22178622356871
9.26312423132745;-3.70691414535055
9.45686309075592;-3.18031814268703
9.62069255816212;-2.64366369028470
9.75409448712496;-2.09864807489113
9.85664696494974;-1.54699502725535
9.92802564705913;-0.990449270453479
9.96800478280360;-0.430771001821431
9.97645792944710;0.130269674053166
9.95335835206977;0.690898343672079
9.89877910812297;1.24934189659756
9.81289281636915;1.80383413329956
9.69597111093745;2.35262135114690
9.54838378222130;2.89396789087563
9.37059760733584;3.42616162598870
9.16317487383359;3.94751937772957
8.92677160134720;4.45639223850268
8.66213546678423;4.95117078690329
8.37010343963613;5.43029017786317
8.05159913487972;5.89223509181448
7.70762989184307;6.33554452721887
7.33928358827529;6.75881642130327
6.94772519969602;7.16071208438900
6.53419311490634;7.53996043378985
6.09999521931367;7.89536201388867
5.64650475845935;8.22579278967697
5.17515599483010;8.53020770176083
4.68743967168988;8.80764397158931
4.18489829827908;9.05722414645164
3.66912127129323;9.27815887461242
3.14173984806868;9.46974940180907
2.60442198737580;9.63138978121430
2.05886707413555;9.76256878987525
1.50680054474404;9.86287154556749
0.949968430003610;9.93198081895058
0.390131832919606;9.96967803687504
-0.170938641171940;9.97584397366759
-0.731468484529930;9.95045912820837
-1.28968489927559;9.89360378560746
-1.84382240425309;9.80545776328571
-2.39212841874815;9.68629984226295
-2.93286880540680;9.53650688545221
-3.46433335482326;9.35655264574858
-3.98484119445029;9.14700626768222
-4.49274610472451;8.90853048737492
-4.98644172559551;8.64187953649239
-5.46436663698975;8.34789675682199
-5.92500929714156;8.02751193302083
-6.36691282317427;7.68173835196857
-6.78867959880969;7.31166959802690
-7.18897569463452;6.91847609434043
-7.56653508694299;6.50340140111823
-7.92016366181302;6.06775828260341
-8.24874299175173;5.61292455517020
-8.55123387296668;5.14033872967853
-8.82667961207418;4.65149546187028
-9.07420905185076;4.14794082519452
-9.29303932645823;3.63126742101248
-9.48247833742722;3.10310934164899
-9.64192694256982;2.56513700221879
-9.77088085089720;2.01905185757479
-9.86893221755009;1.46658102108535
-9.93577093369688;0.909471802262173
-9.97118560732054;0.349486180512854
-9.97506423179197;-0.211604767503573
-9.94739454011536;-0.772026469292898
-9.88826404372528;-1.33000646899764
-9.79785975571265;-1.88378003317590
-9.67646759935503;-2.43159573215574
-9.52447150382201;-2.97172097931288
-9.34235218991533;-3.50244751075445
-9.13068564968459;-4.02209678807579
-8.89014132472677;-4.52902530710429
-8.62147998893113;-5.02162979583977
-8.32555134236588;-5.49835228515193
-8.00329132391655;-5.95768503619718
-7.65571915117478;-6.39817530897219
-7.28393409694073;-6.81842995692044
-6.88911201253313;-7.21711983306204
-6.47250160890265;-7.59298399371146
-6.03542050731154;-7.94483368648640
-5.57925107206904;-8.27155610999661
-5.10543603850255;-8.57211793332110
-4.61547394999237;-8.84556856414259
-4.11091441850207;-9.09104315520269
-3.59335322359198;-9.30776533957034
-3.06442726541870;-9.49504968607138
-2.52580938768124;-9.65230386711417
-1.97920308688799;-9.77903053205474
-1.42633712467749;-9.87482888017673
-0.868960060232730;-9.93939592831104
-0.308834720081341;-9.97252746908616
0.252267377227788;-9.97411871677856
0.812571623937953;-9.94416463872037
1.37030593566940;-9.88275997121629
1.92370635602204;-9.79009891991936
2.47102263547229;-9.66647454561327
3.01052376691929;-9.51227783734369
3.54050346037234;-9.32799647583002
4.05928553946460;-9.11421329106903
4.56522924272706;-8.87160441900762
5.05673441285419;-8.60093716311554
5.53224655755047;-8.30306756762083
5.99026176595132;-7.97893771008319
6.42933146506919;-7.62957272186831
6.84806700122157;-7.25607754594629
7.24514403195111;-6.85963344226854
7.61930671454753;-6.44149425177550
7.96937167792382;-6.00298243085146
8.29423176528594;-5.54548486876734
8.59285953575710;-5.07044850134128
8.86431051388380;-4.57937573468861
9.10772617674553;-4.07381969353457
9.32233666922074;-3.55537930911852
9.50746323882137;-3.02569426222579
9.66252038239581;-2.48643979733904
9.78701769791031;-1.93932142431214
9.88056143545225;-1.38606952432396
9.94285574255018;-0.828433877169810
9.97370359987184;-0.268178127201543
9.97300744434065;0.292925794582397
9.94076947770032;0.853103274655221
9.87709165955129;1.41058262956417
9.78217538488131;1.96360070926549
9.65632084710980;2.51040847347167
9.49992608866074;3.04927652337219
9.31348574206676;3.57850057123441
9.09758946558565;4.09640683058589
8.85292007827777;4.60135730992847
8.58025140044177;5.09175499324377
8.28044580623910;5.56604889090485
7.95445149624754;6.02273894501921
7.60329949857028;6.46038077368871
7.22810040798466;6.87759023918245
6.83004087344386;7.27304782557437
6.41037984504062;7.64550281200019
5.97044459230354;7.99377722833450
5.51162650641724;8.31676958077863
5.03537669964423;8.61345833557496
4.54320141586649;8.88290514982990
4.03665726676002;9.12425783922831
3.51734630867130;9.33675307325208
2.98691097576458;9.51971878937938
2.44702888546564;9.67257631862900
1.89940753263077;9.79484221572718
1.34577888922216;9.88612978810868
0.787893926568219;9.94615031891649
0.227517077535443;9.97471398013174
-0.333579343875311;9.97173043294620
-0.893620747859030;9.93720911347857
-1.45083588133320;9.87125920293059
-2.00346242991204;9.77408928227775
-2.54975259161040;9.64600667258642
-3.08797860464878;9.48741646304394
-3.61643821187616;9.29882022977580
-4.13346004453017;9.08081444950168
-4.63740890830499;8.83408861304772
-5.12669095501004;8.55942304468146
-5.59975872346249;8.25768643416614
-6.05511603367071;7.92983308933988
-6.49132271882989;7.57689991790896
-6.90699918016354;7.20000314800111
-7.30083075020567;6.80033479785055
-7.67157185072304;6.37915890578058
-8.01804993212850;5.93780753240621
-8.33916918192434;5.47767654770243
-8.63391399044839;5.00022121626087
-8.90135216296123;4.50695159469803
-9.14063786791538;3.99942775577170
-9.35101431208173;3.47925485431127
-9.53181613407347;2.94807805056488
-9.68247150869660;2.40757730702137
-9.80250395547158;1.85946207516309
-9.89153384560697;1.30546588895210
-9.94927960265823;0.747340882151279
-9.97555859307460;0.186852246819090
-9.97028770381755;-0.374227349495267
-9.93348360522393;-0.934123370199676
-9.86526269828234;-1.49106502201774
-9.76584074648964;-2.04329085550941
-9.63553219345183;-2.58905433603839
-9.47474916838762;-3.12662936756884
-9.28400018267975;-3.65431575182114
-9.06388852159699;-4.17044456551915
-8.81511033627288;-4.67338343872412
-8.53845244197589;-5.16154171756093
-8.23478982963441;-5.63337549500789
-7.90508289848750;-6.08739249383891
-7.55037441861240;-6.52215678627625
-7.17178623293698;-6.93629333542500
-6.77051570916677;-7.32849234412725
-6.34783195284842;-7.69751339748119
-5.90507179354664;-8.04218938592381
-5.44363555682914;-8.36143019646946
-4.96498263543165;-8.65422616042983
-4.47062687360997;-8.91965124671150
-3.96213177927776;-9.15686599059105
-3.44110557907106;-9.36512014870561
-2.90919613198139;-9.54375507186088
-2.36808571764229;-9.69220578815289
-1.81948571575277;-9.81000278981497
-1.26513119346569;-9.89677351813842
-0.706775417860125;-9.95224354177059
-0.146184310851158;-9.97623742466401
0.414869135922922;-9.96867928093107
0.974610468573763;-9.92959301484971
1.53126938305967;-9.85910224526097
2.08308532415887;-9.75742991459737
2.62831305360936;-9.62489758377887
3.16522816980492;-9.46192441520641
3.69213256159204;-9.26902584706924
4.20735977891609;-9.04681196315945
4.70928030333384;-8.79598556334864
5.19630670172023;-8.51733994083031
5.66689864687222;-8.21175637315693
6.11956778912919;-7.88020133500777
6.55288246360391;-7.52372344150143
6.96547221813442;-7.14345013172230
7.35603214763797;-6.74058410294853
7.72332702115836;-6.31639950685918
8.06619518855277;-5.87223791975206
8.38355225446378;-5.40950409951606
8.67439450795636;-4.92966154277779
8.93780209697261;-4.43422785627417
9.17294193756419;-3.92476995709073
9.37907034870236;-3.40289911694396
9.55553540433126;-2.87026586618343
9.70177899522624;-2.32855477362949
9.81733859413607;-1.77947911875701
9.90184871862617;-1.22477547307536
9.95504208699659;-0.666198207842297
9.97675046361863;-0.105513945482207
9.96690519101672;0.455504027742640
9.92553740701268;1.01508137013631
9.85277794624554;1.57144829631247
9.74885692637845;2.12284517452608
9.61410302030148;2.66752809189254
9.44894241663178;3.20377436989288
9.25389747179916;3.72988801272033
9.02958505798012;4.24420507123630
8.77671461210486;4.74509890557308
8.49608589210822;5.23098532973717
8.18858644752110;5.70032762194240
7.85518881240118;6.15164138482837
7.49694742948200;6.58349924019051
7.11499531526780;6.99453534337507
6.71054047662177;7.38344970306067
6.28486209018079;7.74901229276443
5.83930645668060;8.09006694106879
5.37528274298560;8.40553498826619
4.89425852529174;8.69441869785524
4.39775514759681;8.95580441210010
3.88734291011766;9.18886544167253
3.36463610287383;9.39286468023700
2.83128790014328;9.56715693571021
2.28898513193792;9.71119097082191
1.73944294903567;9.82451124652295
1.18439939844278;9.90675936272675
0.625609926440322;9.95767519182792
0.0648418266028913;9.97709770141240
-0.496131349652871;9.96496546355768
-1.05553540231142;9.92131684911197
-1.61160109405282;9.84628990633800
-2.16256974585158;9.74012192430532
-2.70669879918272;9.60314868241186
-3.24226732724312;9.43580338840830
-3.76758147775759;9.23861530828423
-4.28097983015678;9.01220809234877
-4.78083865018141;8.75729780280066
-5.26557702529617;8.47469064902542
-5.73366186467058;8.16528043778216
-6.18361274791317;7.83004574634475
-6.61400660722332;7.47004682753810
-7.02348222815408;7.08642225645703
-7.41074455474968;6.68038532947417
-7.77456878544200;6.25322022692601
-8.11380424675317;5.80627795161203
-8.42737803255108;5.34097205595399
-8.71429839734926;4.85877417132777
-8.97365789291795;4.36120935370880
-9.20463623828738;3.84985126034924
-9.40650291406492;3.32631717274435
-9.57861947286234;2.79226288162633
-9.72044155852461;2.24937745016557
-9.83152062777504;1.69937787194008
-9.91150536883135;1.14400364056812
-9.96014281250563;0.585011248181002
-9.97727913227465;0.0241686301332153
-9.96286013078981;-0.536750426478291
-9.91693141128801;-1.09597189280337
-9.83963823336150;-1.65172710899116
-9.73122505354278;-2.20225837796272
-9.59203475215745;-2.74582452451162
-9.42250754889033;-3.28070640215037
-9.22317961049492;-3.80521233028548
-8.99468135504887;-4.31768344452694
-8.73773545811937;-4.81649894320858
-8.45315456714423;-5.30008121352630
-8.14183873125691;-5.76690082108324
-7.80477255468494;-6.21548134705934
-7.44302208272427;-6.64440405770786
-7.05773143013858;-7.05231239141034
-6.65011916264671;-7.43791624909859
-6.22147444294309;-7.79999607447412
-5.77315295343906;-8.13740671112140
-5.30657260862197;-8.44908102431435
-4.82320907059144;-8.73403327606268
-4.32459108195582;-8.99136224272351
-3.81229563085024;-9.22025406531761
-3.28794296336826;-9.41998482353570
-2.75319145917966;-9.58992282529458
-2.20973238654306;-9.72953060460105
-1.65928455330175;-9.83836662140520
-1.10358887077841;-9.91608665806728
-0.544402847763638;-9.96244490802095
0.0165049679889066;-9.97729475319024
0.577360583180530;-9.96058922770110
1.13639016960826;-9.91238116642129
1.69182567428307;-9.83282303785858
2.24191041128375;-9.72216646194578
2.78490461765859;-9.58076141423789
3.31909095580525;-9.40905511903813
3.84277994492598;-9.20759063495334
4.35431530437856;-8.97700513735290
4.85207919202512;-8.71802790316266
5.33449732101099;-8.43147800436746
5.80004393879029;-8.11826171751735
6.24724665265057;-7.77936965743060
6.67469108647649;-7.41587364415799
7.08102535402242;-7.02892331311826
7.46496433454765;-6.61974247912540
7.82529373729096;-6.18962526580735
8.16087394193001;-5.73993201265777
8.47064360287916;-5.27208497266575
8.75362300602634;-4.78756381413054
9.00891716729264;-4.28790094088772
9.23571866321448;-3.77467664574828
9.43331018459677;-3.24951411247723
9.60106680515933;-2.71407428212152
9.73845795800265;-2.17005059992172
9.84504911364151;-1.61916365942182
9.92050315429920;-1.06315576071682
9.96458144011593;-0.503785400049315
9.97714456389955;0.0571782918190270
9.95815279203114;0.617961144869314
9.90766619013124;1.17678956102444
9.82584443308926;1.73189612354050
9.71294630005678;2.28152518684741
9.56932885600208;2.82393842916090
9.39544632241427;3.35742035030437
9.19184864072877;3.88028369735235
8.95917973301770;4.39087480093553
8.69817546544561;4.88757880533151
8.40966132093250;5.36882477579754
8.09454978838411;5.83309066699435
7.75383747674635;6.27890813678697
7.38860196301253;6.70486719019647
6.99999838415110;7.10962063881665
6.58925578373284;7.49188836159142
6.15767322481252;7.85046135347680
5.70661568135885;8.18420554918283
5.23750972122668;8.49206540990246
4.75183899432474;8.77306726168338
4.25113954024919;9.02632237488423
3.73699493022397;9.25102977497566
3.21103125871081;9.44647877579725
2.67491200053090;9.61205122725746
2.13033274976354;9.74722347036789
1.57901585705942;9.85156799342930
1.02270498233135;9.92475478413046
0.463159580049472;9.96655237328406
-0.0978506654172571;9.97682856689856
-0.658551436813901;9.95555086427045
-1.21716939566448;9.90278656077488
-1.77193779084238;9.81870253502928
-2.32110204630543;9.70356472110340
-2.86292531032537;9.55773726744485
-3.39569394866082;9.38168138518006
-3.91772296429868;9.17595388943365
-4.42736132662477;8.94120543827917
-4.92299719316849;8.67817847489097
-5.40306300740620;8.38770487940559
-5.86604045650009;8.07070333791981
-6.31046527329422;7.72817643694510
-6.73493186737852;7.36120749250930
-7.13809777057499;6.97095712393342
-7.51868788278619;6.55865958311986
-7.87549850477731;6.12561885096161
-8.20740114513757;5.67320451321828
-8.51334608938042;5.20284742890246
-8.79236571989455;4.71603520487591
-9.04357757624549;4.21430749096878
-9.26618714614949;3.69925111050058
-9.45949037829161;3.17249504160594
-9.62287590904161;2.63570526523592
-9.75582699602490;2.09057949612963
-9.85792315243291;1.53884181342105
-9.92884147690427;0.982237207863372
-9.96835767477089;0.422526062914543
-9.97634676743873;-0.138521412859358
-9.95278348765984;-0.699130784454146
-9.89774235944555;-1.25752900246593
-9.81139746236807;-1.81195001074621
-9.69402188099581;-2.36064033193966
-9.54598684120394;-2.90186461323870
-9.36776053609152;-3.43391111481530
-9.15990664521888;-3.95509712357116
-8.92308255184778;-4.46377427508555
-8.65803726382373;-4.95833376692670
-8.36560904467532;-5.43721144684040
-8.04672276242284;-5.89889275972295
-7.70238696448141;-6.34191753773199
-7.33369068791017;-6.76488461838526
-6.94180001509472;-7.16645627604304
-6.52795438575723;-7.54536245275724
-6.09346267695841;-7.90040477510618
-5.63969906348793;-8.23046034431241
-5.16809867173709;-8.53448528765473
-4.68015304079867;-8.81151805994340
-4.17740540514917;-9.06068248461651
-3.66144581383318;-9.28119052483943
-3.13390610158681;-9.47234477584314
-2.59645472780381;-9.63354067061904
-2.05079149966939;-9.76426839199382
-1.49864219614933;-9.86411448503749
-0.941753109837018;-9.93276316470488
-0.381885523922809;-9.96999731457456
0.179189858248186;-9.97569917352697
0.739698513411929;-9.94985070818964
1.29786771070235;-9.89253366997161
1.85193211829871;-9.80392933650684
2.40013938667319;-9.68431793832409
2.94075569077804;-9.53407777255684
3.47207121364584;-9.35368400649593
3.99240555405788;-9.14370717476963
4.50011304118011;-8.90481137490326
4.99358793935607;-8.63775216696586
5.47126952659550;-8.34337418394699
5.93164703069877;-8.02260846042035
6.37326440740278;-7.67646948794422
6.79472494543919;-7.30605200651023
7.19469568393782;-6.91252754218978
7.57191162820647;-6.49714070192707
7.92517975055221;-6.06120523719854
8.25338276349212;-5.60609988898672
8.55548265341824;-5.13326402721167
8.83052396354198;-4.64419309840975
9.07763681573495;-4.14043389605718
9.29603966170793;-3.62357966849894
9.48504175482783;-3.09526507995331
9.64404533475469;-2.55716104052951
9.77254751798912;-2.01096942161001
9.87014188835084;-1.45841767331168
9.93651978235874;-0.901253361047410
9.97147126544630;-0.341238638469671
9.97488579592550;0.219855325724785
9.94675257459901;0.780253949502214
9.88716057891500;1.33818484999459
9.79629828155655;1.89188344904699
9.67445305435571;2.43959855408082
9.52201025941735;2.97959789662237
9.33945203032760;3.51017361097931
9.12735574730097;4.02964763573909
8.88639221108975;4.53637702100356
8.61732352143029;5.02875912457637
8.32100066673626;5.50523668066873
7.99836083266217;5.96430272509214
7.65042443804961;6.40450536136078
7.27829190762989;6.82445235263131
6.88314019169066;7.22281552495552
6.46621904371448;7.59833496791962
6.02884706776033;7.94982301938624
5.57240754809096;8.27616802173474
5.09834407423465;8.57633783772084
4.60815597531851;8.84938311483586
4.10339357811303;9.09444028784106
3.58565330378589;9.31073430998088
3.05657261887120;9.49758110423768
2.51782485642502;9.65438972687420
1.97111392374468;9.78066423642207
1.41816891338968;9.87600526220500
0.860738634549977;9.94011126743553
0.300586082055501;9.97277950289087
-0.260517139479828;9.97390664815162
-0.820796418744119;9.94348913837505
-1.37847975032219;9.88162317556976
-1.93180333904986;9.78850442433580
-2.47901717840049;9.66442739303271
-3.01839058526234;9.50978450233261
-3.54821767360139;9.32506484410422
-4.06682274969794;9.11085263455320
-4.57256561189349;8.86782536651094
-5.06384673808620;8.59675166671572
-5.53911234456841;8.29848886486302
-5.99685930020623;7.97398028211356
-6.43563988042016;7.62425224763395
-6.85406634592927;7.25041085260729
-7.25081533177941;6.85363845197851
-7.62463203277375;6.43518992499882
-7.97433417206783;5.99638870639629
-8.29881574037761;5.53862260072543
-8.59705049397540;5.06333939313207
-8.86809520040944;4.57204227041711
-9.11109262168194;4.06628506688091
-9.32527422545156;3.54766734998288
-9.50996261568434;3.01782936136090
-9.66457367506657;2.47844682920897
-9.78861841240293;1.93122566842204
-9.88170450915804;1.37789658526735
-9.94353756024925;0.820209603649059
-9.97392200516701;0.259928530275273
-9.97276174647755;-0.301174623764780
-9.94006045375202;-0.861325247372324
-9.87592155196068;-1.41875174203396
-9.78054789436881;-1.97169112488835
-9.65424112096911;-2.51839460454371
-9.49740070447941;-3.05713311201194
-9.31052268692296;-3.58620276926703
-9.09419811078752;-4.10393027813028
-8.84911114972454;-4.60867821244082
-8.57603694470071;-5.09885019677322
-8.27583915244553;-5.57289595532300
-7.94946721394885;-6.02931621499139
-7.59795335164633;-6.46666744716412
-7.22240930479103;-6.88356643318518
-6.82402281333554;-7.27869463908755
-6.40405386144532;-7.65080238574445
-5.96383069252400;-7.99871280125211
-5.50474560835391;-8.32132554304385
-5.02825056563806;-8.61762027796342
-4.53585258387031;-8.88665990929116
-4.02910897905790;-9.12759354051662
-3.50962243836927;-9.33965916648465
