0.0;38044648321.152
0.1;38044648391.87
0.2;38044648485.881
0.3;38044648516.976
0.4;38044648526.686
0.5;38044648496.843
0.6;38044648454.666
0.7;38044648387.348
0.8;38044648315.653
0.9;38044648203.061
1.0;38044648157.584
1.1;38044648130.235
1.2;38044648105.289
1.3;38044647563.215
1.4;38044647129.092
1.5;38044646853.874
1.6;38044646108.914
1.7;38044646053.512
1.8;38044646211.776
1.9;38044646065.736
2.0;38044645582.958
2.1;38044645627.738
2.2;38044645749.92
2.3;38044645761.076
2.4;38044645757.332
2.5;38044645706.567
2.6;38044645704.978
2.7;38044645568.953
2.8;38044645506.447
2.9;38044645401.236
3.0;38044645383.193
3.1;38044645374.213
3.2;38044645096.009
3.3;38044644425.512
3.4;38044644178.11
3.5;38044643855.421
3.6;38044643226.954
3.7;38044643268.793
3.8;38044643571.879
3.9;38044643134.028
4.0;38044643589.021
4.1;38044642726.493
4.2;38044642652.781
4.3;38044642655.418
4.4;38044642628.937
4.5;38044642601.064
4.6;38044642300.1
4.7;38044642640.329
4.8;38044642855.695
4.9;38044642938.757
5.0;38044642899.551
5.1;38044642719.083
5.2;38044642631.511
5.3;38044642366.207
5.4;38044642213.562
5.5;38044641946.158
5.6;38044641917.15
5.7;38044642056.766
5.8;38044642239.379
5.9;38044641855.687
6.0;38044641964.79
6.1;38044642099.788
6.2;38044642112.216
6.3;38044642109.921
6.4;38044642058.409
6.5;38044642055.564
6.6;38044641911.047
6.7;38044641826.086
6.8;38044641726.613
6.9;38044641663.521
7.0;38044641626.443
7.1;38044641571.787
7.2;38044641030.449
7.3;38044640745.881
7.4;38044640455.32
7.5;38044639794.398
7.6;38044639826.169
7.7;38044640090.445
7.8;38044639843.264
7.9;38044639788.946
8.0;38044639850.05
8.1;38044639747.759
8.2;38044639760.283
8.3;38044639727.276
8.4;38044639688.913
8.5;38044639578.691
8.6;38044639514.464
8.7;38044639402.635
8.8;38044639334.695
8.9;38044639308.447
9.0;38044639278.537
9.1;38044638794.328
9.2;38044638162.592
9.3;38044637495.66
9.4;38044635927.298
9.5;38044635620.284
9.6;38044635752.556
9.7;38044635756.99
9.8;38044635606.409
9.9;38044635618.27
10.0;38044635567.749
10.1;38044635540.224
10.2;38044635532.736
10.3;38044635499.76
10.4;38044635424.74
10.5;38044635472.868
10.6;38044635616.287
10.7;38044635799.071
10.8;38044635835.778
10.9;38044635778.382
11.0;38044635464.521
11.1;38044635214.833
11.2;38044635058.951
11.3;38044634748.747
11.4;38044634088.054
11.5;38044634112.173
11.6;38044634332.958
11.7;38044632672.358
11.8;38044632735.522
11.9;38044633084.545
12.0;38044633189.747
12.1;38044633210.11
12.2;38044633199.08
12.3;38044633144.965
12.4;38044633047.135
12.5;38044632991.985
12.6;38044632874.369
12.7;38044632808.955
12.8;38044632807.085
12.9;38044632787.195
13.0;38044632260.531
13.1;38044631715.335
13.2;38044631604.719
13.3;38044631015.136
13.4;38044630647.739
13.5;38044630777.95
13.6;38044630957.683
13.7;38044630282.158
13.8;38044631485.734
13.9;38044631278.57
14.0;38044631246.72
14.1;38044631244.288
14.2;38044631204.365
14.3;38044631195.406
14.4;38044631078.527
14.5;38044630990.797
14.6;38044630900.265
14.7;38044630856.043
14.8;38044630846.933
14.9;38044630736.357
15.0;38044629847.933
15.1;38044629716.658
15.2;38044629407.28
15.3;38044628697.763
15.4;38044628705.073
15.5;38044628842.425
15.6;38044628654.943
15.7;38044629113.326
15.8;38044629191.229
15.9;38044629271.182
16.0;38044629276.102
16.1;38044629267.527
16.2;38044629224.118
16.3;38044629191.91
16.4;38044629037.858
16.5;38044628971.051
16.6;38044628871.893
16.7;38044628814.018
16.8;38044628785.355
16.9;38044628576.292
17.0;38044627863.81
17.1;38044627693.967
17.2;38044627135.337
17.3;38044626744.836
17.4;38044626894.569
17.5;38044627055.401
17.6;38044626088.871
17.7;38044626139.77
17.8;38044626260.57
17.9;38044626278.433
18.0;38044626279.959
18.1;38044626238.552
18.2;38044626226.17
18.3;38044626126.883
18.4;38044626050.476
18.5;38044625958.351
18.6;38044625890.202
18.7;38044625847.049
18.8;38044625765.167
18.9;38044625132.207
19.0;38044624954.359
19.1;38044624704.371
19.2;38044624538.721
19.3;38044624561.369
19.4;38044624726.733
19.5;38044623979.899
19.6;38044623775.959
19.7;38044623824.626
19.8;38044623915.095
19.9;38044623924.593
20.0;38044623914.39
20.1;38044623861.038
20.2;38044623808.925
20.3;38044623761.939
20.4;38044623631.624
20.5;38044623577.607
20.6;38044623544.109
20.7;38044623513.961
20.8;38044623219.158
20.9;38044622508.483
21.0;38044622264.389
21.1;38044621796.927
21.2;38044621429.763
21.3;38044621569.607
21.4;38044621693.741
21.5;38044621357.118
21.6;38044621328.6
21.7;38044621441.916
21.8;38044621460.651
21.9;38044621465.863
22.0;38044621427.939
22.1;38044621411.789
22.2;38044621323.845
22.3;38044621237.951
22.4;38044621144.251
22.5;38044621098.438
22.6;38044621083.338
22.7;38044621022.817
22.8;38044620277.533
22.9;38044619919.709
23.0;38044619684.574
23.1;38044618944.412
23.2;38044618861.997
23.3;38044618996.548
23.4;38044618696.133
23.5;38044618431.106
23.6;38044619215.911
23.7;38044619316.909
23.8;38044619335.94
23.9;38044619328.112
24.0;38044619284.448
24.1;38044619156.036
24.2;38044619292.362
24.3;38044619463.801
24.4;38044619608.441
24.5;38044619619.006
24.6;38044619488.814
24.7;38044619427.291
24.8;38044619249.578
24.9;38044619036.355
25.0;38044618327.877
25.1;38044617663.934
25.2;38044617781.413
25.3;38044617949.809
25.4;38044617529.22
25.5;38044617593.948
25.6;38044617698.943
25.7;38044617728.24
25.8;38044617737.822
25.9;38044617701.959
26.0;38044617683.159
26.1;38044617609.46
26.2;38044617512.959
26.3;38044617418.404
26.4;38044617372.223
26.5;38044617355.608
26.6;38044617299.046
26.7;38044616648.479
26.8;38044616196.319
26.9;38044616004.46
27.0;38044615204.263
27.1;38044615149.544
27.2;38044615286.544
27.3;38044615006.981
27.4;38044614520.337
27.5;38044614543.877
27.6;38044614660.798
27.7;38044614669.407
27.8;38044614665.352
27.9;38044614616.874
28.0;38044614611.473
28.1;38044614474.697
28.2;38044614411.729
28.3;38044614306.478
28.4;38044614290.506
28.5;38044614282.099
28.6;38044613983.18
28.7;38044613234.6
28.8;38044613096.925
28.9;38044612714.509
29.0;38044612125.761
29.1;38044612199.171
29.2;38044612487.215
29.3;38044611610.361
29.4;38044611558.728
29.5;38044611643.49
29.6;38044611669.617
29.7;38044611679.818
29.8;38044611650.003
29.9;38044611624.966
30.0;38044611555.026
30.1;38044611447.155
30.2;38044611364.214
30.3;38044611309.085
30.4;38044611297.58
30.5;38044611252.484
30.6;38044610572.088
30.7;38044610204.417
30.8;38044610024.706
30.9;38044609274.089
31.0;38044609136.984
31.1;38044609295.593
31.2;38044609049.085
31.3;38044608510.348
31.4;38044608574.193
31.5;38044608702.625
31.6;38044608713.994
31.7;38044608710.305
31.8;38044608658.817
31.9;38044608655.007
32.0;38044608515.162
32.1;38044608426.83
32.2;38044608335.038
32.3;38044608269.96
32.4;38044608229.254
32.5;38044608187.27
32.6;38044607665.487
32.7;38044607411.329
32.8;38044607095.27
32.9;38044606472.097
33.0;38044606511.446
33.1;38044606795.12
33.2;38044606012.68
33.3;38044605938.266
33.4;38044606016.738
33.5;38044606047.401
33.6;38044606057.858
33.7;38044606029.666
33.8;38044606002.729
33.9;38044605940.386
34.0;38044605829.206
34.1;38044605748.609
34.2;38044605682.918
34.3;38044605675.402
34.4;38044605638.036
34.5;38044605030.692
34.6;38044604593.936
34.7;38044604238.956
34.8;38044602481.131
34.9;38044602405.285
35.0;38044602547.635
35.1;38044602577.884
35.2;38044601976.456
35.3;38044603290.408
35.4;38044603041.691
35.5;38044603056.477
35.6;38044603050.955
35.7;38044603008.337
35.8;38044602946.592
35.9;38044602856.503
36.0;38044602774.143
36.1;38044602677.762
36.2;38044602656.7
36.3;38044602649.787
36.4;38044602445.311
36.5;38044601764.315
36.6;38044601461.838
36.7;38044601173.185
36.8;38044600508.824
36.9;38044600544.0
37.0;38044600772.615
37.1;38044600114.511
37.2;38044600395.355
37.3;38044600869.47
37.4;38044601036.658
37.5;38044601061.272
37.6;38044601043.18
37.7;38044601010.351
37.8;38044600958.706
37.9;38044600820.167
38.0;38044600730.992
38.1;38044600656.334
38.2;38044600655.118
38.3;38044600587.09
38.4;38044600370.284
38.5;38044600007.778
38.6;38044599049.602
38.7;38044597397.849
38.8;38044597182.882
38.9;38044597332.677
39.0;38044597454.581
39.1;38044597047.524
39.2;38044597394.733
39.3;38044596489.461
39.4;38044596576.766
39.5;38044596570.028
39.6;38044596527.709
39.7;38044596517.241
39.8;38044596388.447
39.9;38044596295.864
40.0;38044596205.593
40.1;38044596141.091
40.2;38044596090.459
40.3;38044596055.341
40.4;38044595556.292
40.5;38044595312.39
40.6;38044595032.395
40.7;38044594344.879
40.8;38044594364.415
40.9;38044594588.174
41.0;38044594202.472
41.1;38044593774.137
41.2;38044593826.652
41.3;38044593884.457
41.4;38044593894.625
41.5;38044593877.528
41.6;38044593839.604
41.7;38044593810.337
41.8;38044593680.175
41.9;38044593595.424
42.0;38044593516.788
42.1;38044593513.705
42.2;38044593497.017
42.3;38044593006.821
42.4;38044592392.683
42.5;38044592283.326
42.6;38044591969.02
42.7;38044591935.689
42.8;38044592074.081
42.9;38044592330.221
43.0;38044591895.252
43.1;38044592287.318
43.2;38044591368.194
43.3;38044591446.993
43.4;38044591442.901
43.5;38044591441.602
43.6;38044591446.812
43.7;38044591461.04
43.8;38044591529.385
43.9;38044591554.915
44.0;38044591566.237
44.1;38044591563.482
44.2;38044591536.996
44.3;38044591450.668
44.4;38044591361.333
44.5;38044591308.187
44.6;38044590788.858
44.7;38044590793.736
44.8;38044591055.261
44.9;38044590604.563
45.0;38044590133.738
45.1;38044590648.49
45.2;38044590270.188
45.3;38044590303.536
45.4;38044590296.271
45.5;38044590300.544
45.6;38044590320.45
45.7;38044590339.277
45.8;38044590365.284
45.9;38044590404.891
46.0;38044590413.31
46.1;38044590368.221
46.2;38044590152.646
46.3;38044589698.187
46.4;38044589714.781
46.5;38044589588.564
46.6;38044589594.005
46.7;38044589801.766
46.8;38044590043.634
46.9;38044589617.859
47.0;38044589664.057
47.1;38044589783.127
47.2;38044589800.952
47.3;38044589803.706
47.4;38044589764.047
47.5;38044589712.139
47.6;38044589660.145
47.7;38044589557.294
47.8;38044589473.228
47.9;38044589429.049
48.0;38044589405.738
48.1;38044589379.027
48.2;38044588756.3
48.3;38044588470.924
48.4;38044588101.791
48.5;38044586788.263
48.6;38044586784.256
48.7;38044587039.029
48.8;38044586834.677
48.9;38044586565.234
49.0;38044586589.246
49.1;38044586799.36
49.2;38044586802.518
49.3;38044586797.714
49.4;38044586803.586
49.5;38044586810.309
49.6;38044586873.667
49.7;38044586911.697
49.8;38044586926.947
49.9;38044586929.455
50.0;38044586927.136
50.1;38044586904.169
50.2;38044586797.55
50.3;38044586438.222
50.4;38044585945.096
50.5;38044585884.346
50.6;38044586127.866
50.7;38044586344.07
50.8;38044585315.82
50.9;38044585750.082
51.0;38044585869.408
51.1;38044585888.159
51.2;38044585893.926
51.3;38044585856.158
51.4;38044585840.649
51.5;38044585762.623
51.6;38044585700.888
51.7;38044585601.947
51.8;38044585532.702
51.9;38044585499.273
52.0;38044585471.089
52.1;38044584933.475
52.2;38044584567.058
52.3;38044584236.026
52.4;38044582853.852
52.5;38044582841.953
52.6;38044583078.396
52.7;38044582993.153
52.8;38044582551.372
52.9;38044582569.92
53.0;38044582677.163
53.1;38044582684.515
53.2;38044582679.744
53.3;38044582632.785
53.4;38044582620.486
53.5;38044582494.889
53.6;38044582434.722
53.7;38044582328.64
53.8;38044582270.767
53.9;38044582226.835
54.0;38044582093.429
54.1;38044581430.253
54.2;38044581277.731
54.3;38044580911.256
54.4;38044580910.917
54.5;38044581022.478
54.6;38044581362.08
54.7;38044581177.103
54.8;38044581109.084
54.9;38044581232.258
55.0;38044581287.032
55.1;38044581297.17
55.2;38044581262.854
55.3;38044581241.602
55.4;38044581157.071
55.5;38044581030.231
55.6;38044580948.571
55.7;38044580872.539
55.8;38044580815.397
55.9;38044580792.345
56.0;38044580302.451
56.1;38044579872.096
56.2;38044579601.569
56.3;38044578859.956
56.4;38044578782.755
56.5;38044578918.036
56.6;38044578671.472
56.7;38044578204.918
56.8;38044578976.021
56.9;38044578819.267
57.0;38044578830.244
57.1;38044578823.275
57.2;38044578780.9
57.3;38044578775.725
57.4;38044578655.463
57.5;38044578598.547
57.6;38044578490.051
57.7;38044578431.801
57.8;38044578393.18
57.9;38044578295.741
58.0;38044577615.028
58.1;38044577441.068
58.2;38044577072.546
58.3;38044576475.527
58.4;38044576544.869
58.5;38044576841.1
58.6;38044575946.605
58.7;38044575899.001
58.8;38044575982.826
58.9;38044576009.494
59.0;38044576019.724
59.1;38044575990.501
59.2;38044575964.825
59.3;38044575895.26
59.4;38044575787.722
59.5;38044575705.936
59.6;38044575649.022
59.7;38044575637.493
59.8;38044575594.775
59.9;38044574942.153
60.0;38044574540.907
60.1;38044574368.133
60.2;38044573632.844
60.3;38044573480.791
60.4;38044573592.627
60.5;38044573668.481
60.6;38044573565.757
60.7;38044573505.619
60.8;38044573458.239
60.9;38044573468.847
61.0;38044573456.473
61.1;38044573417.127
61.2;38044573415.97
61.3;38044573270.958
61.4;38044573189.465
61.5;38044573089.638
61.6;38044573027.449
61.7;38044572990.367
61.8;38044572951.57
61.9;38044572133.604
62.0;38044571967.643
62.1;38044571516.846
62.2;38044570874.29
62.3;38044570909.826
62.4;38044571186.458
62.5;38044570462.95
62.6;38044570420.453
62.7;38044570497.049
62.8;38044570528.776
62.9;38044570539.242
63.0;38044570511.709
63.1;38044570484.332
63.2;38044570425.006
63.3;38044570320.022
63.4;38044570240.234
63.5;38044570172.532
63.6;38044570158.321
63.7;38044570129.943
63.8;38044569548.121
63.9;38044568995.347
64.0;38044568860.382
64.1;38044568148.115
64.2;38044567939.966
64.3;38044568067.708
64.4;38044568062.729
64.5;38044567311.233
64.6;38044568441.577
64.7;38044567986.014
64.8;38044567981.746
64.9;38044567976.897
65.0;38044567933.109
65.1;38044567860.325
65.2;38044567903.513
65.3;38044568032.115
65.4;38044568218.773
65.5;38044568252.973
65.6;38044568225.478
65.7;38044568122.759
65.8;38044567800.673
65.9;38044567536.959
66.0;38044566553.751
66.1;38044565620.83
66.2;38044565646.745
66.3;38044565851.612
66.4;38044565161.66
66.5;38044565165.646
66.6;38044565204.744
66.7;38044565151.17
66.8;38044565168.635
66.9;38044565139.004
67.0;38044565118.365
67.1;38044565077.453
67.2;38044564962.865
67.3;38044564881.544
67.4;38044564806.483
67.5;38044564795.011
67.6;38044564773.318
67.7;38044564299.915
67.8;38044563676.597
67.9;38044563507.846
68.0;38044561852.915
68.1;38044561782.821
68.2;38044561940.001
68.3;38044562112.995
68.4;38044561805.339
68.5;38044562365.553
68.6;38044561520.744
68.7;38044561497.268
68.8;38044561290.788
68.9;38044561492.493
69.0;38044561537.151
69.1;38044561908.892
69.2;38044562162.752
69.3;38044562306.564
69.4;38044562338.619
69.5;38044562269.352
69.6;38044562119.793
69.7;38044561729.344
69.8;38044561445.841
69.9;38044560759.362
70.0;38044559898.683
70.1;38044559921.149
70.2;38044560080.796
70.3;38044559752.675
70.4;38044560200.144
70.5;38044560718.257
70.6;38044560681.78
70.7;38044560706.044
70.8;38044560695.79
70.9;38044560654.26
71.0;38044560625.7
71.1;38044560475.945
71.2;38044560401.015
71.3;38044560311.075
71.4;38044560302.063
71.5;38044560282.953
71.6;38044560004.879
71.7;38044559412.594
71.8;38044559296.096
71.9;38044557815.06
72.0;38044557354.841
72.1;38044557513.402
72.2;38044557671.579
72.3;38044557153.48
72.4;38044557279.856
72.5;38044557244.417
72.6;38044557194.53
72.7;38044557194.235
72.8;38044557147.683
72.9;38044557106.058
73.0;38044557081.765
73.1;38044556944.948
73.2;38044556871.41
73.3;38044556815.547
73.4;38044556757.527
73.5;38044556668.094
73.6;38044556602.597
73.7;38044556479.174
73.8;38044556180.982
73.9;38044555402.988
74.0;38044555407.913
74.1;38044555562.25
74.2;38044555404.029
74.3;38044555378.118
74.4;38044554797.434
74.5;38044554881.097
74.6;38044554896.483
74.7;38044554874.311
74.8;38044554828.541
74.9;38044554736.312
75.0;38044554645.833
75.1;38044554542.976
75.2;38044554470.974
75.3;38044554432.979
75.4;38044554412.649
75.5;38044553927.838
75.6;38044553158.366
75.7;38044553072.416
75.8;38044552723.209
75.9;38044552695.556
76.0;38044552827.853
76.1;38044553052.464
76.2;38044552657.393
76.3;38044553103.853
76.4;38044553297.122
76.5;38044553355.384
76.6;38044553357.553
76.7;38044553357.946
76.8;38044553361.229
76.9;38044553361.519
77.0;38044553341.59
77.1;38044553214.486
77.2;38044553173.169
77.3;38044553159.014
77.4;38044553103.623
77.5;38044552387.429
77.6;38044552147.812
77.7;38044551895.111
77.8;38044551187.036
77.9;38044551110.934
78.0;38044551249.741
78.1;38044550998.103
78.2;38044550445.991
78.3;38044552623.56
78.4;38044552312.445
78.5;38044552287.357
78.6;38044552201.457
78.7;38044552383.494
78.8;38044552703.261
78.9;38044552940.818
79.0;38044553179.478
79.1;38044553286.599
79.2;38044553294.144
79.3;38044553170.542
79.4;38044553022.722
79.5;38044552691.973
79.6;38044552517.158
79.7;38044551890.184
79.8;38044551745.618
79.9;38044551883.959
80.0;38044552171.198
80.1;38044551047.374
80.2;38044551026.318
80.3;38044551143.293
80.4;38044551163.99
80.5;38044551170.165
80.6;38044551132.246
80.7;38044551113.047
80.8;38044551024.905
80.9;38044550902.323
81.0;38044550823.296
81.1;38044550748.511
81.2;38044550689.214
81.3;38044550660.207
81.4;38044550222.337
81.5;38044549962.092
81.6;38044549741.555
81.7;38044549515.413
81.8;38044549530.118
81.9;38044549678.34
82.0;38044549871.582
82.1;38044550131.322
82.2;38044550171.745
82.3;38044549577.677
82.4;38044549661.921
82.5;38044549656.123
82.6;38044549658.865
82.7;38044549673.813
82.8;38044549686.791
82.9;38044549722.361
83.0;38044549761.509
83.1;38044549770.355
83.2;38044549743.283
83.3;38044549568.867
83.4;38044549243.432
83.5;38044549185.87
83.6;38044549132.782
83.7;38044549049.632
83.8;38044549232.989
83.9;38044549511.204
84.0;38044548901.972
84.1;38044548883.052
84.2;38044548990.606
84.3;38044549013.776
84.4;38044549023.438
84.5;38044548991.159
84.6;38044548948.217
84.7;38044548884.549
84.8;38044548807.138
84.9;38044548696.735
85.0;38044548654.431
85.1;38044548628.303
85.2;38044548604.759
85.3;38044548110.56
85.4;38044547718.985
85.5;38044547428.913
85.6;38044545927.453
85.7;38044545919.738
85.8;38044546082.681
85.9;38044545955.127
86.0;38044545396.48
86.1;38044545430.711
86.2;38044545551.259
86.3;38044545561.028
86.4;38044545556.58
86.5;38044545504.905
86.6;38044545445.421
86.7;38044545407.139
86.8;38044545275.264
86.9;38044545211.601
87.0;38044545172.646
87.1;38044545152.734
87.2;38044544970.105
87.3;38044544296.524
87.4;38044544070.374
87.5;38044543703.791
87.6;38044543136.653
87.7;38044543191.227
87.8;38044543486.234
87.9;38044542732.474
88.0;38044542670.642
88.1;38044542753.154
88.2;38044542781.116
88.3;38044542791.37
88.4;38044542762.56
88.5;38044542736.228
88.6;38044542663.948
88.7;38044542552.239
88.8;38044542471.647
88.9;38044542410.238
89.0;38044542401.138
89.1;38044542360.698
89.2;38044541711.086
89.3;38044541318.459
89.4;38044541151.063
89.5;38044540425.062
89.6;38044540243.467
89.7;38044540400.085
89.8;38044540301.844
89.9;38044539592.363
90.0;38044539646.038
90.1;38044539773.898
90.2;38044539785.969
90.3;38044539782.841
90.4;38044539731.253
90.5;38044539730.395
90.6;38044539603.581
90.7;38044539543.095
90.8;38044539436.519
90.9;38044539412.026
91.0;38044539396.468
91.1;38044539227.384
91.2;38044538408.923
91.3;38044538175.086
91.4;38044537832.021
91.5;38044537179.252
91.6;38044537214.145
91.7;38044537457.387
91.8;38044537172.016
91.9;38044537198.142
92.0;38044537248.051
92.1;38044537151.383
92.2;38044537157.225
92.3;38044537127.334
92.4;38044537090.567
92.5;38044537023.036
92.6;38044536882.558
92.7;38044536803.477
92.8;38044536721.693
92.9;38044536667.64
93.0;38044536640.849
93.1;38044536348.817
93.2;38044535764.804
93.3;38044535537.078
93.4;38044534650.618
93.5;38044534393.803
93.6;38044534503.905
93.7;38044534576.08
93.8;38044534530.939
93.9;38044534661.895
94.0;38044534793.3
94.1;38044534807.888
94.2;38044534805.215
94.3;38044534758.082
94.4;38044534700.68
94.5;38044534658.511
94.6;38044534544.041
94.7;38044534463.393
94.8;38044534427.732
94.9;38044534405.542
95.0;38044534316.166
95.1;38044533488.378
95.2;38044533357.05
95.3;38044532967.651
95.4;38044532253.277
95.5;38044532276.402
95.6;38044532508.804
95.7;38044531959.262
95.8;38044531835.642
95.9;38044532564.255
96.0;38044532689.733
96.1;38044532716.806
96.2;38044532698.188
96.3;38044532649.213
96.4;38044532583.363
96.5;38044532526.086
96.6;38044532405.056
96.7;38044532352.933
96.8;38044532316.463
96.9;38044532297.397
97.0;38044531882.016
97.1;38044531365.586
97.2;38044531239.895
97.3;38044530614.738
97.4;38044530305.08
97.5;38044530460.336
97.6;38044530491.992
97.7;38044529507.589
97.8;38044529673.233
97.9;38044529800.192
98.0;38044529816.008
98.1;38044529814.718
98.2;38044529769.109
98.3;38044529761.126
98.4;38044529649.204
98.5;38044529568.207
98.6;38044529471.751
98.7;38044529434.657
98.8;38044529400.048
98.9;38044529284.446
99.0;38044528911.806
99.1;38044528709.033
99.2;38044528164.97
99.3;38044527076.623
99.4;38044527088.725
99.5;38044527308.527
99.6;38044526868.778
99.7;38044526970.562
99.8;38044527414.932
99.9;38044527361.949
