133.9118649;-0.1106446
86.21584050862204;132.18270265087574
-8.831988486996107;205.17862363449925
-104.63933817607432;230.6573003079664
-188.32448054319536;227.2268372519432
-257.60147779530865;205.8614151550415
-312.62618212956033;172.89910955794562
-354.01740817849435;132.30134038021464
-382.35973757199287;86.77857661594672
-398.07814297390854;38.36636198274636
-401.41114201137725;-11.248867029603602
-392.40795627021373;-60.515638648960355
-370.92860398984214;-107.8426961584476
-336.6437146399905;-151.4128062846805
-289.0436776753319;-188.9281822812015
-227.49513524608994;-217.19198591348072
-151.47952768198013;-231.3284612435039
-61.53100430638638;-223.21566212038204
36.935040633300076;-178.54630357704852
118.7580497538203;-76.85462071715423
122.36878188901794;67.4175970606032
43.85557985436137;173.55659910575469
-54.5816048399764;221.62805093025656
-145.36965900696458;231.84286914619094
-222.3992913268141;219.04595245598793
-284.9700676734779;191.67055249232595
-333.5641720265423;154.7526414946711
-368.81288228003746;111.57419297806717
-391.2331580149312;64.47932646109992
-401.1641727369514;15.309392478066059
-398.75622730977153;-34.33499837735897
-383.9704711552317;-82.90514719834799
-356.57857087165115;-128.73028305269946
-316.1646271457758;-169.80799230704795
-262.1484680324184;-203.489301593323
-193.89848422091612;-225.92652056287196
-111.18283073486222;-230.99952557004386
-15.96323446674199;-208.15224346332704
80.1932933628954;-139.27639262346838
133.64446952534126;-10.307065840381028
91.80423678619474;124.90934333919778
-2.035486384967645;201.95871176990275
-98.41805866984299;229.99962660279994
-183.0561494785761;228.12473985301315
-253.32446321899684;207.74705881142273
-309.30513266593664;175.43253088200663
-351.6085382617391;135.26029735091916
-380.8275473322273;90.00395375265386
-397.3994133602668;41.73296333470371
-401.57559215452847;-7.849970498011401
-393.4182356913467;-57.189864822121045
-372.80032081975384;-104.70371264929315
-339.4053502375194;-148.59667655414827
-292.7351562281722;-186.6145488639575
-232.1606836968573;-215.64107387326322
-157.1390683927871;-230.95285985342042
-68.06723421013662;-224.7263331960084
30.24562385637775;-183.18924989501235
114.86962401403747;-85.83604213051177
125.43525462190215;57.94898672176714
50.408870768207315;168.34785285464793
-47.959622275390174;219.7661215772018
-139.57730164386717;232.00207558208777
-217.59550922995254;220.4571086529348
-281.1443018934224;193.89118858283163
-330.67342160046775;157.5069995300928
-366.81628786838303;114.67424533254437
-390.1007543645595;67.7844913898562
-400.87875954499634;18.703850294687882
-399.31355317368536;-30.957082624788615
-385.37921462457285;-79.65150206573531
-358.8603813373003;-125.72294977441554
-319.35367514930556;-167.20000660373537
-266.2882629416986;-201.49173270937916
-199.0281012919847;-224.8583229999304
-117.28294997398619;-231.387481953837
-22.738021138341885;-210.92763255368126
74.21066670259806;-145.9149862043147
132.86192742851793;-20.46205997395549
97.16262628138888;117.32584610563018
4.762140190371584;198.51157974433514
-92.13939785933935;229.20559225303637
-177.72070005492006;228.93782339097805
-248.98120445756163;209.57754842417913
-305.920709602948;177.92934432354411
-349.13896904390066;138.19533271065848
-379.2365801060291;93.21492137227841
-396.66295842781346;45.09301484921814
-401.68248693906037;-4.450422193036565
-394.3702484429575;-53.85609426459868
-374.61217246828716;-101.54840590627533
-342.1046593328933;-145.75378623495303
-296.3611816320723;-184.25978738519808
-236.7578604921025;-214.0273914259785
-162.73094744125055;-230.47886898436627
-74.55384736322256;-226.07553545448613
23.513019210908137;-187.5657393341212
110.61978561634366;-94.5462086986892
128.05978230818468;48.27777761805739
56.87487573443347;162.85161597834818
-41.299433620739215;217.7249921905723
-133.72043070781552;232.05260312527847
-212.72439421027104;221.79909127276508
-277.253514086092;196.06622208470492
-327.72056592141035;160.23111390808805
-364.7599458979208;117.75501278264376
-388.9101228115774;71.07896132408192
-400.535753502841;22.095055404130065
-399.813036935052;-27.575251981686616
-386.72897909990064;-76.38625595364867
-361.0811880632417;-122.69487206697517
-322.4788811926377;-164.55929371648114
-270.360971737751;-199.4442272111878
-204.08863717574783;-223.71316320376664
-123.31971955567539;-231.6522528820707
-29.489680250443328;-213.49737842548382
68.07171048654342;-152.24370023535815
131.57185758758646;-30.53735326009546
102.26474732912942;109.43548209378726
11.55289870693048;194.82945556095646
-85.805066466694;228.2703795687127
-172.3183819307181;229.66331384136186
-244.57162101289086;211.3511236933251
-302.47277454076556;180.38829368462555
-346.60856733098495;141.1054456963687
-377.5867155008303;96.41060740410498
-395.86866549515196;48.445697755413455
-401.7317137476935;-1.0510393926390407
-395.2638739637384;-50.51518727130725
-376.3640219517623;-98.37772921110654
-344.7414736329609;-142.88526166580257
-299.9215175012628;-181.86533659526975
-241.28624394131774;-212.35296687186266
-168.25413308732215;-229.9096903324215
-80.98752943379732;-227.2687638635218
16.74968704477118;-191.68329952588272
106.03764733620548;-102.96959658506837
130.22003403167417;38.434295293070676
63.23631961751632;157.0621435269119
-34.605633286935905;215.49856882490937
-127.80033199471373;231.990943204892
-207.7863917332289;223.06978509045942
-273.297909942791;198.19422557332177
-324.7057306593482;162.92390753129112
-362.6439482723521;120.81559898248616
-387.66133347908686;74.36192903818987
-400.13520604358376;25.482232127303135
-400.2547120270439;-24.190294340679543
-388.019780314416;-73.11025551656971
-363.2409862130218;-119.64702161966777
-325.54020741367896;-161.88705328229918
-274.3664692211353;-197.34841088828128
-209.07967764967398;-222.49349615893854
-129.29165308028706;-231.79795953329585
-36.21236759030217;-215.86848669929566
61.79787151806677;-158.26620832608828
129.78672239002432;-40.495332000489924
107.08302525042414;101.24490811021664
18.327531287061127;190.9049389044738
-79.41732902544061;227.18929410739523
-166.8497606456316;230.2986196232981
-240.09585917802463;213.06628117271066
-298.96138818081056;182.80845327114181
-344.0174097736837;143.9900379309099
-375.87808483756197;99.59060515180725
-395.0167408608704;51.790714012312584
-401.72357019603317;2.347925726341991
-396.09951743227197;-47.16741044121285
-378.0563982753257;-95.19203746788507
-347.3164583112608;-139.99165332561287
-303.41695927023426;-179.43212055087264
-245.74668206764548;-210.61942753851395
-173.70917164281448;-229.248312976243
-87.36699246599687;-228.3116390162948
9.965180612178447;-195.5506181179133
101.15110797749131;-111.0962911238014
131.89735615921043;28.44956596533534
69.47598667042227;150.97298911042967
-27.88171371230834;213.0799720176474
-121.8170423402763;231.81339120256075
-202.78084914066721;224.26727127088344
-269.2768042298216;200.27421578568269
-321.6283634751311;165.58491100476746
-360.4679159759283;123.85582873086824
-386.35419073021785;77.63338375198056
-399.67710776226704;28.86544590775725
-400.63875865822644;-20.80214169405931
-389.2519929701704;-69.82350426794038
-365.3403502114831;-116.57956506739453
-328.5384233177119;-159.18375978655493
-278.30568262494137;-195.20530614736774
-214.0021338463006;-221.20135224626452
-135.19892973219365;-231.82856276017205
-42.9024948832304;-218.04830468956388
55.40746845440986;-163.98876333322877
127.52266910315426;-50.303158879403725
111.59031615885486;92.7616321391602
25.07741691257179;186.72953138765635
-72.9772485371324;225.95699217371515
-161.31425013433673;230.84089594975813
-235.55307730552337;214.72145657904042
-295.38577846489085;185.18891110328397
-341.3648612440717;146.84853449754834
-374.11019037203164;102.75450674973133
-394.1068087719349;55.1277203178386
-401.657783551835;5.746125100165874
-396.87699133602126;-43.81317455783819
-379.6891818573382;-91.99186552777637
-349.8295414040814;-137.07370181885395
-306.84744293933466;-176.96122503648823
-250.13901241824456;-208.8284667936613
-179.09544383354267;-228.4975780032777
-93.68977359851695;-229.2092182088936
3.169559927240943;-199.1754271270135
95.98865072866352;-118.91767926603636
133.07644441859222;18.359436621834604
75.57389247421877;144.57985250503452
-21.133025680241158;210.46256282072525
-115.77193172244301;231.5160733919342
-197.7081583327442;225.3892312192918
-265.1903269341606;202.30463668380798
-318.4885151180835;168.21295030611253
-358.23186763473285;126.8747220925567
-384.98869006887253;80.89243952794953
-399.1614297890435;32.24384446290479
-400.96511988662746;-17.41165650206217
-390.425527905358;-66.52691803326898
-367.3791523705907;-113.49352862604172
-331.4733484143931;-156.45063862330653
-282.17832870203046;-193.01651011419494
-218.85544794338455;-219.83905042290507
-141.0400727682328;-231.74783991760364
-49.554982883867076;-220.0432801707126
48.91915500927388;-169.41676835281524
124.80002497381017;-59.928006903094925
115.7578032495435;83.99875314663565
31.790989133063825;182.29595020520532
-66.48798139737835;224.56834225454296
-155.71291045099844;231.2871684512501
-230.94377211606937;216.31477474600217
-291.7462669395565;187.52835071851905
-338.6511804934075;149.6799208950127
-372.2832671196322;105.901469793292
-393.1390989588235;58.45597252408412
-401.5345926739256;9.142860667071597
-397.596557204479;-40.453178553347925
-381.2626705058822;-88.77796952433539
-352.28106687064343;-134.13230652119867
-310.2133530685601;-174.4538384360608
-254.4635948383666;-206.98183741803138
-184.41299056141028;-227.660361873447
-99.95435548430896;-229.96661587301966
-3.628821894561242;-202.56592886875015
90.57737487780393;-126.42902357033972
133.74648876358216;8.200650257707629
81.5093037028903;137.87884783093168
-14.364660973555537;207.6392033113337
-109.66579727947939;231.09494535713608
-192.56816449281683;226.43343143232858
-261.0381629113821;204.2841784420768
-315.28590961511026;170.80720491677135
-355.9356180573766;129.87172841381195
-383.56474986100153;84.13869352775909
-398.58819776465276;35.617094807637585
-401.2339319743117;-14.019162457161665
-391.54063710055107;-63.220871199478516
-369.35776607806815;-110.38941345837884
-334.34547662636777;-153.68843610086358
-285.9849929053525;-190.7832187811234
-223.64015672287545;-218.40863138744325
-146.81498605880165;-231.55948234200767
-56.16663940594426;-221.86014258134304
42.348743469989344;-174.55758170811308
121.64161007317637;-69.3425413614487
119.55785112979629;74.97084314873402
38.45717035409753;177.59602106533993
-59.951459944594845;223.01767683744677
-150.04556856098364;231.6343950425596
-226.2673696360785;217.8445627136161
-288.04228615032144;189.82580227438237
-335.87590388556964;152.48360032840122
-370.3969729722044;109.03109315548316
-392.11338630221036;61.77516115239468
-401.353880363923;12.53784421713423
-398.2581975604028;-37.087747655816884
-382.7769393762983;-85.55077561219876
-354.67119341033384;-131.16807871815095
-313.5149096114947;-171.91089276694953
-258.72062939301895;-205.0810496272516
-189.66169973234065;-226.7392692800285
-106.1591689468471;-230.5885640739299
-10.422145243462769;-205.7299333186222
84.94354592147408;-133.62763323981147
133.9012565976486;-1.9880380276736007
87.25963931260905;130.86787357763072
-7.582698127115689;204.60270502465934
-103.49992429276598;230.54580000940834
-187.36102740648587;227.39746261934616
-256.82021380926386;206.211328985113
-312.020407070787;173.36662007682972
-353.57903928556385;132.84603164793512
-382.0822632209061;87.37145024658585
-397.95732292426317;38.98454990862665
-401.4451185061784;-10.625310584554974
-392.5972500647463;-59.90606765311091
-371.2761184649822;-107.26803610619157
-337.1547166273245;-150.89817206134086
-289.7255195341464;-188.50681934644808
-228.35589102049323;-216.91217386140625
-152.52254331104186;-231.26693724659597
-62.733367225575044;-223.50491250476628
35.71197266796481;-179.4179162168853
118.07316376258282;-78.52094864356663
122.96263797314985;65.69799699836084
45.06224040040791;172.62276269497372
-53.371381861534765;221.2994490519771
-144.31339796866027;231.8793454475257
-221.52437455854707;219.3087787699841
-284.27412849823855;192.07980998686492
-333.0392349404187;155.25841718771397
-368.4514573643735;112.14238076464756
-391.0297779591541;65.08437088242603
-401.11571627850407;15.930190231613569
-398.86194765146615;-33.717780447377024
-384.2319909874302;-82.31124096791162
-356.99988802125085;-128.18210292054852
-316.7520253328802;-169.3337188452026
-262.9099080671682;-203.12790051189018
-194.84098698958798;-225.73702267865698
-112.30223285351887;-231.07965617393407
-17.202719632668153;-208.6749162070237
79.11269473772043;-140.5125019358041
133.5395375383768;-12.166448944620804
92.80052863287901;123.54712113259717
-0.7943375902629457;201.34599289374847
-97.27619286821795;229.86436884524528
-182.08732425734087;228.27883987721924
-252.53671287982357;208.0844923875311
-308.6921444826809;175.89005388222105
-351.16224234725945;135.79673204266243
-380.54133721884995;90.58993995744306
-397.26891711749096;42.34550249866335
-401.59880183173664;-7.230795280379491
-393.5955052406001;-56.583236744319706
-373.1343688637015;-104.13022156613049
-339.90124706151084;-148.08086223643977
-293.40008050396017;-186.18868625353454
-233.00269607319464;-215.35174251290798
-158.1621851846959;-230.87364442072257
-69.25199601735818;-224.98366691022255
29.022703489683604;-184.00543771663942
114.12188052324422;-87.44211104292312
125.94615230575344;56.20307809727434
51.59198305642408;167.36906380638078
-46.75108166215053;219.40778369022544
-138.5170539226922;232.01874089688502
-216.7148223437804;220.7055169772056
-280.4417097543035;194.28916522801842
-330.14110133353586;158.00353355086096
-366.44669625910177;115.23469761563436
-389.8883088227613;68.38307425921855
-400.8201990841569;19.31941510784266
-399.40797457972764;-30.343769563832144
-385.6280667759741;-79.05992621619404
-359.26747166272213;-125.17508681901592
-319.9250950833103;-166.72330158048877
-267.03184574645;-201.12389671404515
-199.95105976255763;-224.65613524016558
-118.38261680177473;-231.44439508324893
-23.964516774618943;-211.4086168208383
73.10814055492419;-147.08550570030087
132.66508886099243;-22.29599735894518
98.10703057719833;115.91784009752632
5.993364663884172;197.86141931943467
-90.99589624257916;229.04609748423286
-176.74704503753944;229.07506126718212
-248.18740074224448;209.9022152370091
-305.30087602984753;178.37660395275907
-348.68506410093124;138.723231173335
-378.9419099875414;93.79373420015614
-396.5230260591063;45.69961127207989
-401.695140435353;-3.8359325771729127
-394.5356809132587;-53.25272826688658
-374.9329238066768;-100.97642550077623
-342.585607361503;-145.23717622603607
-297.0093314135101;-183.82988738864435
-237.58124341667164;-213.72915095506187
-163.73416227629497;-230.38286979472554
-75.72053295827588;-226.30244231574213
22.292680852063913;-188.32862027850277
109.81538619772218;-96.0897387633783
128.48468071674304;46.5112519291264
58.031743273243464;161.82749912455319
-40.093359536061286;217.3363107449256
-132.65647693808253;232.0491709939443
-211.8380912193928;222.03297286305067
-276.5443928225885;196.45289608522455
-327.1809856799015;160.71842706991458
-364.3823227472098;118.30776853982928
-388.6887646602066;71.67112497762398
-400.4672640618577;22.705420827981122
-399.89636037778877;-26.96583096426312
-386.96539410655856;-75.79703318523849
-361.4743140801663;-122.14740770946445
-323.0346176392079;-164.08033149388228
-271.08701602188944;-199.07028241201888
-204.99235242894392;-223.49887630829264
-124.39976351199523;-231.68702783018793
-30.702386951480207;-213.9385865422363
66.95146134677852;-153.35024190539812
131.28636117049254;-32.33945537408081
103.15324083341265;107.98324492284318
12.772910335517459;194.14104196618132
-84.66016861023896;228.08620489151724
-171.33989895525403;229.7835587555119
-243.77172818294204;211.66305917716562
-301.84607682485927;180.82541376002237
-346.1470695669547;141.62497839010757
-377.2836439201368;96.98243712179254
-395.71940128128676;49.04654244104041
-401.73396305548783;-0.44106028098123495
-395.41767057209154;-49.91494171854971
-376.67172775847155;-97.80717347177696
-345.20777411238504;-142.36785323029414
-300.55323888253145;-181.43152617418255
-242.09136406550078;-212.04615768928042
-169.23774961585272;-229.7976175611716
-82.13603779447624;-227.4666208560296
15.53382952348215;-192.39506581925662
105.18255097667594;-104.44922936197558
130.55653814490842;36.65309254752192
64.36417667015596;155.99233436214664
-33.40275074990175;215.0788611074912
-126.73286314000461;231.96709322060875
-206.8945418898923;223.289026116637
-272.58230926128175;198.569586592274
-324.1589503737657;163.40204132323686
-362.2583730662342;121.36072466077935
-387.43116726205636;74.9477464511072
-400.05692042959015;26.087463211085836
-400.3271010635624;-23.58472300567713
-388.24395418596976;-72.52338235115369
-363.620377603508;-119.10001096466343
-326.0805210118771;-161.40598255197744
-275.07525681107023;-196.96865455688564
-209.96441254955494;-222.2676603352567
-130.3521612905722;-231.811607031219
-37.410546455729275;-216.27172399600022
60.663798127296296;-159.3105129947578
129.41655057650928;-42.259632350147534
107.91147818903531;99.75051573553131
19.534818400483303;190.1774699959181
-78.27141612993051;226.9799142589623
-165.86656665950375;230.40161168295666
-239.28993534928546;213.36534573021018
-298.32787470552415;183.23533923437827
-343.54836829622406;144.50111822177618
-375.5666613915289;100.15535347557594
-394.8581919258876;52.385684882493
-401.715455669397;2.953240062156336
-396.2417071249574;-46.570479680394435
-378.35107100070366;-94.62314997841678
-347.7681006883097;-139.47375401976413
-304.03220742885424;-178.99479848465793
-246.53343583262208;-210.30459080610945
-174.67295027539794;-229.12096136262468
-88.49665565698513;-228.48172044805875
8.756105437942892;-196.21313900965131
100.25154379128145;-112.51066412953108
132.14368599855234;26.66076052336762
70.57145138794877;149.85772813835504
-26.68328408323393;212.62869982717373
-120.74669470148328;231.76877434913138
-201.88389465955268;224.47162108114645
-268.5550788847637;200.6380390988888
-321.07468086029127;166.0536359472484
-360.07464060636227;124.39307760737256
-386.1154268444397;78.21258665383763
-399.5891970889631;29.4652513621008
-400.7003468606226;-20.200735524394617
-389.46402343204863;-69.23932409545715
-365.7060700286757;-116.03338836681138
-329.06334366170177;-158.70101133076358
-278.99720176241846;-194.82025716246335
-214.86780292816778;-220.96465184369157
-136.23961279664817;-231.82209839265684
-44.08508775547322;-218.4152015224084
54.2635031703694;-164.97238378209704
127.07253958072768;-52.02370807502716
112.35429341171077;91.22820912142306
26.269840430239178;185.96250175215854
-71.83121953645787;225.72195173872004
-160.326900850346;230.9263543313103
-234.74155710325007;215.00744941857008
-294.74582504508066;185.60539689440213
-340.8886177752693;147.35101375730372
-373.79073752685616;103.31203555283402
-393.93929017715925;55.716686223279794
-401.63962472747954;6.346645617904569
-397.00791021918707;-43.21969316191485
-379.9711869602409;-91.42480046205849
-350.266932984731;-136.5555104521903
-307.4466773708799;-176.52067775761475
-250.90791095869147;-208.50605690148353
-180.0398976811887;-228.35572755349165
-94.80084594675552;-229.35293791788126
1.9684215793391715;-199.79107293565858
95.04992121067679;-120.26708003755519
133.23176541223447;16.5690833114733
76.63410222613776;143.41879773155634
-19.939641020599254;209.97883511593767
-114.69871632067776;231.4502448670419
-196.80601883931158;225.57850421337864
-264.4624159933836;202.65686495496792
-317.92791407673496;168.6722730657621
-357.83092645124964;127.40413176750874
-384.741414423078;81.46507736570541
-399.064033082455;32.8382715021241
-401.01610180695974;-16.814383225169472
-390.6256687909902;-65.94542814920123
-367.73151861716985;-112.94823334702365
-331.9832613104274;-155.96634512504147
-282.8530325164021;-192.6264429868828
-219.70254737470637;-219.5920089165833
-142.06134623763637;-231.72224875257757
-50.721796526025116;-220.3756547441162
47.768168207421475;-170.3420279133959
124.2748961574017;-61.60068057521721
116.45351566242007;82.4289564586975
32.967084911303736;181.48838479321748
-65.3419915343498;224.30699137471575
-154.72129310041373;231.35480940822407
-230.12652107743008;216.58759500432419
-291.09977191432694;187.93441926926022
-338.1676753399215;150.1738157441901
-371.95576560886656;106.45180116682269
-392.96262689396804;59.03894400343765
-401.5064360045598;9.738574304012179
-397.71627746435274;-39.86319408579407
-381.5321018788075;-88.21282200087292
-352.70431926243117;-133.61398323964394
-310.79669719830673;-174.01031950687508
-255.21475172081938;-206.65226029002025
-185.33815572933648;-227.50468587197173
-101.04655117612286;-230.0851438108196
-4.82040843424928;-203.13659666111838
89.60499687680958;-127.71340390264882
133.8106797775201;6.415987825484199
82.53063314396547;136.6725496976691
-13.177606496373222;207.12241364899262
-108.59027264307292;231.00753798688
-191.66119188064468;226.60741386645967
-260.3043395037103;204.6246634270541
-314.71862145110043;171.25700214514583
-355.52721385384393;130.3931818754486
-383.3091432068847;84.70464562709581
-398.4814773306222;36.20601246477463
-401.27445407142415;-13.426170063001146
-391.7290207522408;-62.64224521830074
-369.6968975413231;-109.84521171415992
-334.8404856527716;-153.20286890534942
-286.64296092458534;-190.38850249152406
-224.46871004016646;-218.1517905042786
-147.816700484112;-231.51563263129293
-57.31688452500478;-222.1594640101668
41.19397691811452;-175.42622437092703
121.04708250179242;-70.96280901818916
120.18119204560705;73.36892591169362
39.614527027490674;176.74754238636726
-58.8064668698921;222.729556454989
-149.0502353283993;231.68394927377597
-225.44480096545385;218.1040339202623
-287.38959705933837;190.22131832746226
-335.3854465038438;152.9687951722865
-370.06170854769994;109.57412286522731
-391.92823481199395;62.35203899302289
-401.3159986860324;13.128650276894572
-398.367000879342;-36.501371739760074
-383.03409719797315;-84.98768100318418
-355.0806340739843;-130.6498052168585
-314.08272296220053;-171.46467028912406
-259.45443399013783;-204.74472565088485
-190.56795351672514;-226.57047196311834
-107.232645921017;-230.68314998680373
-11.603195404663692;-206.25775773359422
83.94233338925233;-134.84795282423593
133.87513070152266;-3.7605746947697165
88.23878847356565;129.61660842528357
-6.402790431222602;204.0519974544901
-102.42217991387949;230.43637829308923
-186.44917603121735;227.55599069265966
-256.0804359188587;206.54004390094585
-311.44642823797983;173.80693455539372
-353.16321689767074;133.35960647566745
-381.8184228259149;87.93080847413856
-397.8414317656269;39.56804946998709
-401.47539339225887;-10.036521706763981
-392.7741538540532;-59.33025760736253
-371.6023636748846;-106.72493033218375
-337.6352482110127;-150.41141604024898
-290.36725883834265;-188.10767624640684
-229.16646995437455;-216.6459947559685
-153.50524358674798;-231.20572655967223
-63.86713627758873;-223.7728804277861
34.55554037007207;-180.2324396720938
117.41464983450638;-80.08631291753986
123.51031902624106;64.06749044069812
46.19922872367282;171.7323782189178
-52.22746458464012;220.98383130801304
-143.31411229943058;231.91052779483047
-220.6962395912865;219.55485428228707
-283.61505364888393;192.4648491958145
-332.54170524211105;155.735049826707
-368.1083832083208;112.67827396153898
-390.83597162013575;65.65532555791425
-401.06820395103523;16.516247431904297
-398.95999742407537;-33.134881828018884
-384.4771081424318;-81.75011436479552
-357.3958206250793;-127.66386492744442
-317.3046826117106;-168.88488661847217
-263.6267955430542;-202.78510025315742
-195.72877786883907;-225.5556788581601
-113.35725424707968;-231.15142963774326
-18.372472527154525;-209.16192933709146
78.08705060350539;-141.67004963155722
133.4246948548856;-13.92057502474227
93.73402649213544;122.25144246591506
0.3775216920731046;200.76048095202447
-96.19632232687381;229.73247007182206
-181.17053076743485;228.42174087014598
-251.790913218838;208.4014125442963
-308.1114418175912;176.32093664533832
-350.73901291635997;136.3025172478228
-380.2693215864757;91.14280887646272
-397.14396259473983;42.92368817809223
-401.61898737644367;-6.646120108095252
-393.7611397227779;-56.01018233621933
-373.4479936081187;-103.58820061880648
-340.3676240014748;-147.592984947518
-294.0259686537595;-185.7853103980324
-233.7957125069562;-215.07663330851724
-159.12622475676955;-230.79586664710632
-70.36920258085757;-225.22177833605392
27.866700159788174;-184.76807720404932
113.40498281827372;-88.95033381504692
126.41504418453647;54.54843468836275
52.706501223469054;166.43604772649877
-45.6086500140777;219.06397611006017
-137.51383048861737;232.03123468883715
-215.88107021936068;220.93808043101174
-279.7762106251947;194.66370838282322
-329.63649199259356;158.47163029385902
-366.0958402433578;115.76349851293483
-389.6859112418888;68.94815035888927
-400.7631552494653;19.900755211444213
-399.49540558308166;-29.764342103544724
-385.8613139311126;-78.50080130597662
-359.65010262684086;-124.65697819837445
-320.4628356484118;-166.27204691072993
-267.73207873422126;-200.77495537970276
-200.82063136514765;-224.46283592260266
-119.41923362177465;-231.49441956076427
-25.12209090696476;-211.85667342774346
72.0623228384098;-148.1815975882722
132.46393915041727;-24.02536222010034
98.99111063120512;114.57886789132615
7.155982641232782;197.24029497971276
-89.91418534380702;228.8912414285891
-175.82538900887582;229.20209821226078
-247.43561660740195;210.20721322455222
-304.71348295036154;178.79796946851854
-348.25446469865267;139.22114948587085
-378.66175883302674;94.34002659382124
-396.38904697533854;46.27237470298145
-401.7052701316355;-3.2555088605696163
-394.6900694671552;-52.682604377442274
-375.2339359184301;-100.43571105190308
-343.03781523836403;-144.7484602758396
-297.61931979618805;-183.42264957473373
-238.35658544575287;-213.44562598238588
-164.67928221416844;-230.28929691997524
-76.82043246077426;-226.51195448001363
21.139693464806182;-189.04109927923022
109.04616407653825;-97.53828383420608
128.87182908191022;44.83849927219523
59.12077979873341;160.85183984837346
-38.953632612803474;216.9638242491994
-131.65001041338837;232.04263270244115
-210.99923185545575;222.2517419941071
-275.87287911119876;196.81666769085854
-326.66963230896357;161.17769830042832
-364.02395593303424;118.82916672778364
-388.4779869824297;72.22998987582102
-400.40084226627357;23.28168927539062
-399.97326965906205;-26.39025041300701
-387.1868123917285;-75.24030885496649
-361.84362831406827;-121.62985597366087
-323.55736770613953;-163.62712333735
-271.77044959252146;-198.71574367370735
-205.8434458009201;-223.29431238264056
-125.41744598852384;-231.7162973637186
-31.84634153642141;-214.3492160289015
65.89001145831746;-154.38577604154773
131.00221764077173;-34.037052934932554
103.98351569963076;106.6033532087936
13.924250241030315;193.48391526031963
-83.5776237385256;227.90803005564038
-170.41407055151095;229.89447301892895
-243.01451315255542;211.9559155457296
-301.2524660050072;181.2370557109376
-345.70951720308597;142.11482966166685
-376.9957355072084;97.52195818405676
-395.5767515390989;49.61369403776776
-401.73438039705053;0.1349253465203728
-395.5611604255197;-49.34793825533536
-376.9604929368291;-97.26797133610044
-345.64621100515103;-141.8785458615155
-301.1477692799913;-181.0207593184442
-242.84951781036983;-211.75471587822244
-170.16442218400192;-229.68907901697582
-83.21879436065315;-227.64901082449802
14.385302735857076;-193.05974219592946
104.36637387278286;-105.83744018977457
130.85993226916415;34.96731752701458
65.42543380642421;154.97336809153606
-32.26609565633334;214.67689032009713
-125.72307361501426;231.94115999201753
-206.0504443125935;223.49388884835102
-271.9046915624773;198.9226051646452
-323.6408266470998;163.85257717684715
-361.89253931351374;121.87485007781903
-387.21212659751717;75.50055113953533
-399.98131501423785;26.65881778680993
-400.3937663157907;-23.012839694204324
-388.4539126841996;-71.9689352902634
-363.9768451606514;-118.58294609648999
-326.58886120517803;-160.95084613778417
-275.74258640524516;-196.6087097913596
-210.79781532548444;-222.05231975980834
-131.35165512076122;-231.8211577440581
-38.54096553945216;-216.64693162109506
59.589607259309666;-160.28787152584943
129.0530621665916;-43.92106149297105
108.684528107475;98.33085616355484
20.67407515559226;189.4831521510036
-77.18781845016805;226.77776244809164
-164.93619065217734;230.49615210347199
-238.52695282092478;213.64601706902528
-297.7277859814695;183.63731630884118
-343.1036811299307;144.9830076544232
-375.27088553402615;100.68822299499546
-394.70682532685214;52.94733807359276
-401.7061710876717;3.5248791277941844
-396.3743589621167;-46.00654121999587
-378.6276943289758;-94.08545700258301
-348.1929106189752;-138.98392417919447
-304.6114535874841;-178.58067787226304
-247.27457994432177;-210.00557893689123
-175.58128025997078;-228.99810180752905
-89.5620157630249;-228.63817305651895
7.613800567285693;-196.8318997248638
99.39397586412197;-113.83766481344851
132.36176508593348;24.968308536283942
71.60187483346229;148.79548577599857
-25.550713902613296;212.19664095440078
-119.73401173037632;231.72310307783016
-201.03482506173873;224.6623824010509
-267.87156256595864;200.9801742901837
-320.54996177330594;166.49533161258333
-359.70149477686095;124.89983242230737
-385.8882628023679;78.75922944783603
-399.50453557383076;30.031577881044925
-400.7568848661064;-19.632683755139805
-389.6626286955947;-68.68731793719046
-366.04978659649254;-115.51701623668521
-329.5573558365089;-158.24421597693313
-279.64848488230854;-194.45527806760361
-215.68351247064135;-220.73908546955096
-137.22072233021805;-231.8128191804205
-45.20105349262894;-218.75647956440088
53.18017420236254;-165.89304193113952
126.63420656611703;-53.64349684011273
113.06598160417944;89.77174083602937
27.39506816479342;185.23048509920363
-70.74732030965684;225.4953934798891
-159.39240568833785;231.0042844559029
-233.97313020962773;215.27579233596288
-294.1395374926491;185.99760872619157
-340.43705436382373;147.82486232360378
-373.4873462998507;103.83818483109624
-393.77946271830064;56.272775712110814
-401.6209082276067;6.9138688999063085
-397.1300182233395;-42.658902522401306
-380.2359975480766;-90.88872690002444
-350.6784905531794;-136.06532088034837
-308.011068236853;-176.1034596386486
-251.63252628757738;-208.19989928430178
-180.93037177953926;-228.21928480447303
-95.84906739224313;-229.48479180509636
0.8333650066963552;-200.3661726213804
94.155854678622;-121.53330303286735
133.36387751006848;14.87549534745487
77.63115345935485;142.3128188999266
-18.811467956299442;209.5157930430837
-113.68290047449827;231.3844521287401
-195.95167856147114;225.75508752208415
-263.77275724580227;202.98820166201966
-317.39643696495364;169.10529933761907
-357.4503924696467;127.90373093882553
-384.50613839727697;82.00579091105404
-398.9704143611859;33.39980142215356
-401.0627008633356;-16.249950525698274
-390.8132018590967;-65.39568855987078
-368.06286270910044;-112.43244266667058
-332.463426098702;-155.50788025944485
-283.4888528306882;-192.25658048593928
-220.50123081927575;-219.35663964647748
-143.0247143260599;-231.69504981162726
-51.8234347536372;-220.6847823263175
46.67804339316883;-171.20841404905914
123.76627259607784;-63.17550859595158
117.10048038051798;80.93778277675108
34.07727294602122;180.71750325060952
-64.257523588487;224.05536251218095
-153.78219147535296;231.41595222084374
-229.35219776122995;216.84370426476633
-290.4869286219315;188.31711113706925
-337.7089865949114;150.6399523635822
-371.6446176381909;106.97160245109939
-392.79430308109613;59.589856427888655
-401.47835568827713;10.30175950749835
-397.8280117778168;-39.30520482328039
-381.7853708012786;-87.67807832295836
-353.10299530083734;-133.12323257538975
-311.34669885285734;-173.58993861902493
-255.92338562789047;-206.3391040606511
-186.21134541783803;-227.3551611578966
-102.07799655792506;-230.19352237504924
-5.947402935879307;-203.6700967439044
88.67900285197848;-128.91955407682642
133.85681835866842;4.727068522656952
83.49146159297091;135.52264254187122
-12.054313813280853;206.62749055186205
-107.57116423515517;230.9212317209047
-190.80132335234933;226.7697483486997
-259.60831365964793;204.94530700514957
-314.18022898715856;171.681563981524
-355.1392117590583;130.88588675421218
-383.0657564321065;85.23971946899101
-398.3789863858353;36.763041469044275
-401.31128507707103;-12.865074061497909
-391.9057412653205;-62.094524317807895
-370.0162208474324;-109.32981518651026
-335.3072496960818;-152.74264375359252
-287.2638574657859;-190.01382081649402
-225.25097589168067;-217.90694006669025
-148.76290673079023;-231.4712868893617
-58.40430133723119;-222.4380142035484
40.099193559825714;-176.24059066507192
120.47296306387639;-72.48969657977403
120.75997676271183;71.84587684138178
40.70821667924257;175.93672423306828
-57.72150047637529;222.45211200460227
-148.10632307760068;231.7279663929194
-224.6643670533082;218.34777876059184
-286.77002977279176;190.59445779712067
-334.9195181446781;153.42723039843509
-369.7427404963479;110.0875992512637
-391.75139665132536;62.897791634894766
-401.2785764249186;13.687796118192015
-398.46841870853655;-35.94621466540438
-383.27591343103256;-84.45433958027353
-355.4665459117869;-130.15862447636303
-314.61847663337966;-171.0413422880538
-260.14723659890774;-204.42492352309316
-191.42396758111474;-226.4084577688344
-108.24718394570499;-230.76909520094952
-12.720922825635071;-206.75140358688364
82.98908689948874;-135.99451684783375
133.83599109918012;-5.438214868419524
89.15982005101716;128.42336332937754
-5.285603584223241;203.52445577334706
-101.40026086538367;230.32907798773294
-185.58406810908863;227.70375690776197
-255.37826492930708;206.84973432806441
-310.901304881573;174.22278523667595
-352.76790002338936;133.84516402851932
-381.56704729112323;88.45997528935862
-397.73015748749566;40.120292765113795
-401.50251021395894;-9.479066663549197
-392.94007848032084;-58.78488129041236
-371.90964299669724;-106.21028031540627
-338.088543994652;-149.94982060299424
-290.9731103962535;-187.72862608550895
-229.93211558851024;-216.39222598035334
-154.43390308658417;-231.1450237419442
-64.93939061214007;-224.02208175250138
33.45907967971625;-180.99623930101154
116.7805978815285;-81.56141558547534
124.01715380767351;62.51743888404265
47.273730147745354;170.8814272516191
-51.14316425980696;220.68011406475947
-142.36610241332997;231.93709003983525
-219.9102334878606;219.78595587598684
-282.98919974407363;192.8281651277782
-332.068898953575;156.18550566587467
-367.7818934530629;113.185136916743
-390.65086175605603;66.19561960416388
-401.0216330772703;17.071044685561006
-399.051247974431;-32.58287768648344
-384.7075813501725;-81.21851152424726
-357.7690420232788;-127.172615518132
-317.8262265483707;-168.45901860798602
-264.30376087510416;-202.45914599925038
-196.56752369041828;-225.38184269151006
-114.35453314895332;-231.21596339645583
-19.479586023771006;-209.61733508477627
77.11117268423506;-142.75760905058448
133.30186894783256;-15.580101316399489
94.61142521065396;121.01604107248367
1.4871306593688804;200.19973757831121
-95.17222984103995;229.60377833284193
-180.300584847124;228.55468854939312
-251.08290869724414;208.69995947722694
-307.55985039251897;176.72790583864148
-350.3366099151969;136.78076046856117
-380.01015920284794;91.66589735793912
-397.0240851181071;43.470965748141865
-401.63655252118537;-6.092498839736478
-393.9164172220612;-55.467362079263474
-373.7433674771481;-103.07453698583808
-340.8075818910921;-147.13030547797953
-294.61689532088116;-185.40225700084022
-234.5448293480797;-214.81445537213713
-160.0373213247689;-230.7195936548182
-71.42582777090263;-225.4429518719828
26.77088595146506;-185.4831419534075
112.71648812843901;-90.3711172468555
126.84682703947969;52.97619144422359
53.75942153774681;165.54457144531125
-44.52577668049127;218.73344021360217
-136.56205267814346;232.04006152384167
-215.08970514420255;221.15640187883284
-279.14424807231546;195.01713447199373
-329.15697706479034;158.91407694111035
-365.76200139379733;116.26373725949716
-389.49271349648393;69.48298308628368
-400.7076370695843;20.451200584145646
-399.5767140421376;-29.215504441356376
-386.08069969914607;-77.97097403993062
-360.0109257362;-124.16574102660672
-320.9705033702598;-165.84379587009295
-268.39357761100666;-200.44314082738552
-201.64248142540762;-224.27771480981625
-120.3994671400961;-231.53854157657295
-26.217954791472337;-212.27562556459208
71.06761537559483;-149.21155346286207
132.25975101182112;-25.661029953779444
99.82137385890877;113.30225091783582
8.25700073553731;196.6455083255133
-88.88806377087505;228.7407058936557
-174.95057187111408;229.3200712359349
-246.72173428331092;210.4946204650747
-304.1554131776504;179.19615090462605
-347.845014868862;139.69222540990245
-378.3949066399076;94.85721492441844
-396.26072781761;46.81487918768603
-401.71351638911153;-2.705529587170311
-394.83501163766806;-52.142166811205726
-375.5178038109624;-99.9229017442316
-343.46493174584486;-144.2846384447495
-298.1959205560463;-183.03566312184086
-239.08986613985738;-213.17533182819778
-165.57353101828812;-230.19814856989677
-77.86184832133948;-226.70652893397968
20.045758608480398;-189.70979796876517
108.30814815613918;-98.90394219611629
129.22623874539678;43.24809338876631
60.15038450982196;159.91881541902004
-37.87214492526591;216.60560712221624
-130.69405952344283;232.03338613657675
-210.20210266219198;222.45724091707285
-275.2344848220895;197.16031905816277
-326.18318363336397;161.6123360297465
-363.6826419284333;119.32302562485684
-388.27667215817985;72.75962335697955
-400.3364432252352;23.828042099820426
-400.04479822999383;-25.84434180201152
-387.39537021440265;-74.71206209228836
-362.19241283231304;-121.13850449380048
-324.0516207394464;-163.19647194251067
-272.41704258467735;-198.378224258542
-206.64903096987678;-223.09835304449743
-126.38119501254512;-231.7409768242635
-32.93081611652185;-214.73357995898877
64.8795667790723;-155.36009401019368
130.7195477627419;-35.64414123671999
104.76335129922808;105.28628509891729
15.015974348447205;192.85394503089785
-82.54925801187315;227.73503238762208
