66.9237911;115.9161027
-71.4482830179265;140.63030515957476
-182.09782641988167;94.74450606921553
-251.97517763998346;24.48772544943372
-290.7669070928928;-49.69783877442561
-306.83616940473723;-120.35589855206882
-305.7496876563211;-184.45844485481018
-291.2469753022662;-240.56446346418687
-265.967104461685;-287.8275735367495
-231.88499163124536;-325.5999862179539
-190.58016760069228;-353.24665753305874
-143.42081290723107;-370.0359613735956
-91.71514205812271;-375.05256192858167
-36.87255799971223;-367.10433521664146
19.371311708527227;-344.6032469650085
74.56399184910848;-305.4054277323834
124.74172938072095;-246.62857190258947
162.6041336148179;-164.68205537022294
173.05818399028402;-57.115786157411726
125.82373509983499;64.49383393842409
2.6819834990779894;139.61907156957415
-128.41885636025035;124.59257861526433
-219.17456983743764;63.333087610721535
-273.32815249057546;-10.194190001359276
-300.6868827983275;-83.29017783414142
-308.2046384120013;-151.13971368925755
-300.48333955517575;-211.647208153354
-280.6803003148391;-263.7215144787763
-251.08357778051194;-306.64051395353545
-213.4570942711338;-339.7790243436015
-169.26202892786895;-362.4684344912604
-119.8202089871007;-373.9022291795639
-66.46461903616364;-373.0488765448827
-10.721851546995989;-358.5489030969474
45.403542019173365;-328.5779087423102
98.89455819484428;-280.66873419992066
144.56670425095786;-211.56638181201217
172.29914460067948;-117.7018110010145
160.6371618972589;-0.055531415427720665
75.62072561714108;110.59606489545516
-62.36049959691259;141.84027883745992
-175.91753979627242;99.02358206431681
-248.30092018472868;29.547313568657547
-288.91538436391056;-44.68722823090893
-306.3347680781498;-115.71086832447192
-306.2863483435937;-180.31803650863165
-292.6073794662706;-237.0016661480689
-267.99573778511524;-284.89104909496734
-234.46184369899203;-323.332104668525
-193.60577231075538;-351.6928757993627
-146.80519774551212;-369.25118222957855
-95.36765693994327;-375.1070276386936
-40.689581736588615;-368.09061313533493
15.525430491690747;-346.6455621432533
70.8925439283564;-308.6719457881101
121.5920861555314;-251.34244653789477
160.65054682509728;-171.09650048771115
173.74078579735482;-65.22603981042661
131.66139350639574;56.64422296662103
12.412364159252181;137.54946322037452
-120.63755683364613;127.66851127500118
-214.25742474388855;68.13871949082237
-270.5753859233776;-5.0983995496371675
-299.5116818615581;-78.42574191453345
-308.21854276944276;-146.71830010103014
-301.42607592473433;-207.7691923732329
-282.36864102725025;-260.44534535857474
-253.38082122384492;-304.0103973185561
-216.2543537265884;-337.8378634477153
-172.46552680372696;-361.265363864551
-123.34098039738369;-373.49852603823507
-70.20777694815102;-373.5241938736276
-14.571915463321266;-360.00920516966977
41.60765072942438;-331.1662088261367
95.40956257329657;-284.57804504891664
141.85845402378612;-217.04285978497455
171.32178740907344;-124.95400469904988
163.40076878914758;-8.549603924588249
84.02470555319493;104.8505676734328
-53.11890811094462;142.6962881763641
-169.53991056003025;103.19024062873497
-244.47993329654025;34.58854746542527
-286.9569101214048;-39.66081784072098
-305.7525427292724;-111.03599129819482
-306.7596794287141;-176.14101221390084
-293.91677557540294;-233.3982381102462
-269.98256033645447;-281.9108119861766
-237.00421669920996;-321.0174991373862
-196.60321970014985;-350.08892359830094
-150.16743132323936;-368.4119513993046
-99.00443388116551;-375.10150227955904
-44.49867829369181;-369.0095599931137
11.676594171971932;-348.61066879815195
67.2008545676617;-311.8479276614829
118.39100023161026;-255.94862474934686
158.58188400376034;-177.38739761112777
174.17107605701233;-73.2407235288092
137.0837781230689;48.61698495743153
22.097653030486782;134.99601189597158
-112.65084016307772;130.5253819333962
-209.16601969248387;72.88801115872984
-267.6963045213766;-0.0009730692803238128
-298.24297211907054;-73.5375134918092
-308.1605048984157;-142.2633324455531
-302.311627063871;-203.8524838598512
-284.01046377547556;-257.1270565412411
-255.63974423068782;-301.3351904073953
-219.02005491619417;-335.84844830770476
-175.64354936694747;-360.01024626151843
-126.84236548830766;-373.0379557021219
-73.93845655797867;-373.93632757679995
-18.41846204362179;-361.39788573377035
37.801991944599095;-333.6714896007094
91.89239018208477;-288.3891217788042
139.07513615362376;-222.4029997836052
170.17787919329606;-132.08354365816746
165.81799579496834;-17.024417819948308
92.10638272405022;98.70531214841725
-43.73945167324137;143.17722167119658
-162.96219961872043;107.23367929114296
-240.50890024493273;39.60753882065999
-284.8892074507941;-34.62021070865566
-305.08792890232473;-106.33207858540086
-307.1685235850906;-171.92788112013275
-295.1742296763434;-229.7545652441491
-271.9267556388284;-278.8871946451624
-239.51134385763805;-318.656481788418
-199.57174406387853;-348.43511202373986
-153.5067065068731;-367.51859414745616
-102.62457686043868;-375.0363428359357
-48.29878604502449;-369.8615915021305
7.826168946822253;-350.4990789808939
63.490892925643166;-314.934018434837
115.1417611262974;-260.44780803850546
156.40455916372218;-183.55461490306843
174.3617919287053;-81.15279813258681
142.09197025283544;40.44508430409649
31.700437441144253;131.95451383293315
-104.46235695132773;133.14536123486133
-203.8973730866832;77.573939822889
-264.68851325899857;5.095222025379716
-296.87914494700635;-68.6269367523296
-308.0293915099852;-137.77570375512872
-303.1391226490601;-199.89773120679365
-285.60503754487553;-253.76717684513417
-257.8596818080176;-298.61535836177126
-221.7535506174834;-333.81121179116946
-178.79542966766684;-358.7035047051705
-130.32363746851644;-372.52095482993326
-77.65581245269256;-374.2857585226392
-22.260431961038794;-362.71551041655454
33.98803760041461;-336.0944532983811
88.34537517748663;-292.1028296523043
136.2210625712461;-227.64756950690492
168.8764041081671;-139.0888604642364
167.90272676517938;-25.463230094029434
99.83939956886736;92.1898643018346
-34.241659343106654;143.26252112875383
-156.18262045348962;111.14218631376927
-236.38488707415374;44.599982347471276
-282.71031511347866;-29.56719131697813
-304.33969813594933;-101.60000844621963
-307.5121097578006;-167.67915889352193
-296.3792619958421;-226.07101353706807
-273.8280371198861;-275.82051461442495
-241.9830700788476;-316.2493807580283
-202.51127559128358;-346.73182531440693
-156.82299469247218;-366.57159499587505
-106.22804262865064;-374.91218509792594
-52.089760365766885;-370.64755897578533
3.9745579213745907;-352.3119432845637
59.7636448897039;-317.93176529648196
111.846684628975;-264.8419620287776
154.12408257128888;-189.59984292540352
174.32522497794645;-88.95832704961512
146.69130745292483;32.157628834069214
41.18454052484493;128.42429788832808
-96.07511466792016;135.51032355380292
-198.4472693000093;82.19004874267182
-261.5488219102629;10.188306087308257
-295.41821289670463;-63.69440306180457
-307.824009412975;-133.25531036424445
-303.9078810857631;-195.90468950283517
-287.15202224720804;-250.36546478385387
-260.04052798748955;-295.8507366217704
-224.45489400829354;-331.7261127836145
-181.9213179090586;-357.34526125314903
-133.7849818210512;-371.94784989556734
-81.35998864802725;-374.57306789910865
-26.097800065488173;-363.96298339694505
30.166208629984542;-338.4364146383626
84.7698195618345;-295.7209730954707
133.29957272447848;-232.77870366360483
167.4255153068937;-145.97051802347477
169.66951997994533;-33.853301301089616
107.20338064584531;85.33459200454621
-24.64557410159592;142.93242624407225
-149.1981118750398;114.90405679201606
-232.10379428995805;49.56229347412726
-280.4174758311275;-24.502669011800048
-303.5060753340401;-96.83983003558042
-307.78926308933495;-163.39462969215725
-297.53105839151686;-222.3473178336881
-275.6858042552026;-272.7105426911506
-244.4189119501386;-313.7960406364711
-205.42137842122526;-344.97900004739864
-160.11584844394622;-365.5709960469962
-109.81431036864385;-374.72919237511496
-55.87092612324692;-371.36777015487047
0.12273115115886668;-354.04974918755465
56.02065589739814;-320.84187434402526
108.50853834661177;-269.13197075393873
151.74606172725316;-195.52347604149736
174.07309165450377;-96.65246111817282
150.88854748799997;23.78357925644144
50.511285699434765;124.40999719770515
-87.49535745762337;137.60081705996132
-192.81262590144448;86.72839338500559
-258.27455748468475;15.27516229393613
-293.8583625587713;-58.74140622729901
-307.5430755282205;-128.70303894402312
-304.6169110577842;-191.87398644163008
-288.6505789712226;-246.92242367842204
-262.1815139876885;-293.04176188517914
-227.12333348745332;-329.5935503899384
-185.02043981085077;-355.93589608864824
-137.2255620694561;-371.319020122068
-85.05003389733086;-374.7986569696508
-29.929416281580398;-365.1407599328887
26.338028349588864;-340.697925737981
81.16800889355035;-299.2442270246802
130.3146739494484;-237.79700956151018
165.83333093805587;-152.72733687091298
171.1323638158724;-42.18117518605628
114.18004248494569;78.17347943531102
-14.976918610379029;142.16851737546455
-142.00813718116953;118.50564004501707
-227.6627518746127;54.48917875197738
-278.0086419612361;-19.42904523157342
-302.5856839088644;-92.0529084575522
-307.9990035662192;-159.0752281964551
-298.6288690913871;-218.5842078349794
-277.4994444923752;-269.5579022155031
-246.8183393646693;-311.2970312094944
-208.30156687954116;-343.17719094538177
-163.3847925956047;-364.5173720913423
-113.38287342065152;-374.48799938697346
-59.64167557605306;-372.0229711339086
-3.7284735445824895;-355.7134220454318
52.263264904124505;-323.6655309963633
105.12979348879634;-273.31930391236244
149.27568342053718;-201.3267509433787
173.61666374689804;-104.23205764047297
154.69310992125168;15.348770524555679
59.64345526293792;119.92058698249255
-78.7300690033174;139.39694607196773
-186.98980360220182;91.18100062779352
-254.86261590645086;20.353080473472893
-292.19758259874544;-53.76892824482617
-307.18529804257423;-124.11927158051768
-305.26536371697836;-187.8057936964124
-290.10013759013015;-243.43816896241825
-264.2822491137264;-290.18856528630414
-229.75859215743893;-327.4137135377952
-188.09258152183193;-354.4756890154111
-140.64517802998836;-370.6348704947194
-88.72569866876272;-374.9630987401524
-33.754878829696054;-366.2496392970858
22.504242325401197;-342.88008900089767
77.54144447154512;-302.67407257059494
127.26961257567908;-242.7042431321378
164.1072727061032;-159.35990683404444
172.30552083454535;-50.4368251742256
120.75709652755292;70.73993471279726
-5.262109555750757;140.95413392808302
-134.61114957752173;121.93326109508773
-223.05781849742053;59.37613350283322
-275.4810940235976;-14.347691210509101
-301.57678914251494;-87.23958429528626
-308.14020799967716;-154.7209494748745
-299.67194528377865;-214.78158202976564
-279.26843871952093;-266.3624989256537
-249.18097063719148;-308.75231342226834
-211.15153129271232;-341.326441408543
-166.6295349686128;-363.410870945454
-116.93339826727234;-374.1888840887233
-63.401556463740846;-372.61360411549805
-7.578356670970541;-357.3036166189201
48.49268201297437;-326.4036607108386
101.71276358565085;-277.40516208642134
146.71783021748558;-207.01066713434744
172.96660758136963;-111.69423814056294
158.11577024752052;6.877296626198022
68.54437115281063;114.97001276581756
-69.78870299238564;140.8781052800523
-180.9756136368897;95.53901672547892
-251.30999708036077;25.41884548885524
-290.43386733097066;-48.77831228844487
-306.7493188575712;-119.50467993372855
-305.85225584749355;-183.70051847058411
-291.4999272616605;-239.91299877542332
-266.34207720114244;-287.29140278425876
-232.3600647077463;-325.18684942057337
-191.13714032129573;-352.9648996513181
-144.04318408452585;-369.8956918858454
-92.38623855683112;-375.06673799304303
-37.57325802509404;-367.2900514964863
18.666130479007112;-344.9834617652854
73.89211155542303;-306.01122705843045
124.16793673658655;-247.50114868897688
162.25459978333942;-165.86768327818902
173.20265903823224;-58.60996986790408
126.92503203418674;63.06913223688403
4.467564740080426;139.27521026598222
-127.00795121345269;125.17155373972908
-218.28603651974956;64.21718686383994
-272.83262071190467;-9.26123573844865
-300.477875175453;-82.40131393815834
-308.2117619731689;-150.33277360798013
-300.6593881602567;-210.94019368172556
-280.9919993399405;-263.12495960593935
-251.5060670666687;-306.16243714885644
-213.9705401310497;-339.4272539933948
-169.84931563397632;-362.25197195108865
-120.46505798949724;-373.8323268243491
-67.14961394648726;-373.1401823800482
-11.42572307680429;-358.82092234985925
44.71056643819754;-329.0569813085527
98.2600971221458;-281.39039935466064
144.07746815960684;-212.57580320943765
172.13323527350022;-119.03607576781847
161.16839949282524;-1.608232651462513
77.17863626730188;109.57727620746026
-60.68358419735898;142.0232853279397
-174.76752017989367;99.79267680018356
-247.6139415176444;30.46870084579433
-288.56535235082634;-43.77129641629462
-306.2338723221793;-114.86026070013345
-306.3766673755037;-179.5588477127658
-292.84922501419925;-236.34745695691325
-268.36038621221314;-284.3507501604533
-234.92719584209357;-322.9134070785565
-194.15357752942595;-351.4039800326451
-147.4190195087092;-369.1019680812559
-96.03102058594317;-375.11012475871865
-41.38376545395356;-368.26265896021795
14.824795203140285;-347.00888022235216
70.22177359442645;-309.25676211681144
121.01290278141128;-252.18896136890746
160.28215610689216;-172.2509572349491
173.83733507071463;-66.69243589198553
132.67913555123;55.19515723383235
14.179328970575995;137.12062863690542
-119.19947345303001;128.20465946925532
-213.3439790284718;69.00652197095067
-270.06070788560083;-4.1718794933754895
-299.28730838164677;-77.53907636506939
-308.21257669445595;-145.9112282048847
-301.5904364290989;-207.0603960352314
-282.6695652987598;-259.8455784054054
-253.7931904736193;-303.5276942701509
-216.75822527805846;-337.47995431154044
-173.04379300925473;-361.04106489915085
-123.9774893744519;-373.41881611857985
-70.88539723482566;-373.60333717455444
-15.269918808668415;-360.266173327364
40.91801401034668;-331.6266051642591
94.77386530603077;-285.2764513828146
141.35895983887133;-218.02360316838548
171.1262571085672;-126.25621556015896
163.8642609248462;-10.08856250668517
85.51471379857945;103.764884093387
-51.428237153680065;142.81151045599006
-168.36241840355606;103.932055520317
-243.7711484873782;35.49925592350858
-286.5898648136152;-38.74911838138529
-305.6375697414573;-110.18651258426894
-306.837693963796;-175.38101710459438
-294.1474312749533;-232.74169933870934
-270.3367744981777;-281.3667663648403
-237.45971320812868;-320.59359535886375
-197.14169904183078;-349.7932242653246
-150.7725207926013;-368.25411398186225
-99.6598535783027;-375.0938380183435
-45.1860909767683;-369.1682626950802
10.980833623147417;-348.95744489509264
66.53166562987609;-312.4121643552304
117.80721362867658;-256.7695281232906
158.19616363475896;-178.51101553824358
174.22274866214823;-74.67828105097223
138.01908601423128;47.15006327550465
23.83955536573232;134.48241074527246
-111.18659891953105;131.01618088433736
-208.22752650838706;73.73853480655681
-267.1623720549966;0.9187270477677144
-298.0032154124593;-72.65323368581939
-308.14149212369404;-141.45624663028607
-302.4643790393142;-203.14200176668734
-284.30071459963864;-256.52417493112824
-256.0421065395248;-300.84797224695143
-219.51446872826656;-335.48453511819946
-176.21290666742343;-359.7782784616966
-127.47063004335901;-372.94864918695305
-74.60876294481662;-374.0035763639629
-19.110593541547033;-361.6401451871904
37.11581722065806;-334.1136486359396
91.25581784485698;-289.0648250947691
138.5662622972615;-223.35570147924565
169.95478291906414;-133.3539631092663
166.21723691524969;-18.54679751594614
93.52457683383258;97.55873544902272
-42.03837695709364;143.22195037840228
-161.75717464411633;107.94669366692396
-239.77804503349208;40.50714027331105
-284.5050363367551;-33.71281016235576
-304.95889147886453;-105.48367985532143
-307.2343315006541;-171.1670014055619
-295.39385129326007;-229.09562563558018
-272.2707296180494;-278.3393578968064
-239.95720230747594;-318.22736666171863
-200.10112516066386;-348.13265326158694
-154.1032869167988;-367.3522369674466
-103.2722526134024;-375.01809176486074
-48.97958057318933;-370.0072106197215
7.1352201989533794;-350.8296762467104
62.823397038106954;-315.4781630160553
114.55383464854972;-261.24371751286026
156.00275197072378;-184.64799394643543
174.37143400144421;-82.56096699221398
142.94664154754653;38.96614492188052
33.410938241713986;131.35703618119135
-102.9730220896431;133.58823393192986
-202.93360280052556;78.40621621335605
-264.1351440575507;6.007777100318629
-296.62394092019724;-67.74515930746287
-307.9973478497533;-136.96865208066933
-303.28033191724944;-199.18559442791525
-285.8847121310727;-253.16121614601
-258.25215255238476;-298.123679116691
-222.2386293112307;-333.4413770224199
-179.35599638196248;-358.4639885100001
-130.94375844014695;-372.4222196772391
-78.31887184435735;-374.3413391576179
-22.946692911333535;-362.9433610446892
33.30544167790862;-336.5187674064451
87.70827309318945;-292.75633212566964
135.70364089423435;-228.5728093069779
168.62767407037268;-140.32774946028968
168.24117008611566;-26.966523141813834
101.18259972328278;90.988821019184
-32.53403976900434;143.23421575820169
-154.95012246096204;111.82469065967567
-235.63169685243045;45.487884453477626
-282.30885149518537;-28.664320747830832
-304.1965043691082;-100.75280977950007
-307.5656532684525;-166.91748374147198
-296.5877989453182;-225.4097589215684
-274.161710464956;-275.2689787930845
-242.41920815667157;-315.81515605321084
-203.03144485217567;-346.4227190753529
-157.41091203512025;-366.396840100329
-106.86776954177995;-374.8834795189351
-52.763664949574185;-370.78023877739656
3.2887888743827425;-352.626521788621
59.098362569516524;-318.4559979663768
111.25542626579606;-265.61306647490164
153.7076255769269;-190.66304023662894
174.2956038830251;-90.3360464857167
147.46727054228754;30.67274672662191
42.856624384292864;127.74493283181017
-94.56258262922506;135.9024611074192
-197.45838559104322;83.00271665408631
-260.9760314301098;11.092990601956604
-295.14756523940963;-62.815636315255375
-307.7789172924423;-132.4487124626309
-304.0374974317772;-195.19127061554858
-287.42103253400495;-249.7567664603368
-260.42297969963727;-295.3549125369413
-224.93047054552412;-331.3506501076612
-182.47288728587432;-357.0984698530186
-134.39671037988336;-371.8399421311498
-82.0155029733936;-374.6172247240049
-26.777831930277884;-364.1766657234137
29.48764697672092;-338.84313242675677
84.13282326774964;-296.352541999366
132.77462735407855;-233.67673743396082
167.1530915913257;-147.17777335330766
169.95047255171258;-35.33487654882889
108.46878837374919;84.0861372149633
-22.93632954496404;142.82880516814734
-147.93877109300058;115.55394614902234
-231.3283235328936;50.437490158092146
-279.9987539843403;-23.604950129643253
-303.34876829792347;-95.99430831629779
-307.8305859379391;-162.63256769265544
-297.7285524535433;-221.68411854335434
-276.00921819672516;-272.15565617728487
-244.845373207685;-313.3570448037771
-205.9323834364961;-344.6635875703083
-160.6951537745265;-365.3882017483247
-110.44613716123557;-374.6904257656979
-56.53797170545538;-371.48796259566427
-0.557839299723307;-354.34884977000496
55.357725717621925;-321.3468644383256
107.91436765914351;-269.8791036678548
151.3160525167428;-196.55741725905042
174.0068362993662;-97.99991397665559
151.5886974363072;22.297203286384867
52.13929220742145;123.65104371459687
-85.96076089121759;137.93956962593438
-191.798152732295;87.52049528845703
-257.6819661188573;16.171744600742855
-293.57207049129653;-57.86567331390872
-307.48485492647586;-127.89687076521307
-304.73493224929615;-191.15926827014815
-288.90897468316155;-246.31099879317915
-262.55403237920325;-292.5418427522219
-227.58951815476286;-329.21255670532275
-185.56313691001785;-355.68198192021595
-137.82902725768514;-371.20215827524015
-85.69812077801556;-374.83168912520654
-30.60329672657638;-365.34067435016283
25.663512524325924;-341.0875766920219
80.53132407797848;-299.8545533778799
129.78285056234856;-238.66868888526122
165.5388845741978;-153.90369869733175
171.35927019289431;-43.63970643744577
115.36656060089844;76.88396534652196
-13.270240813600818;141.98762501813832
-140.72183969543224;119.12115992502959
-226.8645151612733;55.351211390721275
-277.5723598327199;-18.536521841033363
-302.41410914938115;-91.20899744061953
-308.0280402734105;-158.3126997054377
-298.8153049371719;-217.9190037738505
-277.81260864199555;-268.99963721267756
-247.23514112823628;-310.8532729459476
-208.80341966135026;-342.85551894006767
-163.95548091006168;-364.3266246331656
-114.00676475437037;-374.43930055680744
-60.30177935680408;-372.1308528591714
-4.403687603593928;-355.99727825569545
51.60298153130714;-324.15157962337037
104.53327535961971;-274.0428328194469
148.83327770527382;-202.331772754439
173.51622297644982;-105.54879248057007
155.32015837676505;13.865701984720548
61.221055573716015;119.0855523640402
-77.17569328679703;139.6794488131005
-185.94985680482284;91.95112112474231
-254.2501841981606;21.240893945245205
-291.89563652473356;-52.89664027902567
-307.1139568592831;-123.31384336323103
-305.37179840220244;-187.0900378653611
-290.34791868371263;-242.82425132298616
-264.64482000840593;-289.68476768983106
-230.21535269171486;-327.02739463193905
-188.6263514556433;-354.21485268108455
-141.24029574428891;-370.50925577739156
-89.36623391101986;-374.98521496321985
-34.42242478330775;-366.43601098711554
21.834051956422392;-343.25292626319543
76.90552832159572;-303.2634473090954
126.73173750201606;-243.5498721743664
163.79246977969586;-160.50542516040522
172.48150922404665;-51.870375792299285
121.86359682081985;69.41647202818504
-3.563730671248523;140.69453624656535
-133.2987714188761;122.51213500433248
-222.2368959099443;60.22394393080018
-275.0272937985997;-13.460975629163698
-301.390999961499;-86.39772962937057
-308.15701484668665;-153.9583227337583
-299.84737725958007;-214.11469867627292
-279.571405463417;-265.8011547456411
-249.58816382239166;-308.3040794265381
-211.64428088545077;-340.9987962990593
-167.1916502745155;-363.21246989651746
-117.54938681994376;-374.130580507615
-64.0547246217461;-372.7095493702501
-8.248161685389029;-357.57267362099515
47.835215093561466;-326.8713149157455
101.11431952220055;-278.1057652615486
146.2640314256017;-207.9875301158351
172.83432137511326;-112.9804677340054
158.6729507753449;5.4012254286237935
70.06639841278613;114.06281235450135
-68.21643410846201;141.1016382650976
-179.90985934026224;96.28602153162645
-250.67739245925156;26.29759536424147
-290.11610256315373;-47.909511415438
-306.66481288968254;-118.69996859641847
-305.94713927130783;-182.9837005070125
-291.7371832627078;-239.29658844998212
-266.69482866055546;-286.78376507438867
-232.80755647679118;-324.7952922033873
-191.66215614290172;-352.69728662965815
-144.6301342272824;-369.7615405263424
-93.01939391542551;-375.0782412811169
-38.234608716243024;-367.4632920426724
18.00020515502443;-345.3400353551955
73.25707820664806;-306.5803753352858
123.62451544194349;-248.32164711366642
161.92086612903603;-166.98328616259053
173.3309474495022;-60.01795526713139
127.95205253761115;61.71765478115671
6.152945210578987;138.93582173502114
-125.66944614091518;125.71187527506467
-217.44183729612732;65.05034324981062
-272.36093746271536;-8.380265594317763
-300.2777071041031;-81.56132372725344
-308.21630878761766;-149.56984501390934
-300.82387560907324;-210.27145841033064
-281.2848882389791;-262.5604134047114
-251.90381144343962;-305.70966372302763
-214.45437092237268;-339.0936383511688
-170.4030529646853;-362.04599333973516
-121.07333331703379;-373.76457778950464
-67.79601017427937;-373.2244469663046
-12.090224589198264;-359.0755513452087
44.055933342229956;-329.5067527989098
97.66000131794198;-282.0687517885409
143.61312337084283;-213.52529859607938
171.97124323630655;-120.29215480023959
161.65902532937847;-3.074136110451452
78.640445624554;108.6024324899781
-59.09563426855304;142.18511870076878
-173.67564103036756;100.5153424192992
-246.96081019893938;31.33807484713254
-288.2315878146445;-42.90601428387306
-306.1361466444799;-114.05622058434923
-306.46002715778144;-178.8409136887777
-293.0760384918631;-235.72851939815743
-268.7034378698921;-283.839271006745
-235.3655625265978;-322.5166526644644
-194.66999562677532;-351.12968232495746
-147.99795918118386;-368.9594323905756
-96.65693814232513;-375.1112397366396
-42.03902324951889;-368.42308158211426
14.16311477913543;-347.3496138520093
69.58777115103433;-309.8062441292196
120.46444658613608;-252.985031198994
159.93083141060154;-173.33731655760081
173.9209045978697;-68.0741570361882
133.6275336087791;53.821634333338416
15.84629288304246;136.7009612738806
-117.83526220488861;128.70424604048088
-212.47610825467885;69.82432357109217
-269.5708748447166;-3.296825779171857
-299.0726353464458;-76.70096487153322
-308.20482764676785;-145.14797419778066
-301.74399847270075;-206.3897895587677
-282.9524285190081;-259.27783241542124
-254.18155634809628;-303.07041437940177
-217.2332141866089;-337.1404382511066
-173.58922486626543;-360.82762246336983
-124.5781073952901;-373.3417862994777
-71.52504317723537;-373.6761467329325
-15.929073980789365;-360.506675090809
40.26637404125859;-332.05888865880155
94.17250806841594;-285.9330589694919
140.8849646315987;-218.94630579418208
170.9366054398496;-127.48230616662346
164.29159674918589;-11.541267365483934
86.91200793503265;102.7276532858849
-49.82745583702165;142.90894123553244
-167.24430998714328;104.62894561231063
-243.09721725144541;36.35876685963169
-286.23993503449134;-37.887542179499434
-305.52653266060776;-109.38323958619712
-306.90947274798833;-174.6620386547141
-294.3637538586101;-232.1203052212203
-270.6700706980708;-280.85152369671084
-237.88888039130535;-320.19173144656463
-197.6494169126357;-349.51233964328713
-151.34331030044493;-368.1033015145269
-100.27834536897488;-375.084682144734
-45.835004046724286;-369.315996011905
10.323743362290289;-349.282481611906
65.89919524456688;-312.94214000650953
117.2545202065552;-257.54133056522795
157.82870820508882;-179.56811415190245
174.2643829308168;-76.03235796904465
138.88968932833993;45.76100785077747
25.48140871010459;133.9829139522757
-109.7981739865658;131.47241880390064
-207.33616880001995;74.53968198677727
-266.65443827660465;1.7870915152582154
-297.7740473950213;-71.81758315615504
-308.12141310053846;-140.69315930312624
-302.60693240953344;-202.4699590896377
-284.57341869022946;-255.95361865806973
-256.42091135355076;-300.386534625623
-219.980385484885;-335.139428472481
-176.74975625890465;-359.55764371815894
-128.06326604335024;-372.86257326420144
-75.2412810563057;-374.0651312214103
-19.763959654505783;-361.86668995467323
36.46771330754787;-334.5285901111872
90.65392651659698;-289.69980861104455
138.08374174735664;-224.25164897219426
169.7395150734395;-134.54958123625727
166.5843270002329;-19.98281951064914
94.85294226240556;96.46548283258998
-40.42900911808988;143.2523637543904
-160.61351524770157;108.61584998686934
-239.08350278373302;41.3557365066513
-284.139061613469;-32.855666339541145
-304.8346291531219;-104.68176260520536
-307.29458650832277;-170.447490573137
-295.59971781840954;-228.47223575340547
-272.59429052566753;-277.82077632544804
-240.37718254978762;-317.82079419970944
-200.60015275219743;-347.8455722274979
-154.6659352541124;-367.193543136925
-103.88332308788388;-374.99908443429473
-49.62213365583239;-370.14272279163015
6.482787748644338;-351.13956486817403
62.192648012748386;-315.98930243131787
113.99738646505273;-261.9920756976054
155.62036297248497;-185.67671140399221
174.37389594164486;-83.88732562746098
143.7415613616084;37.56653430883509
35.02227264235237;130.77850705788103
-101.56095490649396;133.99880213975734
-202.0182436362152;79.18998933571778
-263.6087552728775;6.869340661019692
-296.3801154135325;-66.91191204209606
-307.96491023016745;-136.20564458260753
-303.41194152808896;-198.51204760948343
-286.1473915234403;-252.58782259136947
-258.6215855395593;-297.65810971853176
-222.69570758297488;-333.0907692600166
-179.88453194810842;-358.2363271811657
-131.52870344134936;-372.32735569082354
-78.94455738103404;-374.39201140822956
-23.5945379117929;-363.1564642131564
32.66069246937876;-336.91706461916687
87.1058771683521;-293.3706171863695
135.213120157631;-229.443164526854
168.38848470167022;-141.493968602916
168.55152026103326;-28.384547210870537
102.44004592443724;89.84490303811988
-30.918789404373744;143.19522484641436
-153.78028436239302;112.46482271609841
-234.91586437036977;46.325427001871844
-281.9264270496911;-27.811409722340873
-304.05881119906746;-99.95197847144098
-307.6143054516121;-166.19718596482593
-296.78320971694154;-224.78416332593957
-274.4755847604906;-274.74690313776387
-242.8300765471803;-315.40377843899313
-203.52186653160354;-346.12940498497267
-157.96549736569685;-366.2302897813643
-107.4714737402284;-374.8547101183573
-53.39987006543821;-370.90368886460857
2.641079479136015;-352.92150014708824
58.46954621987994;-318.9486287616911
110.69572945496299;-266.33839264370454
153.31145572262986;-191.66374796994486
174.26140662075017;-91.63410278818938
148.18852483130766;29.267837154318556
44.431165177870824;127.08918648996166
-93.1284246068611;136.26472979437264
-196.51900791188245;83.76793680459602
-260.431105018782;11.947209763477382
-294.88904626425256;-61.98512041911542
-307.73411067737976;-131.68602793120084
-304.1581597895613;-194.5164237194785
-287.6736796885324;-249.1807187370574
-260.7830223351157;-294.8853831544642
-225.37867491806855;-330.994708752153
-182.9930506058087;-356.86395016157593
-134.97387563382281;-371.7364640360578
-82.6342251703094;-374.6571999406692
-27.41996319355995;-364.3765324915479
28.8465459146819;-339.2250205097201
83.53040133770749;-296.94640097988105
132.27697405890078;-234.52177420446438
166.8917311862184;-148.31454289690467
170.20715827388608;-36.73251815774451
109.65282183501269;82.89818241906907
-21.319824410328177;142.7183041680775
-146.74328616341614;116.16311517497725
-230.59120407484792;51.26311376872543
-279.59988901214166;-22.756761268345258
-303.1976814268253;-95.19491464747766
-307.8676876495336;-161.9117750119498
-297.9135680155463;-221.0565808207902
-276.31347209643206;-271.63033921917577
-245.24720083626516;-312.9411164794874
-206.41427386229978;-344.36430891710205
-161.24175103097346;-365.2140911184194
-111.04254367403938;-374.6522343699006
-57.16787468530842;-371.5997562178961
-1.2008176097187526;-354.6294171685999
54.73096970822177;-321.82161468445
107.3518184525531;-270.58218734992266
150.9071325529901;-197.5310063351996
173.9384446297883;-99.26990392964248
152.239101986553;20.891016060046574
53.67191503502258;122.92028089585381
-84.50538048864664;138.25111053935953
-190.83413736299735;88.26644522958668
-257.1180506730175;17.018635196370294
-293.2986427456983;-57.03766853000692
-307.42763121123886;-127.13425583527734
-304.8447141102907;-190.48289531918164
-289.15173779975237;-245.7321238549585
-262.90489182250815;-292.06824724646964
-228.02909842069954;-328.85125197318433
-186.07520595000238;-355.44066097111215
-138.39870398526813;-371.09022251622923
-86.31016490459348;-374.8612396234028
-31.239963265719734;-365.52771572888213
25.025899029973175;-341.45363648211674
79.92890944753202;-300.42877513415004
129.2785321407924;-239.4894182231644
165.25683110018147;-155.0120155600892
171.56556340989175;-45.016149092288394
116.47657856222058;75.65757459677909
-11.655979971709417;141.8037522066857
-139.50020235396036;119.69790877607198
-226.10540016496932;56.164816080469535
-277.15665782529226;-17.6927213722588
-302.24948505985583;-90.41060253882233
-308.0536258538971;-157.59098054031986
-298.99008589783733;-217.28914399130483
-278.1074940537276;-268.470770692984
-247.628245225245;-310.432570182763
-209.27714004636456;-342.55014619033506
-164.4944751728201;-364.1449281539883
-114.59625975841679;-374.3917774705552
-60.925739817074216;-372.2312107497931
-5.042224120810361;-356.26380587967947
50.97813995029317;-324.60899694678085
103.96802248002038;-274.7244193021943
148.41239945450042;-203.27911814043543
173.41582824698742;-106.79104049698456
155.9026050314598;12.46184358650907
62.70673071629388;118.2826639447238
-75.70034642436062;139.937697641564
-184.96066705079667;92.67693453591814
-253.66686030296756;22.080398901936572
-291.60711005251693;-52.070958600269115
-307.04429515104397;-122.55105062723723
-305.4707987965407;-186.41190009365965
-290.5809842867269;-242.2423492962282
-264.9867477598372;-289.2069624715629
-230.64660749306998;-326.6606524383001
-189.13065623214356;-353.96673748050034
-141.8028283989134;-370.38896347309685
-89.97193790705983;-375.0045518641038
-35.053928341536945;-366.6105685550018
21.199712418157258;-343.6036567733404
76.30309572091795;-303.81871959868533
126.22113389453462;-244.34718206863823
163.49103250867992;-161.58616667460845
172.64042706663335;-53.22489298506119
122.89941194102487;68.15728418847415
-1.9558893406158524;140.43571040627376
-132.0507810139566;123.05466579543598
-221.45517497805585;61.025097358242164
-274.59435965619616;-12.621555305985014
-301.21261844832486;-85.60021298621648
-308.17097222533175;-153.23554730154729
-300.01187575903407;-213.48241237373827
-279.85691084773305;-265.2686720982476
-249.97255046863737;-307.8785778632082
-212.10984114717607;-340.6873489163124
-167.72304353789985;-363.0232524036849
-118.131952181947;-374.07383885626825
-64.67268779546559;-372.7986385135984
-8.882140269147676;-357.82539142980534
47.21251834492551;-327.3117054199817
100.54682166711538;-278.76624455185487
145.83216269632086;-208.90903826990458
172.7040364542496;-114.19480148706573
159.19019415235655;4.003501438002025
71.49974828570555;113.19169928837665
-66.72341545092058;141.30379441787755
-178.8954678396597;96.9902691711498
-250.07448436905634;27.129057651976048
-289.8123448026845;-47.086562297737736
-306.5825987209984;-117.9373199280413
-306.0352365569039;-182.30408069463545
-291.960408716992;-238.71191832200776
-267.0276540702919;-286.3019891273709
-233.23028351589477;-324.4233315941596
-192.15846001803362;-352.442575612657
-145.18524886640967;-369.6330686957715
-93.61844101898478;-375.0875202833342
-38.86057781007332;-367.6255018992218
17.36959041528279;-345.67555645846664
72.65521622734022;-307.11680347111786
123.10850270001296;-249.09559822345517
161.60157864861333;-168.03625028451935
173.445236134625;-61.348690205563656
128.91311165025812;60.432406589586634
7.748265369303569;138.6012098295415
-124.39627528815471;126.21776052783117
-216.63769573192315;65.83780861733008
-271.91084197232846;-7.546007300659227
-300.08559539078504;-80.76529089789078
-308.2186213895781;-148.84652752934397
-300.9780313309779;-209.63719765755667
-281.5609125305041;-262.0247171137066
-252.27934283180196;-305.2797226862725
-214.91159960416786;-338.7764381269428
-170.92664175431383;-361.8495441284155
-121.64873231698525;-373.69888036569904
-68.40769969020971;-373.3025115365852
-12.719311563239525;-359.3146955136085
43.43581223086957;-329.93035754822296
97.09088297433186;-282.7083765459486
143.17132484078937;-214.42117451346465
171.8131381720976;-121.47821296453017
162.11387497122294;-4.462013459894374
80.01634503821009;107.66788455072496
-57.58788202918531;142.32844972660234
-172.63627778563998;101.19645819976908
-246.33829197536124;32.160744005099886
-287.9125824531548;-42.08627054707536
-306.04137071252904;-113.29408112182517
-306.5372049502654;-178.1601247040336
-293.28939319135515;-235.14136274882418
-269.02711322179545;-283.3537848603435
-235.77969564493472;-322.1397196157345
-195.1582125324219;-350.86861254636233
-148.54554669495565;-368.8230154488977
-97.24918953121924;-375.11070051801613
-42.65927480551672;-368.5731994232449
13.536481452468186;-347.67021170705345
68.98687534878039;-310.32416119588135
119.94371445220193;-253.7360019268311
159.59507081506368;-174.3627580384938
173.9933101465011;-69.38001089717277
134.5143812021234;52.51634529653438
17.423376987800005;136.2902778187189
-116.53776559734465;129.17121740544093
-211.64945335304262;70.59716922131071
-269.10353976585617;-2.468155335395243
-298.86678136771684;-75.90666909457298
-308.1955268926414;-144.42430211658186
-301.88787007257974;-205.7537160489617
-283.2190484757435;-258.73907752216417
-254.54832178384692;-302.63619456998237
-217.68220880829034;-336.8176612816484
-174.1051097280664;-360.6241433975562
-125.14643543707113;-373.267372962728
-72.13053465264126;-373.74348014073246
-16.5532997269759;-360.73261278881415
39.64889634682772;-332.4661743908849
93.6020485239922;-286.55241970046984
140.43399548447923;-219.81723337101653
170.7525446509861;-128.6404296134691
164.68716327151873;-12.916704560292494
88.22664150121555;101.73455014223504
-48.307532840636334;142.99088320909215
-166.17975180688273;105.28563220056964
-242.45476925173136;37.172292054976154
-285.90553034449437;-37.07105303329664
-305.4191762064228;-108.62156915220694
-306.9758071271085;-173.9800248708975
-294.5673847870575;-231.53062275084517
-270.98479876885534;-280.3623225080465
-238.29466706863127;-319.8098697387056
-198.12982915928694;-349.2450170375359
-151.88367649241292;-367.9591230122347
-100.86411483448856;-375.07460481225223
-46.449836437825496;-369.45442278822645
9.700853224831727;-349.58871006483594
65.29917357049014;-313.4422921605977
116.72931343376706;-258.2702871630556
157.47750223843903;-180.56710975320044
174.2975720863998;-77.31344545674109
139.704083760686;44.44034201416018
27.035609404645093;133.49615926073628
-108.47633114229679;131.8984638247445
-206.4862327433663;75.297513431779
-266.1693686202922;2.610356497794081
-297.5542122352965;-71.02469453206912
-308.1004374732892;-139.96879520518002
-302.74058105175163;-201.83177778001294
-284.8307831192416;-255.41157392068106
-256.77912335321724;-299.94787987477474
-220.42140394636886;-334.81100281571526
-177.2582239334944;-359.34715675079786
-128.62482175732208;-372.7795714017006
-75.8408637977382;-374.1219818755932
-20.383569716902414;-362.07981233725803
35.852733672355576;-334.9201200344943
90.08219760629463;-290.2996748466481
137.62416125410377;-225.09859796278872
169.5311836996251;-135.68058035931935
166.92385606743142;-21.344119988354127
96.10365958501946;95.4186746077775
-38.89921971980986;143.27044711764674
-159.52312507136347;109.24692966590166
-238.42048192877883;42.159995732718215
