0.0;-70650842945.564
0.1;-70650842306.164
0.2;-70650841399.516
0.3;-70650841222.917
0.4;-70650841271.159
0.5;-70650841386.083
0.6;-70650841492.67
0.7;-70650841616.42
0.8;-70650841718.902
0.9;-70650841865.784
1.0;-70650841920.068
1.1;-70650841952.478
1.2;-70650841985.278
1.3;-70650842771.038
1.4;-70650843453.01
1.5;-70650844028.585
1.6;-70650846312.747
1.7;-70650846603.173
1.8;-70650846107.995
1.9;-70650846878.806
2.0;-70650851972.588
2.1;-70650851293.366
2.2;-70650850486.72
2.3;-70650850451.938
2.4;-70650850502.909
2.5;-70650850664.488
2.6;-70650850666.827
2.7;-70650850885.378
2.8;-70650850971.651
2.9;-70650851101.752
3.0;-70650851123.539
3.1;-70650851134.424
3.2;-70650851519.238
3.3;-70650852515.904
3.4;-70650852940.733
3.5;-70650853787.279
3.6;-70650855944.923
3.7;-70650856015.047
3.8;-70650853692.772
3.9;-70650858157.737
4.0;-70650853989.332
4.1;-70650859077.262
4.2;-70650859322.693
4.3;-70650859336.811
4.4;-70650859458.979
4.5;-70650859537.006
4.6;-70650859980.54
4.7;-70650859497.222
4.8;-70650859221.782
4.9;-70650859120.463
5.0;-70650859169.865
5.1;-70650859402.744
5.2;-70650859537.529
5.3;-70650859961.354
5.4;-70650860287.982
5.5;-70650861120.675
5.6;-70650861353.941
5.7;-70650860982.093
5.8;-70650859365.024
5.9;-70650863416.346
6.0;-70650862264.343
6.1;-70650861277.002
6.2;-70650861247.033
6.3;-70650861293.349
6.4;-70650861460.832
6.5;-70650861465.671
6.6;-70650861699.912
6.7;-70650861819.365
6.8;-70650861942.853
6.9;-70650862017.13
7.0;-70650862062.057
7.1;-70650862136.046
7.2;-70650862940.739
7.3;-70650863423.598
7.4;-70650864180.46
7.5;-70650866430.757
7.6;-70650866553.058
7.7;-70650864724.658
7.8;-70650866800.661
7.9;-70650867407.158
8.0;-70650867274.744
8.1;-70650867874.329
8.2;-70650867887.095
8.3;-70650868026.183
8.4;-70650868128.347
8.5;-70650868326.8
8.6;-70650868424.197
8.7;-70650868570.139
8.8;-70650868651.927
8.9;-70650868682.866
9.0;-70650868722.797
9.1;-70650869408.041
9.2;-70650870399.464
9.3;-70650871761.447
9.4;-70650876026.16
9.5;-70650877206.663
9.6;-70650876877.891
9.7;-70650876227.185
9.8;-70650877485.896
9.9;-70650877488.533
10.0;-70650878041.865
10.1;-70650878175.873
10.2;-70650878259.974
10.3;-70650878379.596
10.4;-70650878503.085
10.5;-70650878437.763
10.6;-70650878247.244
10.7;-70650878017.103
10.8;-70650877972.884
10.9;-70650878045.805
11.0;-70650878453.294
11.1;-70650878819.111
11.2;-70650879089.768
11.3;-70650879832.692
11.4;-70650882029.273
11.5;-70650882151.392
11.6;-70650880998.896
11.7;-70650896256.553
11.8;-70650895613.638
11.9;-70650892869.614
12.0;-70650892286.307
12.1;-70650892287.026
12.2;-70650892366.419
12.3;-70650892517.572
12.4;-70650892696.888
12.5;-70650892781.583
12.6;-70650892936.185
12.7;-70650893015.314
12.8;-70650893017.666
12.9;-70650893043.641
13.0;-70650893789.394
13.1;-70650894632.914
13.2;-70650894860.952
13.3;-70650896515.622
13.4;-70650897912.167
13.5;-70650897599.186
13.6;-70650895178.59
13.7;-70650901898.046
13.8;-70650892362.885
13.9;-70650893517.623
14.0;-70650893527.388
14.1;-70650893586.146
14.2;-70650893716.728
14.3;-70650893737.785
14.4;-70650893928.611
14.5;-70650894053.458
14.6;-70650894166.907
14.7;-70650894219.208
14.8;-70650894230.597
14.9;-70650894381.788
15.0;-70650895696.883
15.1;-70650895919.408
15.2;-70650896643.083
15.3;-70650898983.454
15.4;-70650899173.555
15.5;-70650898558.264
15.6;-70650899875.267
15.7;-70650895668.63
15.8;-70650894861.725
15.9;-70650894431.74
16.0;-70650894410.253
16.1;-70650894479.666
16.2;-70650894610.777
16.3;-70650894666.387
16.4;-70650894906.418
16.5;-70650894995.412
16.6;-70650895116.305
16.7;-70650895184.568
16.8;-70650895220.338
16.9;-70650895520.423
17.0;-70650896618.164
17.1;-70650896956.79
17.2;-70650898481.504
17.3;-70650899941.623
17.4;-70650899564.898
17.5;-70650897692.188
17.6;-70650906833.89
17.7;-70650906210.539
17.8;-70650905201.383
17.9;-70650905129.731
18.0;-70650905175.656
18.1;-70650905318.731
18.2;-70650905349.631
18.3;-70650905512.897
18.4;-70650905622.461
18.5;-70650905738.587
18.6;-70650905819.272
18.7;-70650905870.846
18.8;-70650905979.752
18.9;-70650906918.478
19.0;-70650907212.725
19.1;-70650907780.822
19.2;-70650908420.939
19.3;-70650908413.647
19.4;-70650907822.59
19.5;-70650913016.81
19.6;-70650915334.127
19.7;-70650914705.824
19.8;-70650914207.988
19.9;-70650914201.318
20.0;-70650914271.315
20.1;-70650914431.667
20.2;-70650914533.119
20.3;-70650914603.585
20.4;-70650914780.299
20.5;-70650914846.297
20.6;-70650914885.721
20.7;-70650914924.638
20.8;-70650915338.996
20.9;-70650916413.867
21.0;-70650916869.64
21.1;-70650918107.471
21.2;-70650919433.711
21.3;-70650919080.268
21.4;-70650917834.978
21.5;-70650920941.41
21.6;-70650921143.08
21.7;-70650920159.67
21.8;-70650920060.87
21.9;-70650920115.42
22.0;-70650920250.234
22.1;-70650920291.72
22.2;-70650920437.321
22.3;-70650920562.678
22.4;-70650920681.319
22.5;-70650920735.992
22.6;-70650920754.068
22.7;-70650920835.201
22.8;-70650921921.288
22.9;-70650922492.379
23.0;-70650923024.553
23.1;-70650925343.962
23.2;-70650925827.309
23.3;-70650925366.986
23.4;-70650927570.452
23.5;-70650930600.121
23.6;-70650924762.316
23.7;-70650924276.477
23.8;-70650924262.514
23.9;-70650924333.454
24.0;-70650924465.956
24.1;-70650924662.064
24.2;-70650924468.861
24.3;-70650924245.011
24.4;-70650924065.592
24.5;-70650924053.238
24.6;-70650924219.128
24.7;-70650924302.047
24.8;-70650924584.777
24.9;-70650924998.914
25.0;-70650926818.177
25.1;-70650929120.804
25.2;-70650928878.97
25.3;-70650927475.012
25.4;-70650931532.215
25.5;-70650930895.302
25.6;-70650929959.697
25.7;-70650929790.658
25.8;-70650929849.008
25.9;-70650929981.062
26.0;-70650930030.41
26.1;-70650930153.498
26.2;-70650930296.637
26.3;-70650930416.843
26.4;-70650930472.276
26.5;-70650930491.918
26.6;-70650930567.532
26.7;-70650931508.112
26.8;-70650932222.354
26.9;-70650932646.229
27.0;-70650935130.302
27.1;-70650935482.233
27.2;-70650935055.936
27.3;-70650936817.444
27.4;-70650941901.517
27.5;-70650941408.847
27.6;-70650940685.678
27.7;-70650940658.265
27.8;-70650940709.49
27.9;-70650940864.799
28.0;-70650940875.582
28.1;-70650941094.798
28.2;-70650941181.515
28.3;-70650941311.528
28.4;-70650941330.8
28.5;-70650941341.086
28.6;-70650941754.19
28.7;-70650942881.909
28.8;-70650943131.836
28.9;-70650944149.516
29.0;-70650946176.301
29.1;-70650946106.374
29.2;-70650943743.52
29.3;-70650951735.645
29.4;-70650952305.328
29.5;-70650951423.258
29.6;-70650951274.88
29.7;-70650951320.476
29.8;-70650951436.042
29.9;-70650951504.316
30.0;-70650951621.748
30.1;-70650951782.508
30.2;-70650951888.352
30.3;-70650951955.1
30.4;-70650951968.551
30.5;-70650952028.461
30.6;-70650953005.076
30.7;-70650953583.621
30.8;-70650953972.666
30.9;-70650956274.707
31.0;-70650956882.65
31.1;-70650956395.447
31.2;-70650957756.598
31.3;-70650963329.395
31.4;-70650962566.134
31.5;-70650961703.487
31.6;-70650961662.67
31.7;-70650961714.691
31.8;-70650961877.414
31.9;-70650961884.333
32.0;-70650962108.281
32.1;-70650962231.488
32.2;-70650962344.879
32.3;-70650962421.397
32.4;-70650962470.684
32.5;-70650962527.642
32.6;-70650963308.901
32.7;-70650963743.888
32.8;-70650964567.697
32.9;-70650966700.232
33.0;-70650966780.197
33.1;-70650964676.812
33.2;-70650971855.384
33.3;-70650972636.236
33.4;-70650971828.651
33.5;-70650971673.794
33.6;-70650971699.742
33.7;-70650971815.363
33.8;-70650971889.331
33.9;-70650971994.485
34.0;-70650972161.945
34.1;-70650972265.531
34.2;-70650972345.177
34.3;-70650972353.997
34.4;-70650972403.403
34.5;-70650973268.027
34.6;-70650973953.422
34.7;-70650974717.526
34.8;-70650979661.801
34.9;-70650980010.314
35.0;-70650979630.29
35.1;-70650978888.221
35.2;-70650984892.116
35.3;-70650975016.547
35.4;-70650976490.495
35.5;-70650976465.447
35.6;-70650976533.184
35.7;-70650976665.289
35.8;-70650976791.078
35.9;-70650976941.948
36.0;-70650977054.44
36.1;-70650977175.299
36.2;-70650977200.273
36.3;-70650977208.829
36.4;-70650977489.675
36.5;-70650978489.597
36.6;-70650979001.253
36.7;-70650979755.099
36.8;-70650981984.459
36.9;-70650982037.435
37.0;-70650980626.425
37.1;-70650986061.579
37.2;-70650983639.143
37.3;-70650980039.521
37.4;-70650979199.738
37.5;-70650979228.639
37.6;-70650979318.385
37.7;-70650979412.799
37.8;-70650979501.052
37.9;-70650979713.988
38.0;-70650979829.523
38.1;-70650979919.683
38.2;-70650979921.223
38.3;-70650980007.729
38.4;-70650980318.567
38.5;-70650980911.877
38.6;-70650982850.016
38.7;-70650987305.093
38.8;-70650988180.089
38.9;-70650987771.105
39.0;-70650986499.927
39.1;-70650990782.09
39.2;-70650987628.752
39.3;-70650992146.003
39.4;-70650991954.932
39.5;-70650992011.036
39.6;-70650992150.737
39.7;-70650992174.657
39.8;-70650992382.379
39.9;-70650992512.968
40.0;-70650992625.325
40.1;-70650992701.257
40.2;-70650992762.223
40.3;-70650992809.705
40.4;-70650993553.264
40.5;-70650993961.888
40.6;-70650994651.691
40.7;-70650996954.135
40.8;-70650997146.322
40.9;-70650995740.404
41.0;-70650998594.446
41.1;-70651003095.43
41.2;-70651002436.048
41.3;-70651002143.289
41.4;-70651002150.132
41.5;-70651002235.847
41.6;-70651002347.854
41.7;-70651002398.167
41.8;-70651002600.623
41.9;-70651002710.861
42.0;-70651002806.098
42.1;-70651002809.798
42.2;-70651002831.333
42.3;-70651003524.691
42.4;-70651004472.861
42.5;-70651004699.494
42.6;-70651005570.849
42.7;-70651005889.194
42.8;-70651005529.321
42.9;-70651003321.248
43.0;-70651007820.913
43.1;-70651004271.846
43.2;-70651009017.234
43.3;-70651008842.356
43.4;-70651008839.38
43.5;-70651008809.409
43.6;-70651008793.742
43.7;-70651008768.711
43.8;-70651008663.427
43.9;-70651008630.093
44.0;-70651008617.321
44.1;-70651008622.206
44.2;-70651008660.018
44.3;-70651008798.93
44.4;-70651008959.495
44.5;-70651009099.706
44.6;-70651010859.208
44.7;-70651011061.1
44.8;-70651009698.441
44.9;-70651013482.799
45.0;-70651018431.497
45.1;-70651014522.394
45.2;-70651015818.189
45.3;-70651015776.659
45.4;-70651015747.633
45.5;-70651015719.742
45.6;-70651015675.254
45.7;-70651015642.332
45.8;-70651015607.224
45.9;-70651015558.25
46.0;-70651015549.473
46.1;-70651015615.084
46.2;-70651015933.264
46.3;-70651016684.009
46.4;-70651016659.603
46.5;-70651017042.996
46.6;-70651017184.469
46.7;-70651016724.27
46.8;-70651014647.325
46.9;-70651018790.089
47.0;-70651018212.599
47.1;-70651017216.142
47.2;-70651017128.483
47.3;-70651017179.072
47.4;-70651017316.973
47.5;-70651017433.162
47.6;-70651017523.511
47.7;-70651017667.309
47.8;-70651017774.117
47.9;-70651017826.468
48.0;-70651017854.355
48.1;-70651017890.144
48.2;-70651018803.712
48.3;-70651019272.381
48.4;-70651020119.531
48.5;-70651024253.785
48.6;-70651024485.414
48.7;-70651023270.162
48.8;-70651024759.961
48.9;-70651027659.852
49.0;-70651027219.488
49.1;-70651026203.18
49.2;-70651026170.916
49.3;-70651026161.632
49.4;-70651026135.226
49.5;-70651026118.267
49.6;-70651026010.027
49.7;-70651025955.844
49.8;-70651025937.187
49.9;-70651025933.736
50.0;-70651025937.812
50.1;-70651025972.739
50.2;-70651026156.824
50.3;-70651026948.322
50.4;-70651028324.733
50.5;-70651028665.823
50.6;-70651028252.04
50.7;-70651026290.87
50.8;-70651036025.968
50.9;-70651031932.894
51.0;-70651030914.939
51.1;-70651030819.922
51.2;-70651030873.371
51.3;-70651031008.787
51.4;-70651031049.117
51.5;-70651031178.902
51.6;-70651031268.603
51.7;-70651031394.354
51.8;-70651031476.625
51.9;-70651031516.356
52.0;-70651031553.683
52.1;-70651032335.671
52.2;-70651032926.538
52.3;-70651033673.556
52.4;-70651037995.032
52.5;-70651038182.595
52.6;-70651037193.917
52.7;-70651037634.901
52.8;-70651042135.107
52.9;-70651041661.42
53.0;-70651041040.896
53.1;-70651041020.688
53.2;-70651041073.078
53.3;-70651041223.745
53.4;-70651041247.112
53.5;-70651041447.34
53.6;-70651041529.288
53.7;-70651041660.152
53.8;-70651041728.316
53.9;-70651041783.155
54.0;-70651041967.477
54.1;-70651042973.717
54.2;-70651043247.078
54.3;-70651044207.976
54.4;-70651044453.409
54.5;-70651044216.67
54.6;-70651041728.579
54.7;-70651042860.799
54.8;-70651043533.217
54.9;-70651042541.62
55.0;-70651042266.788
55.1;-70651042326.376
55.2;-70651042453.972
55.3;-70651042510.02
55.4;-70651042650.899
55.5;-70651042838.342
55.6;-70651042942.031
55.7;-70651043032.87
55.8;-70651043100.956
55.9;-70651043131.62
56.0;-70651043851.682
56.1;-70651044533.594
56.2;-70651045110.275
56.3;-70651047391.562
56.4;-70651047829.077
56.5;-70651047414.53
56.6;-70651048902.197
56.7;-70651053767.14
56.8;-70651048069.383
56.9;-70651048658.532
57.0;-70651048629.208
57.1;-70651048698.971
57.2;-70651048828.548
57.3;-70651048838.602
57.4;-70651049031.933
57.5;-70651049110.465
57.6;-70651049244.978
57.7;-70651049313.634
57.8;-70651049361.226
57.9;-70651049495.023
58.0;-70651050520.31
58.1;-70651050828.593
58.2;-70651051806.113
58.3;-70651053852.832
58.4;-70651053796.213
58.5;-70651051368.0
58.6;-70651059480.997
58.7;-70651060010.731
58.8;-70651059134.536
58.9;-70651058988.741
59.0;-70651059028.283
59.1;-70651059143.073
59.2;-70651059213.289
59.3;-70651059330.154
59.4;-70651059490.492
59.5;-70651059594.946
59.6;-70651059663.894
59.7;-70651059677.377
59.8;-70651059734.067
59.9;-70651060669.1
60.0;-70651061298.484
60.1;-70651061671.135
60.2;-70651063908.674
60.3;-70651064582.955
60.4;-70651064305.345
60.5;-70651063420.739
60.6;-70651064692.237
60.7;-70651065526.563
60.8;-70651066058.517
60.9;-70651066080.183
61.0;-70651066165.883
61.1;-70651066296.513
61.2;-70651066297.283
61.3;-70651066530.138
61.4;-70651066643.905
61.5;-70651066767.355
61.6;-70651066840.534
61.7;-70651066885.586
61.8;-70651066938.622
61.9;-70651068168.419
62.0;-70651068473.892
62.1;-70651069592.314
62.2;-70651071776.372
62.3;-70651071876.834
62.4;-70651069878.326
62.5;-70651076443.549
62.6;-70651076887.437
62.7;-70651076089.707
62.8;-70651075930.935
62.9;-70651075955.161
63.0;-70651076068.884
63.1;-70651076144.61
63.2;-70651076244.865
63.3;-70651076403.154
63.4;-70651076505.758
63.5;-70651076587.825
63.6;-70651076604.563
63.7;-70651076641.632
63.8;-70651077475.661
63.9;-70651078340.352
64.0;-70651078627.86
64.1;-70651080722.975
64.2;-70651081576.264
64.3;-70651081257.88
64.4;-70651080585.016
64.5;-70651088074.702
64.6;-70651080093.363
64.7;-70651082513.23
64.8;-70651082490.453
64.9;-70651082554.622
65.0;-70651082691.389
65.1;-70651082806.222
65.2;-70651082748.788
65.3;-70651082578.482
65.4;-70651082343.952
65.5;-70651082303.097
65.6;-70651082338.486
65.7;-70651082475.601
65.8;-70651082960.623
65.9;-70651083419.711
66.0;-70651085803.012
66.1;-70651088769.93
66.2;-70651088920.425
66.3;-70651087580.787
66.4;-70651093781.364
66.5;-70651093790.59
66.6;-70651093772.282
66.7;-70651094138.07
66.8;-70651094142.931
66.9;-70651094290.555
67.0;-70651094347.992
67.1;-70651094417.753
67.2;-70651094593.985
67.3;-70651094699.352
67.4;-70651094790.405
67.5;-70651094803.946
67.6;-70651094831.79
67.7;-70651095504.85
67.8;-70651096463.713
67.9;-70651096807.479
68.0;-70651101502.47
68.1;-70651101866.378
68.2;-70651101448.816
68.3;-70651099762.878
68.4;-70651102912.148
68.5;-70651097867.781
68.6;-70651102326.69
68.7;-70651102282.96
68.8;-70651102882.791
68.9;-70651102380.815
69.0;-70651102295.756
69.1;-70651101719.897
69.2;-70651101378.015
69.3;-70651101197.248
69.4;-70651101159.315
69.5;-70651101241.344
69.6;-70651101440.542
69.7;-70651102042.255
69.8;-70651102551.884
69.9;-70651104101.011
70.0;-70651106917.47
70.1;-70651106997.554
70.2;-70651106311.681
70.3;-70651109589.693
70.4;-70651105545.249
70.5;-70651101536.641
70.6;-70651101410.162
70.7;-70651101405.664
70.8;-70651101482.587
70.9;-70651101605.879
71.0;-70651101654.71
71.1;-70651101887.17
71.2;-70651101985.053
71.3;-70651102094.109
71.4;-70651102104.933
71.5;-70651102129.249
71.6;-70651102523.306
71.7;-70651103441.316
71.8;-70651103684.68
71.9;-70651107783.939
72.0;-70651109507.554
72.1;-70651109104.772
72.2;-70651107580.987
72.3;-70651112897.25
72.4;-70651111579.793
72.5;-70651112003.2
72.6;-70651112225.432
72.7;-70651112261.43
72.8;-70651112424.416
72.9;-70651112516.849
73.0;-70651112558.672
73.1;-70651112752.807
73.2;-70651112846.2
73.3;-70651112911.974
73.4;-70651112981.838
73.5;-70651113099.584
73.6;-70651113198.05
73.7;-70651113402.141
73.8;-70651114093.202
73.9;-70651116658.385
74.0;-70651116852.169
74.1;-70651116219.325
74.2;-70651117370.438
74.3;-70651117857.241
74.4;-70651122000.816
74.5;-70651121502.642
74.6;-70651121498.413
74.7;-70651121604.604
74.8;-70651121736.575
74.9;-70651121906.761
75.0;-70651122048.487
75.1;-70651122184.148
75.2;-70651122271.521
75.3;-70651122316.218
75.4;-70651122342.421
75.5;-70651123021.97
75.6;-70651124197.391
75.7;-70651124371.763
75.8;-70651125312.852
75.9;-70651125620.434
76.0;-70651125293.391
76.1;-70651123367.902
76.2;-70651127247.009
76.3;-70651123025.866
76.4;-70651121709.528
76.5;-70651121449.598
76.6;-70651121472.654
76.7;-70651121446.759
76.8;-70651121433.223
76.9;-70651121432.53
77.0;-70651121459.458
77.1;-70651121620.74
77.2;-70651121670.313
77.3;-70651121687.2
77.4;-70651121761.874
77.5;-70651122813.985
77.6;-70651123202.972
77.7;-70651123778.098
77.8;-70651126010.307
77.9;-70651126482.687
78.0;-70651125972.776
78.1;-70651127487.959
78.2;-70651133264.379
78.3;-70651118746.133
78.4;-70651120579.4
78.5;-70651120596.659
78.6;-70651120859.163
78.7;-70651120456.428
78.8;-70651119912.303
78.9;-70651119565.84
79.0;-70651119249.506
79.1;-70651119117.639
79.2;-70651119108.931
79.3;-70651119271.636
79.4;-70651119480.114
79.5;-70651119997.29
79.6;-70651120329.321
79.7;-70651121839.488
79.8;-70651122363.817
79.9;-70651122048.757
80.0;-70651119966.648
80.1;-70651130264.873
80.2;-70651130476.784
80.3;-70651129476.56
80.4;-70651129358.636
80.5;-70651129415.103
80.6;-70651129550.58
80.7;-70651129598.718
80.8;-70651129744.103
80.9;-70651129923.265
81.0;-70651130023.024
81.1;-70651130112.185
81.2;-70651130183.003
81.3;-70651130221.281
81.4;-70651130870.86
81.5;-70651131289.452
81.6;-70651131780.564
81.7;-70651132640.13
81.8;-70651132651.219
81.9;-70651132194.277
82.0;-70651130533.63
82.1;-70651128175.077
82.2;-70651127299.098
82.3;-70651129821.0
82.4;-70651129676.126
82.5;-70651129654.413
82.6;-70651129627.005
82.7;-70651129591.547
82.8;-70651129568.047
82.9;-70651129518.794
83.0;-70651129469.854
83.1;-70651129460.364
83.2;-70651129500.494
83.3;-70651129756.464
83.4;-70651130280.118
83.5;-70651130390.707
83.6;-70651130535.436
83.7;-70651130916.149
83.8;-70651130622.761
83.9;-70651128425.158
84.0;-70651134187.003
84.1;-70651134419.488
84.2;-70651133441.185
84.3;-70651133291.363
84.4;-70651133351.878
84.5;-70651133473.018
84.6;-70651133578.834
84.7;-70651133695.206
84.8;-70651133805.568
84.9;-70651133948.908
85.0;-70651133999.302
85.1;-70651134030.257
85.2;-70651134061.153
85.3;-70651134776.986
85.4;-70651135401.626
85.5;-70651136040.816
85.6;-70651140698.409
85.7;-70651140832.073
85.8;-70651140306.838
85.9;-70651140791.446
86.0;-70651146502.936
86.1;-70651145899.047
86.2;-70651145138.034
86.3;-70651145096.541
86.4;-70651145150.828
86.5;-70651145312.258
86.6;-70651145431.154
86.7;-70651145493.653
86.8;-70651145673.41
86.9;-70651145752.241
87.0;-70651145798.087
87.1;-70651145822.722
87.2;-70651146078.695
87.3;-70651147084.7
87.4;-70651147476.829
87.5;-70651148442.132
87.6;-70651150409.084
87.7;-70651150418.822
87.8;-70651148055.765
87.9;-70651154930.511
88.0;-70651155601.554
88.1;-70651154745.103
88.2;-70651154597.097
88.3;-70651154631.583
88.4;-70651154746.171
88.5;-70651154818.189
88.6;-70651154939.519
88.7;-70651155106.089
88.8;-70651155209.165
88.9;-70651155283.519
89.0;-70651155294.173
89.1;-70651155347.847
89.2;-70651156277.679
89.3;-70651156893.068
89.4;-70651157252.211
89.5;-70651159442.357
89.6;-70651160205.302
89.7;-70651159743.082
89.8;-70651159816.177
89.9;-70651166971.708
90.0;-70651166228.01
90.1;-70651165329.497
90.2;-70651165291.217
90.3;-70651165341.227
90.4;-70651165505.827
90.5;-70651165506.382
90.6;-70651165710.811
90.7;-70651165794.711
90.8;-70651165926.837
90.9;-70651165956.103
91.0;-70651165975.234
91.1;-70651166208.27
91.2;-70651167422.198
91.3;-70651167823.928
91.4;-70651168695.552
91.5;-70651170908.888
91.6;-70651171008.3
91.7;-70651169254.863
91.8;-70651171411.852
91.9;-70651171150.338
92.0;-70651171035.032
92.1;-70651171599.637
92.2;-70651171605.459
92.3;-70651171753.53
92.4;-70651171846.15
92.5;-70651171963.877
92.6;-70651172178.447
92.7;-70651172280.196
92.8;-70651172378.466
92.9;-70651172442.459
93.0;-70651172476.404
93.1;-70651172900.433
93.2;-70651173805.466
93.3;-70651174274.889
93.4;-70651176862.367
93.5;-70651177888.261
93.6;-70651177646.713
93.7;-70651176637.643
93.8;-70651177014.213
93.9;-70651175671.451
94.0;-70651174687.809
94.1;-70651174629.822
94.2;-70651174681.047
94.3;-70651174833.803
94.4;-70651174953.074
94.5;-70651175023.179
94.6;-70651175181.171
94.7;-70651175282.198
94.8;-70651175324.23
94.9;-70651175351.136
95.0;-70651175474.747
95.1;-70651176713.482
95.2;-70651176953.681
95.3;-70651177880.649
95.4;-70651180258.437
95.5;-70651180427.827
95.6;-70651178916.843
95.7;-70651183448.67
95.8;-70651184188.671
95.9;-70651178684.474
96.0;-70651178009.534
96.1;-70651178027.26
96.2;-70651178117.405
96.3;-70651178252.599
96.4;-70651178376.581
96.5;-70651178460.56
96.6;-70651178621.248
96.7;-70651178684.175
96.8;-70651178727.27
96.9;-70651178752.341
97.0;-70651179346.383
97.1;-70651180147.101
97.2;-70651180409.47
97.3;-70651182200.314
97.4;-70651183374.948
97.5;-70651182962.92
97.6;-70651182049.903
97.7;-70651191599.711
97.8;-70651189862.933
97.9;-70651188844.931
98.0;-70651188790.648
98.1;-70651188837.29
98.2;-70651188989.422
98.3;-70651189007.99
98.4;-70651189190.824
98.5;-70651189306.218
98.6;-70651189426.943
98.7;-70651189470.949
98.8;-70651189515.317
98.9;-70651189670.4
99.0;-70651190244.791
99.1;-70651190607.083
99.2;-70651191868.348
99.3;-70651195401.392
99.4;-70651195598.082
99.5;-70651194282.338
99.6;-70651197727.157
99.7;-70651197173.547
99.8;-70651193820.09
99.9;-70651193772.237
