-1291.5725158;745.6852603
-1316.934482881056;-201.78566274772126
-889.4293114608022;-633.4485112038016
-526.6955300745706;-741.027605230962
-263.016002051275;-731.4775503257481
-67.46218575260264;-677.0310367321721
83.07749845835451;-602.7603590302919
202.6478610049162;-518.0080006275631
299.70094587298945;-426.2028611994143
379.33827283500165;-328.2040782830364
444.50220234076835;-223.52388188000637
496.53022501368787;-110.75168579053162
535.2695628038779;12.387104097213298
558.7496694375118;149.19748599021167
562.1601198323519;304.3639066997128
535.3568147041364;484.3792746885885
456.6978311417565;697.3078849514405
276.96706207175635;947.1261068150801
-118.91584338241674;1192.7208123125758
-884.0443106688977;1133.3530836529305
-1424.5924178344092;267.6570764396521
-1122.855037540468;-465.03075945986797
-706.5327974640843;-706.6112644126201
-393.4678862075463;-744.9990353209571
-165.11111117245966;-709.6094626632405
7.240548366872362;-644.1297894472083
142.01546889199128;-564.2940004300949
250.28690050480182;-476.0294253884211
338.74310683990933;-381.33024338284133
411.37749581042493;-280.34054193886857
470.3448703841183;-172.11747314375714
516.2988061763043;-54.85591298627202
548.3130062554008;74.16624061748486
563.2830612740844;218.84347215075937
554.368858769484;384.6562222098789
507.2182255619018;578.9784317237379
390.3807985496483;809.4993779656206
130.30625463060215;1069.5400069197133
-430.1806288898648;1242.8132957206687
-1251.2612111634453;809.7455181161306
-1340.6941902685955;-151.5971555896414
-918.2291002293922;-617.8563722715378
-548.0093717636302;-738.7242155549925
-278.5482105799528;-734.0061006835579
-79.1966657132059;-681.5485665369222
73.89214737869024;-608.2348137241848
195.2628459816821;-524.0485931210801
293.66352839970466;-432.67850988000725
374.3777021164113;-335.10688430138504
440.4720473551101;-230.9188778540255
493.3855880480751;-118.76212226721223
533.0721941476223;3.5758316340375202
557.7077625332101;139.3203100087678
562.7316231416784;293.04732581699324
538.4986788008108;471.11682112211633
464.4957080613048;681.546130782146
294.29570310613536;929.129351945402
-81.0752620404385;1179.3795074252446
-823.4559226072412;1161.8750197357829
-1420.7523763495788;337.9192117682326
-1153.1838783842422;-434.2995333857085
-731.8481401204687;-698.9298474910499
-411.79316264875547;-745.513453788248
-178.67480742287665;-713.2636943860937
-3.186650584518169;-649.1680944029398
133.7410531522548;-570.0596173368306
243.57356236642164;-482.2791308310658
333.23298157894124;-388.0002096812655
406.86250338620437;-287.4603097665615
466.72701295121493;-179.77968383563743
513.5804653514476;-63.2113917863798
546.6163784119466;64.89794639952109
562.9138555782622;208.3508523297387
555.9717080805319;372.5049161491863
512.1573836568716;564.6116306357997
401.7292200598365;792.5197988802985
155.35857214113884;1051.8534704312244
-378.5733253441167;1241.4552714656165
-1206.3835915792824;870.3165051196534
-1362.310555925903;-98.29706062010857
-947.4534227584965;-600.7443646157776
-569.8022107957368;-735.8864130432432
-294.4011147029931;-736.3275585428894
-91.14195643345668;-685.973459093488
64.56206909804392;-613.6597346460773
187.77282861040604;-530.0556371235397
287.54512208344477;-439.12470408316625
369.3500829794264;-341.978093733359
436.3813686770358;-238.27588507594092
490.18018238125353;-126.72423033127642
530.8057381042847;-5.172089017346931
556.5761031670022;129.52780098871614
563.1700605742125;281.84521608151215
541.4163837703061;458.0076114996878
471.8654721732119;665.9691456210955
310.7094206890588;911.2146427727976
-45.12043883403736;1165.0770564554427
-762.8564343412305;1185.627457030929
-1411.7178299965572;409.1743713574072
-1183.2128893693946;-401.05121242379
-757.6957397905213;-690.3183161961308
-430.52092478426704;-745.6901177455607
-192.50143430225415;-716.7784882772291
-13.789675503412326;-654.1390985730263
125.34291799909707;-575.7853438460038
236.7679847309845;-488.49825008947016
327.64947443619496;-394.6403320363853
402.28442819746914;-294.5459506266518
463.0494711519722;-187.39952273003092
510.7987211060302;-71.51207272062673
544.8430383562279;55.702208914576914
562.4385709364575;197.95584334486873
557.4075120617287;360.48556759667457
516.7980817818267;550.4168595116121
412.47447507132546;775.7137953346962
179.09003434491225;1033.9958218012023
-328.9792323322428;1237.614424772663
-1157.4458668825137;926.8847256176755
-1381.3958816349518;-41.92166945590674
-977.0590158436293;-582.0025999616101
-592.0840607385853;-732.4762824944771
-310.58378857812494;-738.4292854459445
-103.30342138604152;-690.3010745351197
55.084272934069666;-619.0332681102307
180.1761921676117;-536.028346056625
281.34494795016275;-445.54112740894465
364.2551920503675;-348.8176242791712
432.23037309989184;-245.59497307511356
486.91464043429363;-134.6382312494033
528.4713900732074;-13.857090415325604
555.3568673737822;119.81920435047802
563.4795535838971;270.75639454723216
544.1184498857999;445.0502746670734
478.82661054561544;650.5780725352779
326.25494493529675;893.4039021021804
-10.987294024061368;1149.9634889071174
-702.7169319945998;1204.8295199683444
-1397.2704690242513;480.8103016923783
-1212.756439806123;-365.156937709558
-784.0707293435272;-680.7080928756654
-449.66037317028747;-745.5062009194877
-206.59720548410345;-720.145501508466
-24.57202898933512;-659.0393038579374
116.81916252333478;-581.4695247006697
229.86919402121077;-494.6859176772545
321.9921849574171;-401.2501435471935
397.6432780856426;-301.597250017522
459.31262638221267;-194.97700002938484
507.9544133669122;-79.75822660256972
542.9945547182789;46.578407538747285
561.8601019595889;187.6573476909614
558.682015063969;348.5965584317367
521.152822263483;536.3928057691686
422.64628267899707;759.086979979697
201.56681902632448;1016.0231430112545
-281.4464193724971;1231.5736241358943
-1105.0262829225023;979.030434224062
-1397.538896640714;17.43226027646847
-1006.9895492223359;-561.5158475937075
-614.8631852672132;-728.4524486351868
-327.1052556496133;-740.2970798392519
-115.68680989307697;-694.5259496419638
45.455167510255066;-624.3531439049227
172.47059634355782;-541.9658345870783
275.06141823474434;-451.92762278046314
359.09195583042236;-355.6258160919122
428.01841972215647;-252.876916781695
483.58879658893045;-142.50536521075156
526.0696555278388;-22.48097905873946
554.051692180787;110.19198092685018
563.6639153286573;259.7773854981051
546.6134039508642;432.24044212583266
485.3989905241164;635.3697924121664
340.9802405895671;875.7114492090293
21.401249172695405;1134.1686508676132
-643.4287952947249;1219.751082180991
-1377.2844064131502;552.1789765094518
-1241.608586335058;-326.4866186756489
-810.9711245768507;-670.0231524133347
-469.2253617324802;-744.9370571946152
-220.9719740035677;-723.3565500448041
-35.54000764699808;-663.8660715439789
108.16566179087268;-587.1116603364073
222.874391163013;-500.8426159188973
316.259191156952;-407.8306803685867
392.9377911704516;-308.61565265336156
455.51580796990663;-202.51394557980393
505.0475354947731;-87.95213012600739
541.0718564233551;37.52368507363474
561.1810112114193;177.45172976136143
559.8009620545224;336.83330856297425
525.2344955626395;522.534519415869
432.2751605223358;742.6397449892703
222.858087513577;997.9799167416818
-235.98144404076524;1223.5949281006158
-1049.733261709402;1026.4550333306545
-1410.318380780545;79.61753083842117
-1037.1830750970314;-539.1587364294478
-638.1517511812226;-723.7699196447575
-343.97768431099263;-741.9166002221826
-128.2997705683433;-698.6434675283894
35.67014685353648;-629.6181232919798
164.65328246707776;-547.8681570612023
268.6929400274657;-458.28478895067605
353.85957975103895;-362.40351310913826
423.74533585742074;-260.12270639314903
480.20305897544443;-150.326757959751
523.6016255240903;-31.045066352966096
552.662683279827;100.64452951812248
563.727141315913;248.9061802765522
548.9092954127942;419.5758277510238
491.60047239559754;620.3437523712998
354.92780457091635;858.1526024427866
52.11737906730491;1117.8104657395315
-585.3312098433224;1230.6880086736944
-1351.7445781361512;622.5827729512193
-1269.527234540526;-284.9295244471482
-838.3851492179243;-658.1840702397667
-489.22559882233503;-743.9563443189171
-235.63265771203987;-726.4022976000425
-46.69751682696729;-668.615633238398
99.3803207573881;-592.7100266244167
215.78252863735327;-506.9674583103197
310.45008617985013;-414.38144507132796
388.1680030060962;-315.60088088671
451.6594306566029;-210.01025615774554
502.0789346063523;-96.09387519851094
539.0764367875147;28.537681418396623
560.4039546341729;167.33824635612245
560.7694912630045;325.19463294224045
529.0540741853042;508.8409805469546
441.3869325615485;726.376296262236
243.02357143570472;979.9093983146553
-192.58050121551304;1213.9214952406237
-992.2094563287988;1068.9566525447701
-1419.305821585105;144.39714015936792
-1067.5548565019924;-514.8065044540741
-661.9547289528249;-718.3810873356462
-361.2093834514876;-743.2716367390748
-141.14745757283043;-702.6473165958466
25.726235629868672;-634.825358366186
156.72249962994948;-553.7338738101199
262.23845949495325;-464.6118693120178
348.55744954646605;-369.15039030175274
419.410845344603;-267.3323652606067
476.7575077474422;-158.1027959513849
521.0678914189757;-39.5501838464808
551.1913420404921;91.17542906645727
563.6725321207695;238.14058681856454
551.0133847935887;407.0534739990394
497.44790432229274;605.4978569370274
368.1386655127578;840.7385035256029
81.23744887029679;1100.9912652042951
-528.6936097297507;1237.955464338163
-1320.7502624452152;691.321931261554
-1296.242524238009;-240.38752589710842
-866.2993807410217;-645.1043297372977
-509.67319945575844;-742.535566217346
-250.58830321917392;-729.27311411441
-58.050139169962165;-673.2845569835482
90.45967434491583;-598.2635011561446
208.59139235245635;-513.0603192780209
304.5634416055829;-420.9028322511723
383.3330421066185;-322.5536825150857
447.7431020968411;-217.46700288122716
499.04875192996553;-104.18490815949544
537.0092044795349;19.618455399950484
559.5311866346311;157.31428097310192
561.5925502073671;313.67707102081636
532.6225913316683;495.3082678447941
450.0077455837212;710.2966064346441
262.1245377380828;961.8453735013478
-151.21069261371426;1202.773712101803
-933.0804987289816;1106.4518148856862
-1424.0854868034207;211.46971541220293
-1098.010382759528;-488.3248769911329
-686.2808327354155;-712.2335324712869
-378.81236205843186;-744.3452478224542
-154.23762119808876;-706.5317823179895
15.618706442430739;-639.9730185100864
148.67534209360844;-559.5626736343622
255.69619506479026;-470.90921731785545
343.1845373144942;-375.86714180355705
415.0145004781385;-274.506822487078
473.2522419353507;-165.83464031378554
518.4692078231105;-47.99778459489989
549.6393922194204;81.78282024404217
563.5035705246886;227.47818893806803
552.9329052186948;394.67043206953775
502.95743154517413;590.8301004490395
380.6513695765438;823.47900672162
108.836381080655;1083.8019742492684
-473.7298019446285;1241.8746610662922
-1284.5205476397339;757.7077405426958
-1321.4507830367202;-192.78853124276606
-894.6928128854814;-630.6920066126349
-530.5788519444163;-740.6440052894981
-265.84718828926367;-731.9584449384088
-69.60276520598461;-677.8688262913447
81.4009289355723;-603.7704416097839
201.29942368573433;-519.1205263623605
298.59846808965744;-427.3946194547525
378.4326558417829;-329.4740862072413
443.76701857438496;-224.8844024793185
495.95766491498426;-112.22564403162774
534.8715054099551;10.765329551525046
558.5651971698476;147.3787852921038
562.2749403287855;302.2791255079184
535.9501108437928;481.93486723206496
458.1608524205588;694.4030568812102
280.2157010806333;943.8204058536073
-111.83266020667251;1190.3537867003154
-872.959571789956;1138.948920688416
-1424.266771450945;280.4377981854547
-1128.4299389099315;-459.58224760868893
-711.131932425124;-705.2720337115899
-396.79514243124146;-745.118901030384
-167.57558300691758;-710.2898249527229
5.344645004340144;-645.0579701644021
140.5102729658761;-565.3529254252809
249.06540202516672;-477.1758789601426
337.74059313027317;-382.55317517676264
410.5564165009205;-281.645735289668
469.6877242044175;-173.52217418169585
515.8064899721737;-56.388021462322754
548.0085289988092;72.46618078594858
563.2234791886445;216.91796835862777
554.6743741152576;382.42519671993244
508.1435616180408;576.3397613909183
392.5008857529635;806.3837311120631
134.9855600984153;1066.3238040490223
-420.6047053774364;1242.7644000859439
-1243.39165392798;821.0878988139664
-1344.8150126508474;-142.0955675438346
-923.5354550689141;-614.8501718858446
-551.9516167891525;-738.2486840242433
-281.4169553975683;-734.4468019613212
-81.35990983142334;-682.3638872503337
72.20150874632951;-609.2288189426282
193.90515574705802;-525.1471098964184
292.5543627583991;-433.85636438447324
373.46648940970323;-336.3619813739127
439.7312000280206;-232.26262421628022
492.8061127025293;-120.2165581550569
532.6643961826512;1.9774348808773183
557.5081501150074;137.53035425267964
562.8210755841247;290.9987136696289
539.046176922504;468.71830038867796
465.868576480725;678.6960904823782
297.35042676786844;925.8610191819593
-74.39162902791384;1176.8430278128844
-812.4126733641865;1166.5485388662703
-1419.5046490494083;350.82929413894556
-1158.6760467498505;-428.4434419954884
-736.51037788387;-697.436508395107
-415.1682716705918;-745.5728493304928
-181.16830041397407;-713.9144097981123
-5.100117239493365;-650.0775073433757
132.22476450563298;-571.1036093524335
242.34452013471133;-483.41159852186826
332.2246754776349;-389.2086626851237
406.036112119812;-288.74959110400596
466.0639110835698;-181.1662011109121
513.080241238164;-64.72208076814019
546.3001022058345;63.22381185524439
562.8351965350532;206.45753375952714
556.2441304302469;370.3146121327795
513.0206429500031;562.0239388903657
403.72175322005035;789.4583754500786
159.75845152580075;1048.6256862471303
-369.4286113408627;1240.9349664038828
-1197.797020559964;880.8848405536739
-1365.9719706278074;-88.30489618698682
-952.7929133860077;-597.4739670344956
-573.802844231096;-735.313903917557
-297.3073838680132;-736.726290559304
-93.32768051367432;-686.7655070313401
62.85762778340133;-614.6371770884975
186.40616146923236;-531.1397791236044
286.4295326006741;-440.2883646869922
368.4335215466562;-343.2180509504032
435.63509715030256;-239.60269122371693
489.5940494312703;-128.1590563460532
530.3885280989119;-6.7471288105999605
556.3618842612511;127.76641529289483
563.2351262381609;279.83239282765254
541.9201026544362;455.65440129686306
473.1528221004557;663.1736759889943
313.5812709198248;907.987616306096
-38.819997610501915;1162.4020495957272
-751.9443683607294;1189.4271312153867
-1409.5156133338126;422.1056191828725
-1188.5917465034095;-394.76986375806473
-762.4194420160927;-688.660979924383
-433.9448705255799;-745.6858054175235
-195.02470803685233;-717.3984375609308
-15.72117066391196;-655.029355570211
123.8152552973871;-576.8143240679319
235.53123414508738;-489.6168100429268
326.635297644667;-395.8344914752372
401.45272736496156;-295.8195980865864
462.3805110506896;-188.76823245209923
510.29082203273055;-73.00183696023957
544.5154253924112;54.05335225972117
562.3416894756417;196.09386281637973
557.6484737405316;358.33489916124836
517.6026346338518;547.8789572147041
414.3470636946375;772.7066669750006
183.2271076359722;1030.7670658254026
-320.2697369676516;1236.6818075893343
-1148.2516036462182;936.6081253878176
-1384.5322516600456;-31.457953869087472
-982.4224170399372;-578.450999439539
-596.1442748275515;-731.8007433013862
-313.52906264973154;-738.7840998374628
-105.51265486653894;-691.0692565634153
53.36533355408911;-619.9940809258986
178.80007782154942;-537.098299679219
280.22262623998796;-446.69092630483885
363.33311090569634;-350.04288230419746
431.47864393760517;-246.90537965696112
486.3219768825675;-136.05409544699273
528.0451124153686;-15.409549511217156
555.1287020331425;118.08545040652027
563.5214610928691;268.77821740800397
544.5807877054691;442.7410445403316
480.03348373821495;647.8360999568113
328.9553458234578;890.2208112530639
-5.051470164177297;1147.1769860383763
-692.0106325849744;1207.813312194614
-1394.0981843974507;493.64777312775976
-1217.9879613560884;-358.4335150061367
-788.8541802017761;-678.8760699499192
-453.13444101278526;-745.4347225985961
-209.15125407249377;-720.7335419352014
-26.522181217134953;-659.9100523410302
115.27973308522817;-582.4834577282836
228.62449738362918;-495.7907044972505
320.97201856373886;-402.43025622277446
396.80625770768245;-302.85560323539573
458.6379139394937;-196.3283301394887
507.4390913457384;-81.22759377839326
542.6560682284689;44.95417477727442
561.7458533226833;185.82588340201616
558.8931052167753;346.48449763261294
521.9018694978488;533.9035775494118
424.4060360095225;756.1341353133254
205.456766034053;1012.8026166650482
-273.17068025512583;1230.2832883686526
-1095.341215302149;987.857878887071
-1400.0827542782085;28.337201453286983
-1012.3653155219456;-557.6658782339234
-618.9835335645172;-727.6677256054286
-330.0905137080131;-740.6060837657657
-117.92007519274;-695.2696970108761
43.721544218720425;-625.2972019202609
171.08506038532045;-543.0216313767648
273.93252971282686;-453.0636492679424
358.1646235554715;-356.8364778449943
427.2615914022804;-254.1710269404837
482.99005535068926;-143.9023683953534
525.6348850744776;-24.010964528120617
553.8103566047747;108.48572590573437
563.6838314290217;257.8336732391567
547.0363656562521;429.97498770811006
486.52945016877857;632.6814967951906
343.51847784977946;872.5757812402042
26.988307343238088;1131.2953886684197
-632.9942786967003;1221.9806967425393
-1373.1466899669215;564.7971026543746
-1246.6522107452176;-319.30944330660407
-815.8099672821802;-668.005999716267
-472.7493208888299;-744.7949341619519
-223.5566606357956;-723.9113887049259
-37.508533868583555;-664.7167016633603
106.61482585123495;-588.1101760163937
221.62213559100624;-501.9333482612154
315.23342620430367;-408.9965015362141
392.0958418102653;-309.8584906865251
454.83574580066056;-203.8477039662369
504.5252349182939;-89.40095079104609
540.7230429714937;35.92415932057856
561.0501448193887;175.65076279885557
559.9834514683041;334.7597096195982
525.9305724581292;520.0937903003668
433.92786347408213;739.741987246538
226.51421324900966;994.7764350048075
-228.1362560090691;1221.997083933397
-1039.6806270527486;1034.3536437782013
-1412.2020182838644;90.91751060222427
-1042.5556657500379;-534.9942494909195
-642.331194840212;-722.8697216994121
-347.0030349241124;-742.1776010253906
-130.55710974550945;-699.3618428020485
33.92185629427515;-630.5449311091919
163.25834101459023;-548.9095065267047
267.55747486436275;-459.4068823240034
352.9269612402511;-363.59954034949453
422.9833637979017;-261.4006126351066
479.59822211658354;-151.70515314570457
523.158437779736;-32.55303571179111
552.4084721776294;98.96504879348339
563.7258263681424;246.99585947759581
549.2946652492947;417.352657582658
492.6587336266711;617.7074813094391
357.3140966717484;855.0650854708192
57.37550840971349;1114.8700814596316
-575.2140794818632;1232.230038770691
-1346.6642025879669;634.8642415896999
-1274.3416815452163;-277.2854184871158
-843.277503255391;-655.9695322879751
-492.8014276628013;-743.7398644923773
-238.249477607318;-726.9229511580259
-48.685374917947996;-669.4460329623838
97.81745129082718;-593.6933301113047
214.5222863468845;-508.04448106607197
309.41842582414006;-415.53340829348025
387.32092878929114;-316.8287153164996
450.9739209744132;-211.3270457259937
501.5496818156725;-97.52287486280092
538.7175172661382;26.96196527015323
560.2570525270608;165.56663955843462
560.9246572456067;323.1580401982976
529.6999872342786;506.44700173893534
442.93908275345683;723.5324461274228
246.46086167665396;976.7285530941167
-185.15370645372977;1212.0607645526618
-981.9041861948851;1075.9192796330274
-1420.465269917151;156.0407413024746
-1072.9097597932246;-510.3084002721829
-666.1945564408499;-717.3581849320369
-364.276634374238;-743.482580523096
-143.43002049197415;-703.3398723566758
23.962612694623076;-635.7350007101131
155.31779423288054;-554.7610531273542
261.09626090650875;-465.72037445353163
347.6195328553115;-370.3321515079476
418.64383892868767;-268.5944519385822
476.1468073487313;-159.46299028125074
520.6166703373013;-41.03658489389392
550.9248592992977;89.52220531942753
563.6509794855294;236.26303149757848
551.3630078319978;404.8718629257257
498.4377873698469;602.9130898744783
370.38171473860666;837.7010589196452
86.18345769088938;1098.0023694684471
-518.9333618001734;1238.87595987946
-1314.7727787481608;703.1460284028678
-1300.779046448916;-232.27111174228702
-871.2398410751721;-642.6802733767872
-513.3010354726229;-742.2406122819438
-253.23753615884345;-729.7580830365712
-60.057406615380685;-674.0940622527962
88.88482089781621;-599.2312370040362
207.32328129743001;-514.1234167630903
303.5260471257575;-422.0407996199903
382.4810447839229;-323.76643446812045
447.0523993724465;-218.76679992370774
498.5128832796062;-105.59412465040221
536.6406560445572;18.066433386714085
559.3689841168815;155.57181578478088
561.7216580593501;311.6771437429394
533.2207941075674;492.9606627038347
451.46471289570036;707.5070630618018
265.35524393728554;958.6937425950645
-144.19205640170134;1200.6914242691305
-922.6386041724106;1112.4852556703074
-1424.4608112744859;223.38505356519445
-1103.326879318552;-483.4766355588465
-690.5794524646045;-711.0806395499302
-381.92161868340116;-744.5035986468617
-156.54548096006715;-707.1974494499494
13.839754097159917;-640.8649398077703
147.2608967147113;-560.5753536385824
254.54728538500908;-472.0039548726818
342.24134349747465;-377.0345810965103
414.2424943310255;-275.75315707033394
472.6357530952642;-167.1768355548009
518.0101197502996;-49.46298241837835
549.3610079793095;80.15527664144203
563.4625758204522;225.63254829786473
553.2484445772957;392.5291958672893
503.8826278377869;588.295501562287
382.75990254330463;820.4920381018505
113.4884413873398;1080.7794521946817
-464.35117808123255;1242.2388035695706
-1277.7083171707407;768.9670715606673
-1325.6583385686142;-184.19599016183585
-899.6772104371637;-628.0446139874653
-534.2604025942767;-740.2661717932568
-268.53030281990016;-732.4064791379575
-71.63041041965445;-678.657205448808
79.81344379033874;-604.72275854189
200.02299094396972;-520.1700239801128
297.55501525541564;-428.5190281945949
377.5755106869355;-330.6722891960781
443.0709960004701;-226.16784901513614
495.41517670104685;-113.61585714003502
534.4935104995725;9.236036451180432
558.3882027570165;145.66424118544006
562.379136317211;300.31430122764056
536.5031310761683;479.6317094760235
459.5284375487611;691.6661009669725
283.25343417937444;940.7012121095723
-105.20474793045243;1188.0851155648606
-862.4803309901066;1144.0807634384576
-1423.8063363132487;292.54955903907575
-1133.68846130649;-454.36375924863444
-715.4907039322385;-703.9805687435918
-399.9487647915105;-745.2222150165757
-169.910381203148;-710.9280999467551
3.549278340985474;-645.9323315085189
139.0853585296143;-566.3515318488005
247.90928719450193;-478.25739625806256
336.7917995738591;-383.70691739329806
409.7792317810506;-282.87701178994337
469.06541453834257;-174.84714883140705
515.3396824267627;-57.83290757822939
547.7186449083719;70.8632678228
563.1638792790229;215.10297097431493
554.9575514517579;380.32279329760433
509.00775760538977;573.8536800133598
394.4833560092017;803.4471469044852
139.36148602378884;1063.2803130848527
-411.623056926795;1242.634719250779
-1235.823823295432;831.6872392667527
-1348.6383073133095;-133.0289541643944
-928.558487125889;-611.9646584501972
-555.6885773011167;-737.7831261025428
-284.1354865109581;-734.8564801803348
-83.40894541915131;-683.130822938393
70.60072589381187;-610.1658084926746
192.61995253690625;-526.1832827806802
291.5045510080483;-434.9675961665578
372.60401345075223;-337.54610167375785
439.0297872342862;-233.53027292274726
492.2570670503578;-121.58842532155745
532.2772061732749;0.4700747218682686
557.3169279877025;135.84274634789577
562.9015064819117;289.0677584257762
539.5563934897676;466.45811105459796
467.1520627777966;676.0105528282535
300.20739042763705;922.7774935455454
-68.1374527132598;1174.4195789217924
-801.9871730104977;1170.8175049732583
-1418.1667254699016;363.04751795335204
-1163.8522802954958;-422.83597183848786
-740.9292601764167;-695.9974571623932
-418.36790260098456;-745.6183893706109
-183.5311744232528;-714.5245278818364
-6.9125966770742195;-650.9342054022986
130.78895731201837;-572.0882943717074
241.1809538995809;-484.480167908557
331.2701644203125;-390.34905255863225
405.2537404992918;-289.96621553092587
465.43588231971387;-182.4744252266978
512.6059541850444;-66.14720904355843
545.9991735223203;61.64485764656716
562.7578333235821;204.67234255608557
556.4965349168875;368.249998386528
513.8271196357335;559.5852645939236
405.5856221471003;786.5724329513188
163.87433456074834;1045.5725655346514
-360.85340339866525;1240.3702556939209
-1189.5678023849273;890.7421852923349
-1369.3512240096968;-78.77518512272358
-957.8469831929236;-594.3352031763682
-577.5961095652387;-734.7555036516324
-300.06230625735805;-737.0960447417145
-95.3986211874033;-687.510537723548
61.24335031762232;-615.5587519030078
185.1121901976644;-532.1626730722012
285.37349761550706;-441.38651037585043
367.5659509590456;-344.38818988409577
434.92861935257275;-240.8546414753875
489.0388678525703;-129.51267453771462
529.9926939642506;-8.23265924848602
556.1571928083342;126.10561738328452
563.2929566454451;277.9351418650738
542.3895824498403;453.43702911984445
474.3564600886796;660.5399028451593
316.26721658068914;904.9442074632165
-32.92569188918259;1159.853197357699
-741.6584053080917;1192.879394696421
-1407.2730139640264;434.3222942578434
-1193.6543573978397;-388.7592920344746
-766.895035773471;-687.0656975896098
-437.1900387023872;-745.6706293325602
-197.41525913608817;-717.9791825009222
-17.55028765737358;-655.8677138708139
122.36905862183896;-577.7845931579536
234.36071490043;-490.6720071225605
325.6755505070102;-396.96113058061684
400.6656344065422;-297.0211811907284
461.7472294873146;-190.0593285697173
509.80955203639786;-74.40684835922296
544.2040324702111;52.49868267300559
562.2473454647201;194.33874971524406
557.8713986751604;356.30829306951716
518.3539674747987;545.4880364362317
416.0982159744229;769.8731263591661
187.09593504462418;1027.7158701449227
-312.10891870103023;1235.7374422767118
-1139.4709289353502;945.653943736935
-1387.4033538050783;-21.491120172990794
-987.4953367998344;-575.0452059918977
-599.9924784789604;-731.1443251107883
-316.3199865533848;-739.111968637422
-107.60518707909284;-691.7914097953947
51.73782193470076;-620.899630029207
177.4975237896277;-538.1074850566624
279.1604768147479;-447.7756868291038
362.46049235290894;-351.1988667960207
430.76711196447064;-248.14159883634235
485.76067641645994;-137.38960176762959
527.6407261248137;-16.873601865062174
554.9108483590805;116.450831721691
563.5574727571584;266.9136765638469
545.0113667079146;440.5650692744797
481.16169806870266;645.2526005208321
331.48106697857594;887.2190157579554
0.5018515841187767;1144.5265958220484
-681.9291190361611;1210.5054797291086
-1390.9386881045332;505.75740080005613
-1222.905982756874;-352.0026224457709
-793.3862162212137;-677.1141587729962
-456.4273131520568;-745.3557600240401
-211.5710937027468;-721.2841689770884
-28.369037555216835;-660.7300860508885
113.82234925533899;-583.4396295224475
227.446408437994;-496.83299373897194
320.00653828024394;-403.5437182364156
396.0140443304644;-304.04283590429145
457.99908465174536;-197.60313199255228
506.9506868184506;-82.61350998258663
542.3342945879579;43.42251633185839
561.6350312672179;184.09923597100865
559.0878801507187;344.49384834759877
522.6011882363432;531.5579371722195
426.0518913650213;753.3511179250015
209.09546079149771;1009.7596827903961
-265.4167636708671;1229.0092940729244
-1086.1147066678088;996.053623484351
-1402.3842289244362;38.71677058278841
-1017.4490041987773;-553.9749437474791
-622.8893669221326;-726.907189763781
-332.91987583614326;-740.8905225244932
-120.03577873145069;-695.9688469458883
42.079803753414524;-626.1870727034907
169.77330484147075;-544.0176208365463
272.86390224356563;-454.1355962601955
357.2867827285901;-357.9788998999561
426.54498985830384;-255.39212023219804
482.42277670929604;-145.22038937564983
525.2222737972792;-25.454206152407895
553.5799227456912;106.87654716143722
563.6990622545688;256.00099575667946
547.4300306079919;427.83946891739504
487.58641950014606;630.147635094544
345.89345172637263;869.6179893800999
32.21717027439077;1128.565689018488
-623.1748598023247;1223.9723486983232
-1369.0772089517857;576.6836453683734
-1251.3877471530482;-312.44621888497716
-820.3951389259915;-666.0670213302963
-476.0903377606827;-744.6487144733459
-226.00616937151221;-724.4306325864903
-39.37327818349569;-665.5178682205648
105.14625173866416;-589.0519787192927
220.43656071129604;-502.96258680175845
314.2623583446616;-410.09672221455884
391.29870864659216;-311.03136033313035
454.19163297561795;-205.1062449550025
504.030049455671;-90.76785601852743
540.3913874075528;34.415361196572995
560.9236108330355;173.9523375873426
560.1513916026956;332.8046650737183
526.5804414318618;517.7930840567209
435.4740905855776;737.0101384984547
229.93548846923107;991.7498540622014
-220.78527882111473;1220.4400156515535
-1030.123786218637;1041.6716584995888
-1413.8698308493988;101.66505615572281
-1047.635374235976;-531.0024618597052
-646.2939364627787;-721.9988910485163
-349.8711664535843;-742.4164881894046
-132.69619612349211;-700.0371332107748
32.26578120603446;-631.4187278639617
161.93732151855187;-549.8921239477938
266.48232088773585;-460.46597849018116
352.0438583986909;-364.7284836187668
422.26167176330785;-262.60678846783446
479.02498984979405;-153.00604169013204
522.7377232065816;-33.976002433778234
552.1657954660171;97.38053181746744
563.7210528487474;245.19394382375233
549.6531508663014;415.2561134511649
493.6484341078911;615.221603827381
359.54786640445644;852.151758464507
62.29862062395716;1112.0787776370992
-565.6970744001434;1233.583510165413
-1341.7078753873152;646.4184785907973
-1278.8553857410493;-269.9762907692113
-847.9147602066097;-653.8411160032288
-496.1932004397404;-743.5226567293249
-240.73066501030144;-727.4099228884454
-50.569378036054474;-670.2283931374926
96.33672950961108;-594.6211935930762
213.32853544567087;-509.06127520113466
308.44126712341887;-416.62110124769873
386.5185230740904;-317.988036112603
450.32431381369236;-212.57025114889348
501.0476681657162;-98.87183650324603
538.3761630804546;25.474766814697535
560.1153739804214;163.8949091673013
561.0670462646219;321.23671646769
530.3032126212238;504.1889773335226
444.3920993824042;720.8498708751084
249.67949081743248;973.7225168541469
-178.19194117090208;1210.2611401931654
-972.1214599320647;1082.357243814363
-1421.439452647822;167.10959940659188
-1077.973032498844;-505.9957124807275
-670.2169366270798;-716.3694797802814
-367.18649582867266;-743.6738099420494
-145.5946029012098;-703.9909927903698
22.290715301891595;-636.5930706785139
153.98643978535284;-555.7309272968074
260.01380357933715;-466.7674046246397
346.730620863229;-371.4485064141527
417.9167136351944;-269.7866975451354
475.5674867037968;-160.74784017170387
520.1879653658598;-42.44050179668103
550.6703872089064;87.96095288763864
563.6271948433082;234.4902539510298
551.688313282394;402.8123982894842
499.36441551725284;600.4732606687721
372.48368843065;834.8322704184765
90.81930216335778;1095.1649062683646
-509.74886375098;1239.6534867079554
-1308.9712783997952;714.2615310680707
-1305.0265281971583;-224.5063373200882
-875.9269754127796;-640.3490575641993
-516.7460120417071;-741.9481504636203
-255.75240542364804;-730.2115810538508
-61.962080329096906;-674.85746229332
87.39093628360571;-600.1454338916823
206.12060430584523;-515.1282565049287
302.5422429133705;-423.1165999201222
381.6729741245734;-324.9129580443384
446.3970647980913;-219.9955428091705
498.00399186376285;-106.9261573222466
536.2897988120491;16.599641411257174
559.2127369366455;153.92535197580006
561.8397616491787;309.7878106080274
533.780061246796;490.7432979982962
452.83046547176036;704.8720668305683
268.38479862333304;955.7119217944427
-137.6046863016553;1198.6856077228795
-912.730139063653;1118.0557353225454
-1424.685161203768;234.71460098256483
-1108.3575852161255;-478.8235586057283
-694.6629995189664;-709.9663423247932
-384.87533772917305;-744.6450226188432
-158.73693597584034;-707.8239762976191
12.15120842468221;-641.7074229941962
145.91872610185973;-561.5328230077643
253.4572669870778;-473.0393254908849
341.3465212201064;-378.13877806879464
413.5099576735332;-276.9319160993623
472.05048187773883;-168.44611171123535
517.5736982243141;-50.8483552255345
549.0952152934368;78.61671059985358
563.4206026676759;223.88821472814737
553.542131766921;390.50598126579547
504.7494522494573;585.9009547130805
384.73762786078686;817.6688533464383
117.85244279408361;1077.9102380829295
-455.5242496030166;1242.5004942965754
-1271.1240194487539;779.5397399787203
-1329.588818578767;-175.97476793280669
-904.4085044124498;-625.4980080323134
-537.7589093703406;-739.8943207730014
-271.0791992717353;-732.8251355634998
-73.55578724317078;-679.4011023271455
78.30655227048261;-605.6230028794351
198.8116402675774;-521.1626988430895
296.56486677866565;-429.58273795472405
376.76210573858344;-331.80581379729165
442.4102900477561;-227.3819178089887
494.8998017634317;-114.93074485104026
534.13362113371;7.789858909249407
558.218022175946;144.04322558697544
562.4739565330561;298.45710196309335
537.0203232643744;477.45518324177385
460.8110916904071;689.0795878013278
286.1036127597917;937.7494507258189
-98.98195950249404;1185.9073726691856
-852.5478790054062;1148.8051777240644
-1423.231880455699;304.05592315904454
-1138.6625942458375;-449.3552880784076
-719.6327920461329;-702.7332933889928
-402.945836128473;-745.3112139476204
-172.12828341162242;-711.5288492329956
1.8445285787336694;-646.7585074355271
137.73279719014334;-567.2960541990116
246.8120958202346;-479.2806492115077
335.89141840321946;-384.7985572971287
409.04160884019296;-284.04193391617093
468.4745134661806;-176.10055454324242
514.8958978308253;-59.19950655958124
547.4419889596755;69.3475274984066
563.1044313010968;213.38709979557512
555.2209298801533;378.3357161954632
509.8175557579793;571.5043680690761
396.3433618735945;800.6711174975794
143.46754810964484;1060.3925554008836
-403.17218057848504;1242.4384711608116
-1228.5368450700466;841.6229277408028
-1352.1964245549195;-124.35833427938863
-933.326230472997;-609.1897175878281
-559.2404008268306;-737.327375482144
-286.7185630638534;-735.2386856948771
-85.35501309999782;-683.8545090688433
69.08094408211981;-611.0517115539008
191.4000893782298;-527.1635413364589
290.5082370045843;-436.019040488594
371.785464390929;-338.66650973184363
438.36392078244194;-234.72960808022953
491.7354642330482;-122.88617745620539
531.9086351275968;-0.9555890250875243
557.1333658096395;134.24695351184
562.974018720514;287.24230410033465
540.0334538590876;464.32189387624487
468.35594562443424;673.4723515726072
302.88840143658734;919.8597513087118
-62.26546351135723;1172.0997671997895
-792.1184575994216;1174.7321908005883
-1416.7558248189193;374.6400574743174
-1168.7445936246493;-417.4559068058677
-745.1285023399346;-694.6088260479816
-421.40904381351316;-745.6521921992211
-185.77607266956022;-715.0984905610898
-8.633888402571564;-651.7436720969944
129.42578743851107;-573.0197243531917
240.0764380867019;-485.4913015420154
330.3641172138472;-391.42823663657487
404.5109694342206;-291.11750210036547
464.8393537652309;-183.7122739324142
512.1549155962541;-67.49548510881205
545.711955335473;60.151315490763466
562.681563822356;202.98407504448252
556.7309988923975;366.2979233781337
514.582955968607;557.2799032993358
407.3350367749415;783.8434472544405
167.73800107781702;1042.676347431946
-352.7854335042224;1239.7709115499563
-1181.6678823920638;899.967114749216
-1372.4802332044856;-69.66542998776534
-962.6444953431782;-591.3168978642991
-581.2027710962969;-734.2107216959466
-302.6811268280926;-737.4402245878744
-97.36649267331482;-688.2136024773038
59.709869082719436;-616.4303542730861
183.88319128435907;-533.1307810103175
284.37051984299126;-442.4261085910781
366.7418598777391;-345.4960337348361
434.2572965806835;-242.0399379266154
488.5108697317773;-130.79415479718193
529.6154631053414;-9.63888571893549
555.960581262008;124.53369190364012
563.3440863483138;276.13971496273155
542.82865941496;451.33899535133804
475.4865295708313;658.0478765778497
318.79067427919887;902.0615964761166
-27.38546637969025;1157.4159118235855
-731.9220656608528;1196.0326950098745
-1404.9996756089606;445.91016714037283
-1198.4398404832693;-382.98806799840565
-771.152842800773;-685.525720919069
-440.2782139247142;-745.6464021957406
-199.68928753109645;-718.5258249860534
-19.289581231120994;-656.6607176576504
120.99425152074993;-578.7034873249434
233.24813093012168;-491.67172360800805
324.7633006122704;-398.02866007300423
399.91734842613204;-298.1597237386383
461.14486732840254;-191.28261304307026
509.3512367295359;-75.73792636915864
543.9064812941699;51.02603199731554
562.1549142458696;192.67652675509868
558.0783954315212;354.3893278621554
519.0589871725462;543.2244396559754
417.74426713828905;767.1897943473175
190.733280337221;1024.8185313854513
-304.42197543598036;1234.7852850577417
-1131.0532724582804;954.114504548447
-1390.0450391916947;-11.957205767621334
-992.3161908188499;-571.7666666767353
-603.6565542739846;-730.5049597477063
