-0.0011804775904431524;-1.4242339669012756
1045.7260135069685;-1112.6389652119435
1.0058579009814e-311;1.005857901029e-311
1.0058579015506e-311;1.005857901598e-311
1.0058579021197e-311;1.005857902167e-311
1.0058579027205e-311;1.005857902768e-311
1.0058579032897e-311;1.005857903337e-311
1.005857903859e-311;1.0058579039063e-311
1.0058579044596e-311;1.005857904507e-311
1.005857905029e-311;1.005857905076e-311
1.005857905598e-311;1.0058579056454e-311
1.005857906167e-311;1.0058579062146e-311
1.005857906768e-311;1.0058579068153e-311
1.005857907337e-311;1.0058579073845e-311
1.005857907906e-311;1.0058579079537e-311
1.005857908507e-311;1.0058579085545e-311
1.005857909076e-311;1.0058579091236e-311
1.0058579096453e-311;1.005857909693e-311
1.0058579102145e-311;1.005857910262e-311
1.0058579108153e-311;1.0058579108627e-311
1.0058579113845e-311;1.005857911432e-311
1.0058579119536e-311;1.005857912001e-311
1.0058579125544e-311;1.005857912602e-311
1.0058579131236e-311;1.005857913171e-311
1.0058579136927e-311;1.00585791374e-311
1.005857914262e-311;1.0058579143093e-311
1.0058579148627e-311;1.00585791491e-311
1.005857915432e-311;1.0058579154793e-311
1.005857916001e-311;1.0058579160484e-311
1.005857916602e-311;1.005857916649e-311
1.005857917171e-311;1.0058579172184e-311
1.00585791774e-311;1.0058579177876e-311
1.0058579183093e-311;1.0058579183567e-311
1.00585791891e-311;1.0058579189575e-311
1.005857919479e-311;1.0058579195267e-311
1.0058579200484e-311;1.005857920096e-311
1.005857920649e-311;1.0058579206966e-311
1.0058579212183e-311;1.005857921266e-311
1.0058579217875e-311;1.005857921835e-311
1.0058579223567e-311;1.005857922404e-311
1.0058579229575e-311;1.005857923005e-311
1.0058579235266e-311;1.005857923574e-311
1.005857924096e-311;1.005857924143e-311
1.0058579246966e-311;1.005857924744e-311
1.0058579252657e-311;1.005857925313e-311
1.005857925835e-311;1.0058579258823e-311
1.005857926404e-311;1.0058579264515e-311
1.005857927005e-311;1.0058579270523e-311
1.005857927574e-311;1.0058579276214e-311
1.005857928143e-311;1.0058579281906e-311
1.005857928744e-311;1.0058579287914e-311
1.005857929313e-311;1.0058579293605e-311
1.0058579298823e-311;1.0058579299297e-311
1.0058579304514e-311;1.005857930499e-311
1.005857931052e-311;1.0058579310997e-311
1.0058579316214e-311;1.005857931669e-311
1.0058579321906e-311;1.005857932238e-311
1.0058579327913e-311;1.005857932839e-311
1.0058579333605e-311;1.005857933408e-311
1.0058579339297e-311;1.005857933977e-311
1.005857934499e-311;1.0058579345463e-311
1.0058579350996e-311;1.005857935147e-311
1.005857935669e-311;1.005857935716e-311
1.005857936238e-311;1.0058579362854e-311
1.0058579368387e-311;1.005857936886e-311
1.005857937408e-311;1.0058579374553e-311
1.005857937977e-311;1.0058579380245e-311
1.005857938546e-311;1.0058579385936e-311
1.005857939147e-311;1.0058579391944e-311
1.005857939716e-311;1.0058579397636e-311
1.0058579402853e-311;1.005857940333e-311
1.005857940886e-311;1.0058579409335e-311
1.0058579414553e-311;1.0058579415027e-311
1.0058579420244e-311;1.005857942072e-311
1.0058579425936e-311;1.005857942641e-311
1.0058579431944e-311;1.005857943242e-311
1.0058579437635e-311;1.005857943811e-311
1.0058579443327e-311;1.00585794438e-311
1.0058579449335e-311;1.005857944981e-311
1.0058579455027e-311;1.00585794555e-311
1.005857946072e-311;1.0058579461193e-311
1.005857946641e-311;1.0058579466884e-311
1.005857947242e-311;1.005857947289e-311
1.005857947811e-311;1.0058579478584e-311
2.9662048716871556e-260;1.3035606896452744e-76
2.3510553499192656e-76;1.3038959651819322e-76
8.91665849076975e-67;2.9662048716871556e-260
1.3035607102355833e-76;2.3510553602143808e-76
4.4380759962096695e-38;3.829675660745679e-57
1.005858061185e-311;1.0058580612326e-311
1.005858061707e-311;1.0058580617543e-311
1.0058580623077e-311;1.005858062355e-311
1.005858062877e-311;1.0058580629243e-311
1.005858063446e-311;1.0058580634934e-311
1.005858064015e-311;1.0058580640626e-311
1.005858064616e-311;1.0058580646634e-311
1.005858065185e-311;1.0058580652326e-311
1.0058580657543e-311;1.0058580658017e-311
1.005858066355e-311;1.0058580664025e-311
1.005858066924e-311;1.0058580669717e-311
